49 177555 0.247524752475248
49 17756 0.207920792079208
49 1776 0.173267326732673
49 200 0.118811881188119
49 199 0.133663366336634
49 198 0.108910891089109
49 197 0.123762376237624
49 196 0.108910891089109
49 195 0.118811881188119
49 194 0.123762376237624
49 193 0.118811881188119
49 192 0.113861386138614
49 191 0.108910891089109
49 190 0.113861386138614
49 189 0.118811881188119
49 188 0.118811881188119
49 187 0.118811881188119
49 186 0.123762376237624
49 185 0.113861386138614
49 184 0.113861386138614
49 183 0.123762376237624
49 182 0.123762376237624
49 181 0.118811881188119
49 180 0.113861386138614
49 179 0.103960396039604
49 178 0.108910891089109
49 177 0.118811881188119
49 176 0.108910891089109
49 175 0.113861386138614
49 174 0.108910891089109
49 173 0.113861386138614
49 172 0.118811881188119
49 171 0.108910891089109
49 170 0.113861386138614
49 169 0.108910891089109
49 168 0.108910891089109
49 167 0.113861386138614
49 166 0.108910891089109
49 165 0.0940594059405941
49 164 0.113861386138614
49 163 0.108910891089109
49 162 0.108910891089109
49 161 0.108910891089109
49 160 0.118811881188119
49 159 0.113861386138614
49 158 0.108910891089109
49 157 0.113861386138614
49 156 0.118811881188119
49 155 0.103960396039604
49 154 0.118811881188119
49 153 0.099009900990099
49 152 0.103960396039604
49 151 0.108910891089109
49 150 0.103960396039604
49 149 0.103960396039604
49 148 0.099009900990099
49 147 0.113861386138614
49 146 0.099009900990099
49 145 0.103960396039604
49 144 0.108910891089109
49 143 0.118811881188119
49 142 0.108910891089109
49 141 0.108910891089109
49 140 0.113861386138614
49 139 0.108910891089109
49 138 0.108910891089109
49 137 0.113861386138614
49 136 0.118811881188119
49 135 0.103960396039604
49 134 0.103960396039604
49 133 0.103960396039604
49 132 0.118811881188119
49 131 0.099009900990099
49 130 0.108910891089109
49 129 0.108910891089109
49 128 0.113861386138614
49 127 0.113861386138614
49 126 0.108910891089109
49 125 0.108910891089109
49 124 0.108910891089109
49 123 0.118811881188119
49 122 0.113861386138614
49 121 0.108910891089109
49 120 0.118811881188119
49 119 0.103960396039604
49 118 0.103960396039604
49 117 0.108910891089109
49 116 0.108910891089109
49 115 0.118811881188119
49 114 0.103960396039604
49 113 0.113861386138614
49 112 0.099009900990099
49 111 0.123762376237624
49 110 0.099009900990099
49 109 0.118811881188119
49 108 0.103960396039604
49 107 0.108910891089109
49 106 0.103960396039604
49 105 0.0940594059405941
49 104 0.108910891089109
49 103 0.103960396039604
49 102 0.113861386138614
49 101 0.103960396039604
49 100 0.113861386138614
49 99 0.099009900990099
49 98 0.103960396039604
49 97 0.103960396039604
49 96 0.103960396039604
49 95 0.113861386138614
49 94 0.108910891089109
49 93 0.108910891089109
49 92 0.0940594059405941
49 91 0.099009900990099
49 90 0.099009900990099
49 89 0.099009900990099
49 88 0.108910891089109
49 87 0.108910891089109
49 86 0.108910891089109
49 85 0.113861386138614
49 84 0.123762376237624
49 83 0.103960396039604
49 82 0.103960396039604
49 81 0.113861386138614
49 80 0.113861386138614
49 79 0.118811881188119
49 78 0.108910891089109
49 77 0.103960396039604
49 76 0.103960396039604
49 75 0.108910891089109
49 74 0.108910891089109
49 73 0.0891089108910891
49 72 0.0891089108910891
49 71 0.113861386138614
49 70 0.103960396039604
49 69 0.0891089108910891
49 68 0.0891089108910891
49 67 0.0940594059405941
49 66 0.0891089108910891
49 65 0.0841584158415842
49 64 0.0891089108910891
49 63 0.0940594059405941
49 62 0.099009900990099
49 61 0.099009900990099
49 60 0.0841584158415842
49 59 0.099009900990099
49 58 0.099009900990099
49 57 0.103960396039604
49 56 0.103960396039604
49 55 0.099009900990099
49 54 0.108910891089109
49 53 0.099009900990099
49 52 0.108910891089109
49 51 0.0891089108910891
49 50 0.103960396039604
49 49 0.099009900990099
49 48 0.108910891089109
49 47 0.108910891089109
49 46 0.103960396039604
49 45 0.099009900990099
49 44 0.108910891089109
49 43 0.099009900990099
49 42 0.108910891089109
49 41 0.108910891089109
49 40 0.113861386138614
49 39 0.099009900990099
49 38 0.103960396039604
49 37 0.108910891089109
49 36 0.103960396039604
49 35 0.0940594059405941
49 34 0.103960396039604
49 33 0.0891089108910891
49 32 0.0940594059405941
49 31 0.0940594059405941
49 30 0.0940594059405941
49 29 0.0940594059405941
49 28 0.0841584158415842
49 27 0.099009900990099
49 26 0.0891089108910891
49 25 0.099009900990099
49 24 0.099009900990099
49 23 0.103960396039604
49 22 0.103960396039604
49 21 0.0940594059405941
49 20 0.0891089108910891
49 19 0.128712871287129
49 18 0.118811881188119
49 17 0.108910891089109
49 16 0.128712871287129
49 15 0.123762376237624
49 14 0.113861386138614
49 13 0.123762376237624
49 12 0.143564356435644
49 11 0.138613861386139
49 10 0.143564356435644
49 9 0.143564356435644
49 8 0.193069306930693
49 7 0.188118811881188
49 6 0.188118811881188
49 5 0.173267326732673
49 4 0.153465346534653
49 3 0.133663366336634
49 2 0.173267326732673
49 1 0.242574257425743
