23 177555 0.247524752475248
23 17756 0.212871287128713
23 1776 0.173267326732673
23 200 0.118811881188119
23 199 0.113861386138614
23 198 0.118811881188119
23 197 0.123762376237624
23 196 0.113861386138614
23 195 0.123762376237624
23 194 0.133663366336634
23 193 0.128712871287129
23 192 0.118811881188119
23 191 0.118811881188119
23 190 0.123762376237624
23 189 0.133663366336634
23 188 0.113861386138614
23 187 0.123762376237624
23 186 0.118811881188119
23 185 0.123762376237624
23 184 0.128712871287129
23 183 0.118811881188119
23 182 0.118811881188119
23 181 0.118811881188119
23 180 0.118811881188119
23 179 0.103960396039604
23 178 0.113861386138614
23 177 0.108910891089109
23 176 0.118811881188119
23 175 0.113861386138614
23 174 0.113861386138614
23 173 0.108910891089109
23 172 0.113861386138614
23 171 0.108910891089109
23 170 0.123762376237624
23 169 0.108910891089109
23 168 0.118811881188119
23 167 0.108910891089109
23 166 0.118811881188119
23 165 0.113861386138614
23 164 0.113861386138614
23 163 0.113861386138614
23 162 0.108910891089109
23 161 0.118811881188119
23 160 0.113861386138614
23 159 0.108910891089109
23 158 0.123762376237624
23 157 0.123762376237624
23 156 0.113861386138614
23 155 0.118811881188119
23 154 0.113861386138614
23 153 0.118811881188119
23 152 0.113861386138614
23 151 0.123762376237624
23 150 0.108910891089109
23 149 0.123762376237624
23 148 0.123762376237624
23 147 0.123762376237624
23 146 0.108910891089109
23 145 0.118811881188119
23 144 0.118811881188119
23 143 0.103960396039604
23 142 0.113861386138614
23 141 0.108910891089109
23 140 0.108910891089109
23 139 0.108910891089109
23 138 0.113861386138614
23 137 0.113861386138614
23 136 0.108910891089109
23 135 0.113861386138614
23 134 0.118811881188119
23 133 0.108910891089109
23 132 0.108910891089109
23 131 0.108910891089109
23 130 0.113861386138614
23 129 0.118811881188119
23 128 0.118811881188119
23 127 0.103960396039604
23 126 0.113861386138614
23 125 0.113861386138614
23 124 0.108910891089109
23 123 0.113861386138614
23 122 0.103960396039604
23 121 0.108910891089109
23 120 0.108910891089109
23 119 0.108910891089109
23 118 0.118811881188119
23 117 0.113861386138614
23 116 0.113861386138614
23 115 0.113861386138614
23 114 0.118811881188119
23 113 0.118811881188119
23 112 0.113861386138614
23 111 0.113861386138614
23 110 0.118811881188119
23 109 0.108910891089109
23 108 0.113861386138614
23 107 0.113861386138614
23 106 0.108910891089109
23 105 0.103960396039604
23 104 0.103960396039604
23 103 0.118811881188119
23 102 0.118811881188119
23 101 0.118811881188119
23 100 0.113861386138614
23 99 0.099009900990099
23 98 0.113861386138614
23 97 0.108910891089109
23 96 0.0940594059405941
23 95 0.113861386138614
23 94 0.103960396039604
23 93 0.113861386138614
23 92 0.099009900990099
23 91 0.099009900990099
23 90 0.103960396039604
23 89 0.0940594059405941
23 88 0.103960396039604
23 87 0.123762376237624
23 86 0.103960396039604
23 85 0.108910891089109
23 84 0.118811881188119
23 83 0.108910891089109
23 82 0.108910891089109
23 81 0.103960396039604
23 80 0.103960396039604
23 79 0.108910891089109
23 78 0.108910891089109
23 77 0.099009900990099
23 76 0.099009900990099
23 75 0.099009900990099
23 74 0.103960396039604
23 73 0.0940594059405941
23 72 0.099009900990099
23 71 0.108910891089109
23 70 0.103960396039604
23 69 0.099009900990099
23 68 0.099009900990099
23 67 0.099009900990099
23 66 0.103960396039604
23 65 0.099009900990099
23 64 0.099009900990099
23 63 0.0891089108910891
23 62 0.108910891089109
23 61 0.113861386138614
23 60 0.0940594059405941
23 59 0.099009900990099
23 58 0.0940594059405941
23 57 0.0841584158415842
23 56 0.0891089108910891
23 55 0.0940594059405941
23 54 0.0940594059405941
23 53 0.103960396039604
23 52 0.113861386138614
23 51 0.099009900990099
23 50 0.108910891089109
23 49 0.103960396039604
23 48 0.108910891089109
23 47 0.103960396039604
23 46 0.099009900990099
23 45 0.099009900990099
23 44 0.108910891089109
23 43 0.103960396039604
23 42 0.108910891089109
23 41 0.099009900990099
23 40 0.099009900990099
23 39 0.118811881188119
23 38 0.099009900990099
23 37 0.103960396039604
23 36 0.103960396039604
23 35 0.108910891089109
23 34 0.103960396039604
23 33 0.113861386138614
23 32 0.099009900990099
23 31 0.118811881188119
23 30 0.118811881188119
23 29 0.133663366336634
23 28 0.123762376237624
23 27 0.118811881188119
23 26 0.138613861386139
23 25 0.113861386138614
23 24 0.143564356435644
23 23 0.118811881188119
23 22 0.103960396039604
23 21 0.108910891089109
23 20 0.108910891089109
23 19 0.099009900990099
23 18 0.123762376237624
23 17 0.123762376237624
23 16 0.118811881188119
23 15 0.108910891089109
23 14 0.099009900990099
23 13 0.118811881188119
23 12 0.108910891089109
23 11 0.113861386138614
23 10 0.133663366336634
23 9 0.128712871287129
23 8 0.123762376237624
23 7 0.158415841584158
23 6 0.153465346534653
23 5 0.158415841584158
23 4 0.178217821782178
23 3 0.207920792079208
23 2 0.227722772277228
23 1 0.188118811881188
