129 177555 0.247524752475248
129 17756 0.193069306930693
129 1776 0.173267326732673
129 200 0.118811881188119
129 199 0.128712871287129
129 198 0.113861386138614
129 197 0.108910891089109
129 196 0.108910891089109
129 195 0.118811881188119
129 194 0.113861386138614
129 193 0.113861386138614
129 192 0.113861386138614
129 191 0.118811881188119
129 190 0.113861386138614
129 189 0.113861386138614
129 188 0.103960396039604
129 187 0.113861386138614
129 186 0.118811881188119
129 185 0.108910891089109
129 184 0.118811881188119
129 183 0.118811881188119
129 182 0.113861386138614
129 181 0.103960396039604
129 180 0.118811881188119
129 179 0.118811881188119
129 178 0.113861386138614
129 177 0.113861386138614
129 176 0.113861386138614
129 175 0.118811881188119
129 174 0.113861386138614
129 173 0.113861386138614
129 172 0.103960396039604
129 171 0.118811881188119
129 170 0.113861386138614
129 169 0.113861386138614
129 168 0.108910891089109
129 167 0.108910891089109
129 166 0.118811881188119
129 165 0.103960396039604
129 164 0.108910891089109
129 163 0.103960396039604
129 162 0.103960396039604
129 161 0.113861386138614
129 160 0.103960396039604
129 159 0.113861386138614
129 158 0.113861386138614
129 157 0.103960396039604
129 156 0.108910891089109
129 155 0.103960396039604
129 154 0.103960396039604
129 153 0.113861386138614
129 152 0.103960396039604
129 151 0.108910891089109
129 150 0.108910891089109
129 149 0.103960396039604
129 148 0.108910891089109
129 147 0.113861386138614
129 146 0.108910891089109
129 145 0.108910891089109
129 144 0.108910891089109
129 143 0.113861386138614
129 142 0.108910891089109
129 141 0.0940594059405941
129 140 0.123762376237624
129 139 0.0891089108910891
129 138 0.108910891089109
129 137 0.103960396039604
129 136 0.0940594059405941
129 135 0.108910891089109
129 134 0.103960396039604
129 133 0.108910891089109
129 132 0.118811881188119
129 131 0.113861386138614
129 130 0.103960396039604
129 129 0.108910891089109
129 128 0.108910891089109
129 127 0.108910891089109
129 126 0.128712871287129
129 125 0.108910891089109
129 124 0.113861386138614
129 123 0.123762376237624
129 122 0.103960396039604
129 121 0.099009900990099
129 120 0.123762376237624
129 119 0.0940594059405941
129 118 0.103960396039604
129 117 0.103960396039604
129 116 0.118811881188119
129 115 0.118811881188119
129 114 0.113861386138614
129 113 0.103960396039604
129 112 0.113861386138614
129 111 0.118811881188119
129 110 0.108910891089109
129 109 0.118811881188119
129 108 0.113861386138614
129 107 0.103960396039604
129 106 0.118811881188119
129 105 0.123762376237624
129 104 0.113861386138614
129 103 0.113861386138614
129 102 0.113861386138614
129 101 0.108910891089109
129 100 0.123762376237624
129 99 0.103960396039604
129 98 0.123762376237624
129 97 0.123762376237624
129 96 0.118811881188119
129 95 0.113861386138614
129 94 0.113861386138614
129 93 0.118811881188119
129 92 0.103960396039604
129 91 0.108910891089109
129 90 0.103960396039604
129 89 0.118811881188119
129 88 0.103960396039604
129 87 0.103960396039604
129 86 0.108910891089109
129 85 0.103960396039604
129 84 0.113861386138614
129 83 0.113861386138614
129 82 0.113861386138614
129 81 0.113861386138614
129 80 0.103960396039604
129 79 0.108910891089109
129 78 0.113861386138614
129 77 0.103960396039604
129 76 0.108910891089109
129 75 0.113861386138614
129 74 0.113861386138614
129 73 0.108910891089109
129 72 0.099009900990099
129 71 0.108910891089109
129 70 0.099009900990099
129 69 0.099009900990099
129 68 0.0940594059405941
129 67 0.0940594059405941
129 66 0.103960396039604
129 65 0.0891089108910891
129 64 0.0891089108910891
129 63 0.099009900990099
129 62 0.099009900990099
129 61 0.103960396039604
129 60 0.103960396039604
129 59 0.0940594059405941
129 58 0.099009900990099
129 57 0.099009900990099
129 56 0.113861386138614
129 55 0.0940594059405941
129 54 0.099009900990099
129 53 0.103960396039604
129 52 0.099009900990099
129 51 0.099009900990099
129 50 0.099009900990099
129 49 0.103960396039604
129 48 0.103960396039604
129 47 0.113861386138614
129 46 0.099009900990099
129 45 0.108910891089109
129 44 0.099009900990099
129 43 0.0940594059405941
129 42 0.099009900990099
129 41 0.113861386138614
129 40 0.113861386138614
129 39 0.108910891089109
129 38 0.113861386138614
129 37 0.108910891089109
129 36 0.099009900990099
129 35 0.103960396039604
129 34 0.108910891089109
129 33 0.108910891089109
129 32 0.103960396039604
129 31 0.113861386138614
129 30 0.099009900990099
129 29 0.103960396039604
129 28 0.118811881188119
129 27 0.099009900990099
129 26 0.118811881188119
129 25 0.103960396039604
129 24 0.113861386138614
129 23 0.108910891089109
129 22 0.113861386138614
129 21 0.108910891089109
129 20 0.118811881188119
129 19 0.099009900990099
129 18 0.099009900990099
129 17 0.118811881188119
129 16 0.128712871287129
129 15 0.123762376237624
129 14 0.118811881188119
129 13 0.123762376237624
129 12 0.143564356435644
129 11 0.133663366336634
129 10 0.138613861386139
129 9 0.138613861386139
129 8 0.153465346534653
129 7 0.133663366336634
129 6 0.138613861386139
129 5 0.138613861386139
129 4 0.138613861386139
129 3 0.188118811881188
129 2 0.173267326732673
129 1 0.188118811881188
