90 177555 0.242574257425743
90 17756 0.207920792079208
90 1776 0.173267326732673
90 200 0.123762376237624
90 199 0.123762376237624
90 198 0.128712871287129
90 197 0.128712871287129
90 196 0.118811881188119
90 195 0.123762376237624
90 194 0.133663366336634
90 193 0.128712871287129
90 192 0.133663366336634
90 191 0.128712871287129
90 190 0.118811881188119
90 189 0.118811881188119
90 188 0.113861386138614
90 187 0.123762376237624
90 186 0.118811881188119
90 185 0.118811881188119
90 184 0.118811881188119
90 183 0.123762376237624
90 182 0.113861386138614
90 181 0.118811881188119
90 180 0.118811881188119
90 179 0.113861386138614
90 178 0.123762376237624
90 177 0.113861386138614
90 176 0.118811881188119
90 175 0.138613861386139
90 174 0.118811881188119
90 173 0.118811881188119
90 172 0.123762376237624
90 171 0.123762376237624
90 170 0.113861386138614
90 169 0.123762376237624
90 168 0.118811881188119
90 167 0.123762376237624
90 166 0.118811881188119
90 165 0.113861386138614
90 164 0.123762376237624
90 163 0.123762376237624
90 162 0.108910891089109
90 161 0.113861386138614
90 160 0.108910891089109
90 159 0.118811881188119
90 158 0.113861386138614
90 157 0.123762376237624
90 156 0.108910891089109
90 155 0.113861386138614
90 154 0.113861386138614
90 153 0.118811881188119
90 152 0.113861386138614
90 151 0.113861386138614
90 150 0.103960396039604
90 149 0.123762376237624
90 148 0.108910891089109
90 147 0.103960396039604
90 146 0.103960396039604
90 145 0.108910891089109
90 144 0.108910891089109
90 143 0.103960396039604
90 142 0.113861386138614
90 141 0.108910891089109
90 140 0.108910891089109
90 139 0.099009900990099
90 138 0.103960396039604
90 137 0.103960396039604
90 136 0.113861386138614
90 135 0.113861386138614
90 134 0.113861386138614
90 133 0.108910891089109
90 132 0.103960396039604
90 131 0.099009900990099
90 130 0.108910891089109
90 129 0.113861386138614
90 128 0.113861386138614
90 127 0.099009900990099
90 126 0.103960396039604
90 125 0.108910891089109
90 124 0.108910891089109
90 123 0.118811881188119
90 122 0.108910891089109
90 121 0.103960396039604
90 120 0.103960396039604
90 119 0.103960396039604
90 118 0.103960396039604
90 117 0.108910891089109
90 116 0.103960396039604
90 115 0.113861386138614
90 114 0.103960396039604
90 113 0.108910891089109
90 112 0.108910891089109
90 111 0.103960396039604
90 110 0.108910891089109
90 109 0.108910891089109
90 108 0.103960396039604
90 107 0.099009900990099
90 106 0.108910891089109
90 105 0.108910891089109
90 104 0.103960396039604
90 103 0.108910891089109
90 102 0.099009900990099
90 101 0.099009900990099
90 100 0.108910891089109
90 99 0.099009900990099
90 98 0.099009900990099
90 97 0.103960396039604
90 96 0.103960396039604
90 95 0.0891089108910891
90 94 0.108910891089109
90 93 0.0841584158415842
90 92 0.103960396039604
90 91 0.108910891089109
90 90 0.099009900990099
90 89 0.099009900990099
90 88 0.099009900990099
90 87 0.108910891089109
90 86 0.0940594059405941
90 85 0.099009900990099
90 84 0.103960396039604
90 83 0.099009900990099
90 82 0.099009900990099
90 81 0.103960396039604
90 80 0.103960396039604
90 79 0.099009900990099
90 78 0.099009900990099
90 77 0.0841584158415842
90 76 0.103960396039604
90 75 0.0940594059405941
90 74 0.103960396039604
90 73 0.103960396039604
90 72 0.108910891089109
90 71 0.099009900990099
90 70 0.108910891089109
90 69 0.103960396039604
90 68 0.0891089108910891
90 67 0.108910891089109
90 66 0.099009900990099
90 65 0.103960396039604
90 64 0.103960396039604
90 63 0.099009900990099
90 62 0.099009900990099
90 61 0.0940594059405941
90 60 0.099009900990099
90 59 0.0841584158415842
90 58 0.0940594059405941
90 57 0.113861386138614
90 56 0.0891089108910891
90 55 0.099009900990099
90 54 0.0841584158415842
90 53 0.0792079207920792
90 52 0.0891089108910891
90 51 0.103960396039604
90 50 0.0940594059405941
90 49 0.0792079207920792
90 48 0.0891089108910891
90 47 0.0841584158415842
90 46 0.0940594059405941
90 45 0.099009900990099
90 44 0.0841584158415842
90 43 0.0891089108910891
90 42 0.0891089108910891
90 41 0.108910891089109
90 40 0.0940594059405941
90 39 0.0940594059405941
90 38 0.0891089108910891
90 37 0.0891089108910891
90 36 0.099009900990099
90 35 0.103960396039604
90 34 0.099009900990099
90 33 0.0891089108910891
90 32 0.099009900990099
90 31 0.0940594059405941
90 30 0.0891089108910891
90 29 0.099009900990099
90 28 0.099009900990099
90 27 0.0891089108910891
90 26 0.0891089108910891
90 25 0.108910891089109
90 24 0.103960396039604
90 23 0.103960396039604
90 22 0.0940594059405941
90 21 0.0940594059405941
90 20 0.0841584158415842
90 19 0.103960396039604
90 18 0.118811881188119
90 17 0.0940594059405941
90 16 0.103960396039604
90 15 0.123762376237624
90 14 0.123762376237624
90 13 0.133663366336634
90 12 0.138613861386139
90 11 0.143564356435644
90 10 0.168316831683168
90 9 0.188118811881188
90 8 0.153465346534653
90 7 0.178217821782178
90 6 0.168316831683168
90 5 0.168316831683168
90 4 0.217821782178218
90 3 0.277227722772277
90 2 0.267326732673267
90 1 0.217821782178218
