181 177555 0.227722772277228
181 17756 0.207920792079208
181 1776 0.163366336633663
181 200 0.128712871287129
181 199 0.118811881188119
181 198 0.128712871287129
181 197 0.123762376237624
181 196 0.128712871287129
181 195 0.128712871287129
181 194 0.128712871287129
181 193 0.118811881188119
181 192 0.123762376237624
181 191 0.123762376237624
181 190 0.123762376237624
181 189 0.123762376237624
181 188 0.128712871287129
181 187 0.118811881188119
181 186 0.118811881188119
181 185 0.118811881188119
181 184 0.118811881188119
181 183 0.118811881188119
181 182 0.123762376237624
181 181 0.118811881188119
181 180 0.123762376237624
181 179 0.113861386138614
181 178 0.118811881188119
181 177 0.128712871287129
181 176 0.123762376237624
181 175 0.113861386138614
181 174 0.123762376237624
181 173 0.118811881188119
181 172 0.118811881188119
181 171 0.113861386138614
181 170 0.123762376237624
181 169 0.123762376237624
181 168 0.118811881188119
181 167 0.128712871287129
181 166 0.113861386138614
181 165 0.123762376237624
181 164 0.128712871287129
181 163 0.118811881188119
181 162 0.118811881188119
181 161 0.123762376237624
181 160 0.118811881188119
181 159 0.118811881188119
181 158 0.118811881188119
181 157 0.118811881188119
181 156 0.118811881188119
181 155 0.123762376237624
181 154 0.123762376237624
181 153 0.118811881188119
181 152 0.118811881188119
181 151 0.118811881188119
181 150 0.118811881188119
181 149 0.113861386138614
181 148 0.113861386138614
181 147 0.118811881188119
181 146 0.118811881188119
181 145 0.123762376237624
181 144 0.113861386138614
181 143 0.108910891089109
181 142 0.108910891089109
181 141 0.113861386138614
181 140 0.103960396039604
181 139 0.113861386138614
181 138 0.113861386138614
181 137 0.113861386138614
181 136 0.118811881188119
181 135 0.108910891089109
181 134 0.123762376237624
181 133 0.113861386138614
181 132 0.118811881188119
181 131 0.113861386138614
181 130 0.108910891089109
181 129 0.113861386138614
181 128 0.108910891089109
181 127 0.123762376237624
181 126 0.108910891089109
181 125 0.108910891089109
181 124 0.113861386138614
181 123 0.113861386138614
181 122 0.108910891089109
181 121 0.108910891089109
181 120 0.103960396039604
181 119 0.108910891089109
181 118 0.103960396039604
181 117 0.123762376237624
181 116 0.108910891089109
181 115 0.113861386138614
181 114 0.123762376237624
181 113 0.108910891089109
181 112 0.118811881188119
181 111 0.118811881188119
181 110 0.108910891089109
181 109 0.128712871287129
181 108 0.118811881188119
181 107 0.118811881188119
181 106 0.123762376237624
181 105 0.123762376237624
181 104 0.103960396039604
181 103 0.113861386138614
181 102 0.113861386138614
181 101 0.113861386138614
181 100 0.108910891089109
181 99 0.113861386138614
181 98 0.108910891089109
181 97 0.103960396039604
181 96 0.103960396039604
181 95 0.108910891089109
181 94 0.103960396039604
181 93 0.108910891089109
181 92 0.108910891089109
181 91 0.103960396039604
181 90 0.108910891089109
181 89 0.103960396039604
181 88 0.113861386138614
181 87 0.113861386138614
181 86 0.108910891089109
181 85 0.108910891089109
181 84 0.108910891089109
181 83 0.103960396039604
181 82 0.103960396039604
181 81 0.099009900990099
181 80 0.103960396039604
181 79 0.103960396039604
181 78 0.099009900990099
181 77 0.103960396039604
181 76 0.099009900990099
181 75 0.099009900990099
181 74 0.113861386138614
181 73 0.103960396039604
181 72 0.0891089108910891
181 71 0.103960396039604
181 70 0.0940594059405941
181 69 0.099009900990099
181 68 0.0940594059405941
181 67 0.103960396039604
181 66 0.099009900990099
181 65 0.099009900990099
181 64 0.099009900990099
181 63 0.0891089108910891
181 62 0.0940594059405941
181 61 0.099009900990099
181 60 0.103960396039604
181 59 0.099009900990099
181 58 0.108910891089109
181 57 0.103960396039604
181 56 0.0940594059405941
181 55 0.099009900990099
181 54 0.0891089108910891
181 53 0.099009900990099
181 52 0.103960396039604
181 51 0.0891089108910891
181 50 0.099009900990099
181 49 0.099009900990099
181 48 0.113861386138614
181 47 0.0841584158415842
181 46 0.099009900990099
181 45 0.0940594059405941
181 44 0.0940594059405941
181 43 0.099009900990099
181 42 0.099009900990099
181 41 0.103960396039604
181 40 0.0940594059405941
181 39 0.118811881188119
181 38 0.108910891089109
181 37 0.108910891089109
181 36 0.108910891089109
181 35 0.113861386138614
181 34 0.108910891089109
181 33 0.103960396039604
181 32 0.118811881188119
181 31 0.103960396039604
181 30 0.0891089108910891
181 29 0.0940594059405941
181 28 0.099009900990099
181 27 0.0940594059405941
181 26 0.103960396039604
181 25 0.103960396039604
181 24 0.099009900990099
181 23 0.0940594059405941
181 22 0.0891089108910891
181 21 0.0940594059405941
181 20 0.0940594059405941
181 19 0.103960396039604
181 18 0.0891089108910891
181 17 0.0940594059405941
181 16 0.108910891089109
181 15 0.103960396039604
181 14 0.0940594059405941
181 13 0.103960396039604
181 12 0.103960396039604
181 11 0.113861386138614
181 10 0.103960396039604
181 9 0.148514851485149
181 8 0.128712871287129
181 7 0.113861386138614
181 6 0.108910891089109
181 5 0.128712871287129
181 4 0.242574257425743
181 3 0.163366336633663
181 2 0.188118811881188
181 1 0.237623762376238
