111 177555 0.247524752475248
111 17756 0.217821782178218
111 1776 0.188118811881188
111 200 0.118811881188119
111 199 0.123762376237624
111 198 0.123762376237624
111 197 0.118811881188119
111 196 0.123762376237624
111 195 0.118811881188119
111 194 0.128712871287129
111 193 0.123762376237624
111 192 0.123762376237624
111 191 0.118811881188119
111 190 0.118811881188119
111 189 0.123762376237624
111 188 0.123762376237624
111 187 0.118811881188119
111 186 0.123762376237624
111 185 0.113861386138614
111 184 0.113861386138614
111 183 0.118811881188119
111 182 0.118811881188119
111 181 0.128712871287129
111 180 0.118811881188119
111 179 0.123762376237624
111 178 0.118811881188119
111 177 0.118811881188119
111 176 0.118811881188119
111 175 0.113861386138614
111 174 0.118811881188119
111 173 0.118811881188119
111 172 0.123762376237624
111 171 0.118811881188119
111 170 0.123762376237624
111 169 0.118811881188119
111 168 0.118811881188119
111 167 0.123762376237624
111 166 0.123762376237624
111 165 0.123762376237624
111 164 0.118811881188119
111 163 0.108910891089109
111 162 0.123762376237624
111 161 0.113861386138614
111 160 0.118811881188119
111 159 0.118811881188119
111 158 0.123762376237624
111 157 0.108910891089109
111 156 0.118811881188119
111 155 0.113861386138614
111 154 0.118811881188119
111 153 0.118811881188119
111 152 0.123762376237624
111 151 0.113861386138614
111 150 0.113861386138614
111 149 0.118811881188119
111 148 0.118811881188119
111 147 0.113861386138614
111 146 0.113861386138614
111 145 0.113861386138614
111 144 0.113861386138614
111 143 0.118811881188119
111 142 0.118811881188119
111 141 0.118811881188119
111 140 0.108910891089109
111 139 0.123762376237624
111 138 0.118811881188119
111 137 0.103960396039604
111 136 0.113861386138614
111 135 0.108910891089109
111 134 0.118811881188119
111 133 0.103960396039604
111 132 0.113861386138614
111 131 0.108910891089109
111 130 0.118811881188119
111 129 0.108910891089109
111 128 0.113861386138614
111 127 0.113861386138614
111 126 0.113861386138614
111 125 0.113861386138614
111 124 0.108910891089109
111 123 0.103960396039604
111 122 0.108910891089109
111 121 0.108910891089109
111 120 0.103960396039604
111 119 0.108910891089109
111 118 0.103960396039604
111 117 0.103960396039604
111 116 0.099009900990099
111 115 0.108910891089109
111 114 0.0940594059405941
111 113 0.099009900990099
111 112 0.108910891089109
111 111 0.103960396039604
111 110 0.103960396039604
111 109 0.108910891089109
111 108 0.103960396039604
111 107 0.099009900990099
111 106 0.103960396039604
111 105 0.103960396039604
111 104 0.108910891089109
111 103 0.103960396039604
111 102 0.099009900990099
111 101 0.103960396039604
111 100 0.108910891089109
111 99 0.0940594059405941
111 98 0.099009900990099
111 97 0.103960396039604
111 96 0.099009900990099
111 95 0.099009900990099
111 94 0.103960396039604
111 93 0.099009900990099
111 92 0.099009900990099
111 91 0.0940594059405941
111 90 0.099009900990099
111 89 0.099009900990099
111 88 0.0891089108910891
111 87 0.103960396039604
111 86 0.103960396039604
111 85 0.108910891089109
111 84 0.103960396039604
111 83 0.103960396039604
111 82 0.103960396039604
111 81 0.099009900990099
111 80 0.108910891089109
111 79 0.099009900990099
111 78 0.103960396039604
111 77 0.103960396039604
111 76 0.103960396039604
111 75 0.103960396039604
111 74 0.0940594059405941
111 73 0.103960396039604
111 72 0.103960396039604
111 71 0.0940594059405941
111 70 0.099009900990099
111 69 0.099009900990099
111 68 0.099009900990099
111 67 0.103960396039604
111 66 0.103960396039604
111 65 0.108910891089109
111 64 0.108910891089109
111 63 0.113861386138614
111 62 0.0940594059405941
111 61 0.103960396039604
111 60 0.103960396039604
111 59 0.108910891089109
111 58 0.108910891089109
111 57 0.099009900990099
111 56 0.099009900990099
111 55 0.0940594059405941
111 54 0.0940594059405941
111 53 0.103960396039604
111 52 0.0891089108910891
111 51 0.103960396039604
111 50 0.0940594059405941
111 49 0.108910891089109
111 48 0.108910891089109
111 47 0.0891089108910891
111 46 0.099009900990099
111 45 0.118811881188119
111 44 0.103960396039604
111 43 0.113861386138614
111 42 0.113861386138614
111 41 0.0940594059405941
111 40 0.0940594059405941
111 39 0.108910891089109
111 38 0.103960396039604
111 37 0.123762376237624
111 36 0.0891089108910891
111 35 0.099009900990099
111 34 0.108910891089109
111 33 0.108910891089109
111 32 0.113861386138614
111 31 0.113861386138614
111 30 0.103960396039604
111 29 0.113861386138614
111 28 0.118811881188119
111 27 0.0940594059405941
111 26 0.0891089108910891
111 25 0.0841584158415842
111 24 0.0940594059405941
111 23 0.099009900990099
111 22 0.0891089108910891
111 21 0.108910891089109
111 20 0.0742574257425743
111 19 0.108910891089109
111 18 0.123762376237624
111 17 0.123762376237624
111 16 0.118811881188119
111 15 0.0891089108910891
111 14 0.128712871287129
111 13 0.138613861386139
111 12 0.113861386138614
111 11 0.153465346534653
111 10 0.148514851485149
111 9 0.138613861386139
111 8 0.143564356435644
111 7 0.168316831683168
111 6 0.173267326732673
111 5 0.153465346534653
111 4 0.202970297029703
111 3 0.212871287128713
111 2 0.212871287128713
111 1 0.212871287128713
