164 177555 0.237623762376238
164 17756 0.212871287128713
164 1776 0.188118811881188
164 200 0.128712871287129
164 199 0.128712871287129
164 198 0.118811881188119
164 197 0.128712871287129
164 196 0.123762376237624
164 195 0.108910891089109
164 194 0.118811881188119
164 193 0.118811881188119
164 192 0.113861386138614
164 191 0.123762376237624
164 190 0.108910891089109
164 189 0.113861386138614
164 188 0.113861386138614
164 187 0.113861386138614
164 186 0.118811881188119
164 185 0.118811881188119
164 184 0.108910891089109
164 183 0.118811881188119
164 182 0.113861386138614
164 181 0.108910891089109
164 180 0.113861386138614
164 179 0.123762376237624
164 178 0.118811881188119
164 177 0.113861386138614
164 176 0.113861386138614
164 175 0.123762376237624
164 174 0.108910891089109
164 173 0.118811881188119
164 172 0.118811881188119
164 171 0.113861386138614
164 170 0.133663366336634
164 169 0.103960396039604
164 168 0.118811881188119
164 167 0.113861386138614
164 166 0.123762376237624
164 165 0.108910891089109
164 164 0.113861386138614
164 163 0.113861386138614
164 162 0.123762376237624
164 161 0.113861386138614
164 160 0.108910891089109
164 159 0.123762376237624
164 158 0.103960396039604
164 157 0.113861386138614
164 156 0.113861386138614
164 155 0.113861386138614
164 154 0.113861386138614
164 153 0.108910891089109
164 152 0.103960396039604
164 151 0.108910891089109
164 150 0.118811881188119
164 149 0.113861386138614
164 148 0.113861386138614
164 147 0.118811881188119
164 146 0.103960396039604
164 145 0.118811881188119
164 144 0.108910891089109
164 143 0.118811881188119
164 142 0.103960396039604
164 141 0.108910891089109
164 140 0.108910891089109
164 139 0.108910891089109
164 138 0.113861386138614
164 137 0.103960396039604
164 136 0.099009900990099
164 135 0.0940594059405941
164 134 0.103960396039604
164 133 0.108910891089109
164 132 0.103960396039604
164 131 0.108910891089109
164 130 0.108910891089109
164 129 0.113861386138614
164 128 0.118811881188119
164 127 0.099009900990099
164 126 0.0940594059405941
164 125 0.099009900990099
164 124 0.103960396039604
164 123 0.0940594059405941
164 122 0.103960396039604
164 121 0.103960396039604
164 120 0.0940594059405941
164 119 0.0940594059405941
164 118 0.099009900990099
164 117 0.103960396039604
164 116 0.099009900990099
164 115 0.0940594059405941
164 114 0.0940594059405941
164 113 0.0891089108910891
164 112 0.099009900990099
164 111 0.0891089108910891
164 110 0.099009900990099
164 109 0.099009900990099
164 108 0.099009900990099
164 107 0.0891089108910891
164 106 0.0940594059405941
164 105 0.0940594059405941
164 104 0.0891089108910891
164 103 0.099009900990099
164 102 0.0940594059405941
164 101 0.099009900990099
164 100 0.0940594059405941
164 99 0.099009900990099
164 98 0.099009900990099
164 97 0.099009900990099
164 96 0.099009900990099
164 95 0.099009900990099
164 94 0.0940594059405941
164 93 0.099009900990099
164 92 0.0891089108910891
164 91 0.0940594059405941
164 90 0.103960396039604
164 89 0.0940594059405941
164 88 0.099009900990099
164 87 0.0940594059405941
164 86 0.099009900990099
164 85 0.103960396039604
164 84 0.0891089108910891
164 83 0.0940594059405941
164 82 0.0891089108910891
164 81 0.099009900990099
164 80 0.0841584158415842
164 79 0.0940594059405941
164 78 0.0891089108910891
164 77 0.0940594059405941
164 76 0.0940594059405941
164 75 0.0940594059405941
164 74 0.103960396039604
164 73 0.0891089108910891
164 72 0.0792079207920792
164 71 0.0841584158415842
164 70 0.0841584158415842
164 69 0.0891089108910891
164 68 0.0940594059405941
164 67 0.103960396039604
164 66 0.099009900990099
164 65 0.0940594059405941
164 64 0.0940594059405941
164 63 0.0841584158415842
164 62 0.0792079207920792
164 61 0.0891089108910891
164 60 0.0841584158415842
164 59 0.0891089108910891
164 58 0.0841584158415842
164 57 0.0841584158415842
164 56 0.0841584158415842
164 55 0.0693069306930693
164 54 0.0841584158415842
164 53 0.0742574257425743
164 52 0.0891089108910891
164 51 0.0891089108910891
164 50 0.0742574257425743
164 49 0.0841584158415842
164 48 0.0891089108910891
164 47 0.0891089108910891
164 46 0.0742574257425743
164 45 0.0891089108910891
164 44 0.0891089108910891
164 43 0.0792079207920792
164 42 0.0841584158415842
164 41 0.0792079207920792
164 40 0.0940594059405941
164 39 0.0792079207920792
164 38 0.0841584158415842
164 37 0.0841584158415842
164 36 0.0792079207920792
164 35 0.0841584158415842
164 34 0.0891089108910891
164 33 0.099009900990099
164 32 0.0940594059405941
164 31 0.103960396039604
164 30 0.113861386138614
164 29 0.099009900990099
164 28 0.108910891089109
164 27 0.113861386138614
164 26 0.113861386138614
164 25 0.118811881188119
164 24 0.0940594059405941
164 23 0.099009900990099
164 22 0.099009900990099
164 21 0.113861386138614
164 20 0.123762376237624
164 19 0.108910891089109
164 18 0.133663366336634
164 17 0.128712871287129
164 16 0.143564356435644
164 15 0.158415841584158
164 14 0.113861386138614
164 13 0.128712871287129
164 12 0.158415841584158
164 11 0.138613861386139
164 10 0.128712871287129
164 9 0.128712871287129
164 8 0.138613861386139
164 7 0.128712871287129
164 6 0.183168316831683
164 5 0.173267326732673
164 4 0.153465346534653
164 3 0.153465346534653
164 2 0.212871287128713
164 1 0.222772277227723
