138 177555 0.252475247524752
138 17756 0.222772277227723
138 1776 0.158415841584158
138 200 0.123762376237624
138 199 0.128712871287129
138 198 0.108910891089109
138 197 0.113861386138614
138 196 0.128712871287129
138 195 0.118811881188119
138 194 0.118811881188119
138 193 0.118811881188119
138 192 0.118811881188119
138 191 0.123762376237624
138 190 0.103960396039604
138 189 0.123762376237624
138 188 0.118811881188119
138 187 0.118811881188119
138 186 0.108910891089109
138 185 0.113861386138614
138 184 0.108910891089109
138 183 0.118811881188119
138 182 0.123762376237624
138 181 0.103960396039604
138 180 0.118811881188119
138 179 0.113861386138614
138 178 0.118811881188119
138 177 0.113861386138614
138 176 0.108910891089109
138 175 0.118811881188119
138 174 0.113861386138614
138 173 0.123762376237624
138 172 0.123762376237624
138 171 0.113861386138614
138 170 0.123762376237624
138 169 0.123762376237624
138 168 0.113861386138614
138 167 0.123762376237624
138 166 0.123762376237624
138 165 0.123762376237624
138 164 0.108910891089109
138 163 0.108910891089109
138 162 0.113861386138614
138 161 0.113861386138614
138 160 0.118811881188119
138 159 0.123762376237624
138 158 0.108910891089109
138 157 0.128712871287129
138 156 0.123762376237624
138 155 0.118811881188119
138 154 0.123762376237624
138 153 0.123762376237624
138 152 0.108910891089109
138 151 0.118811881188119
138 150 0.123762376237624
138 149 0.113861386138614
138 148 0.113861386138614
138 147 0.123762376237624
138 146 0.103960396039604
138 145 0.108910891089109
138 144 0.118811881188119
138 143 0.108910891089109
138 142 0.113861386138614
138 141 0.113861386138614
138 140 0.118811881188119
138 139 0.118811881188119
138 138 0.118811881188119
138 137 0.113861386138614
138 136 0.113861386138614
138 135 0.108910891089109
138 134 0.113861386138614
138 133 0.103960396039604
138 132 0.118811881188119
138 131 0.108910891089109
138 130 0.103960396039604
138 129 0.108910891089109
138 128 0.108910891089109
138 127 0.108910891089109
138 126 0.103960396039604
138 125 0.0891089108910891
138 124 0.108910891089109
138 123 0.103960396039604
138 122 0.103960396039604
138 121 0.113861386138614
138 120 0.108910891089109
138 119 0.113861386138614
138 118 0.108910891089109
138 117 0.113861386138614
138 116 0.118811881188119
138 115 0.103960396039604
138 114 0.113861386138614
138 113 0.103960396039604
138 112 0.0891089108910891
138 111 0.108910891089109
138 110 0.099009900990099
138 109 0.108910891089109
138 108 0.108910891089109
138 107 0.108910891089109
138 106 0.108910891089109
138 105 0.108910891089109
138 104 0.103960396039604
138 103 0.118811881188119
138 102 0.108910891089109
138 101 0.108910891089109
138 100 0.113861386138614
138 99 0.113861386138614
138 98 0.113861386138614
138 97 0.113861386138614
138 96 0.113861386138614
138 95 0.113861386138614
138 94 0.103960396039604
138 93 0.108910891089109
138 92 0.099009900990099
138 91 0.103960396039604
138 90 0.108910891089109
138 89 0.113861386138614
138 88 0.103960396039604
138 87 0.108910891089109
138 86 0.108910891089109
138 85 0.113861386138614
138 84 0.103960396039604
138 83 0.113861386138614
138 82 0.103960396039604
138 81 0.099009900990099
138 80 0.108910891089109
138 79 0.103960396039604
138 78 0.108910891089109
138 77 0.118811881188119
138 76 0.108910891089109
138 75 0.123762376237624
138 74 0.103960396039604
138 73 0.103960396039604
138 72 0.103960396039604
138 71 0.103960396039604
138 70 0.103960396039604
138 69 0.103960396039604
138 68 0.103960396039604
138 67 0.0891089108910891
138 66 0.0940594059405941
138 65 0.099009900990099
138 64 0.0891089108910891
138 63 0.103960396039604
138 62 0.099009900990099
138 61 0.0940594059405941
138 60 0.0891089108910891
138 59 0.103960396039604
138 58 0.0940594059405941
138 57 0.099009900990099
138 56 0.103960396039604
138 55 0.103960396039604
138 54 0.0940594059405941
138 53 0.0940594059405941
138 52 0.113861386138614
138 51 0.099009900990099
138 50 0.099009900990099
138 49 0.103960396039604
138 48 0.0891089108910891
138 47 0.0940594059405941
138 46 0.103960396039604
138 45 0.103960396039604
138 44 0.0891089108910891
138 43 0.099009900990099
138 42 0.0841584158415842
138 41 0.0940594059405941
138 40 0.099009900990099
138 39 0.0891089108910891
138 38 0.0891089108910891
138 37 0.0841584158415842
138 36 0.0940594059405941
138 35 0.0940594059405941
138 34 0.103960396039604
138 33 0.103960396039604
138 32 0.0940594059405941
138 31 0.099009900990099
138 30 0.099009900990099
138 29 0.103960396039604
138 28 0.099009900990099
138 27 0.103960396039604
138 26 0.113861386138614
138 25 0.123762376237624
138 24 0.113861386138614
138 23 0.118811881188119
138 22 0.103960396039604
138 21 0.099009900990099
138 20 0.118811881188119
138 19 0.113861386138614
138 18 0.118811881188119
138 17 0.133663366336634
138 16 0.138613861386139
138 15 0.143564356435644
138 14 0.138613861386139
138 13 0.138613861386139
138 12 0.138613861386139
138 11 0.133663366336634
138 10 0.128712871287129
138 9 0.138613861386139
138 8 0.138613861386139
138 7 0.133663366336634
138 6 0.153465346534653
138 5 0.163366336633663
138 4 0.188118811881188
138 3 0.183168316831683
138 2 0.178217821782178
138 1 0.212871287128713
