149 177555 0.252475247524752
149 17756 0.217821782178218
149 1776 0.188118811881188
149 200 0.143564356435644
149 199 0.128712871287129
149 198 0.138613861386139
149 197 0.148514851485149
149 196 0.143564356435644
149 195 0.128712871287129
149 194 0.143564356435644
149 193 0.128712871287129
149 192 0.138613861386139
149 191 0.133663366336634
149 190 0.128712871287129
149 189 0.133663366336634
149 188 0.133663366336634
149 187 0.138613861386139
149 186 0.128712871287129
149 185 0.138613861386139
149 184 0.133663366336634
149 183 0.143564356435644
149 182 0.128712871287129
149 181 0.123762376237624
149 180 0.128712871287129
149 179 0.138613861386139
149 178 0.133663366336634
149 177 0.133663366336634
149 176 0.128712871287129
149 175 0.133663366336634
149 174 0.138613861386139
149 173 0.138613861386139
149 172 0.123762376237624
149 171 0.148514851485149
149 170 0.128712871287129
149 169 0.143564356435644
149 168 0.128712871287129
149 167 0.143564356435644
149 166 0.128712871287129
149 165 0.128712871287129
149 164 0.138613861386139
149 163 0.128712871287129
149 162 0.123762376237624
149 161 0.128712871287129
149 160 0.123762376237624
149 159 0.138613861386139
149 158 0.133663366336634
149 157 0.128712871287129
149 156 0.138613861386139
149 155 0.128712871287129
149 154 0.128712871287129
149 153 0.133663366336634
149 152 0.128712871287129
149 151 0.123762376237624
149 150 0.123762376237624
149 149 0.128712871287129
149 148 0.123762376237624
149 147 0.128712871287129
149 146 0.123762376237624
149 145 0.138613861386139
149 144 0.099009900990099
149 143 0.128712871287129
149 142 0.113861386138614
149 141 0.123762376237624
149 140 0.099009900990099
149 139 0.123762376237624
149 138 0.128712871287129
149 137 0.128712871287129
149 136 0.128712871287129
149 135 0.123762376237624
149 134 0.123762376237624
149 133 0.123762376237624
149 132 0.128712871287129
149 131 0.133663366336634
149 130 0.123762376237624
149 129 0.123762376237624
149 128 0.123762376237624
149 127 0.133663366336634
149 126 0.118811881188119
149 125 0.118811881188119
149 124 0.128712871287129
149 123 0.133663366336634
149 122 0.133663366336634
149 121 0.118811881188119
149 120 0.128712871287129
149 119 0.118811881188119
149 118 0.123762376237624
149 117 0.123762376237624
149 116 0.113861386138614
149 115 0.118811881188119
149 114 0.133663366336634
149 113 0.118811881188119
149 112 0.123762376237624
149 111 0.138613861386139
149 110 0.128712871287129
149 109 0.128712871287129
149 108 0.123762376237624
149 107 0.133663366336634
149 106 0.118811881188119
149 105 0.128712871287129
149 104 0.113861386138614
149 103 0.118811881188119
149 102 0.108910891089109
149 101 0.123762376237624
149 100 0.108910891089109
149 99 0.123762376237624
149 98 0.118811881188119
149 97 0.128712871287129
149 96 0.123762376237624
149 95 0.123762376237624
149 94 0.128712871287129
149 93 0.118811881188119
149 92 0.113861386138614
149 91 0.123762376237624
149 90 0.123762376237624
149 89 0.128712871287129
149 88 0.123762376237624
149 87 0.113861386138614
149 86 0.133663366336634
149 85 0.118811881188119
149 84 0.123762376237624
149 83 0.108910891089109
149 82 0.118811881188119
149 81 0.118811881188119
149 80 0.123762376237624
149 79 0.108910891089109
149 78 0.123762376237624
149 77 0.123762376237624
149 76 0.123762376237624
149 75 0.128712871287129
149 74 0.118811881188119
149 73 0.118811881188119
149 72 0.113861386138614
149 71 0.118811881188119
149 70 0.113861386138614
149 69 0.123762376237624
149 68 0.108910891089109
149 67 0.108910891089109
149 66 0.103960396039604
149 65 0.099009900990099
149 64 0.0940594059405941
149 63 0.099009900990099
149 62 0.103960396039604
149 61 0.103960396039604
149 60 0.103960396039604
149 59 0.0940594059405941
149 58 0.099009900990099
149 57 0.108910891089109
149 56 0.108910891089109
149 55 0.108910891089109
149 54 0.103960396039604
149 53 0.099009900990099
149 52 0.108910891089109
149 51 0.103960396039604
149 50 0.099009900990099
149 49 0.099009900990099
149 48 0.103960396039604
149 47 0.099009900990099
149 46 0.108910891089109
149 45 0.108910891089109
149 44 0.103960396039604
149 43 0.113861386138614
149 42 0.103960396039604
149 41 0.108910891089109
149 40 0.0940594059405941
149 39 0.103960396039604
149 38 0.099009900990099
149 37 0.0940594059405941
149 36 0.113861386138614
149 35 0.103960396039604
149 34 0.113861386138614
149 33 0.103960396039604
149 32 0.108910891089109
149 31 0.113861386138614
149 30 0.099009900990099
149 29 0.0940594059405941
149 28 0.113861386138614
149 27 0.108910891089109
149 26 0.099009900990099
149 25 0.103960396039604
149 24 0.103960396039604
149 23 0.103960396039604
149 22 0.113861386138614
149 21 0.118811881188119
149 20 0.099009900990099
149 19 0.128712871287129
149 18 0.113861386138614
149 17 0.108910891089109
149 16 0.103960396039604
149 15 0.103960396039604
149 14 0.123762376237624
149 13 0.123762376237624
149 12 0.103960396039604
149 11 0.133663366336634
149 10 0.123762376237624
149 9 0.128712871287129
149 8 0.118811881188119
149 7 0.168316831683168
149 6 0.123762376237624
149 5 0.148514851485149
149 4 0.143564356435644
149 3 0.232673267326733
149 2 0.252475247524752
149 1 0.272277227722772
