169 177555 0.232673267326733
169 17756 0.217821782178218
169 1776 0.173267326732673
169 200 0.138613861386139
169 199 0.128712871287129
169 198 0.123762376237624
169 197 0.103960396039604
169 196 0.143564356435644
169 195 0.128712871287129
169 194 0.113861386138614
169 193 0.123762376237624
169 192 0.123762376237624
169 191 0.108910891089109
169 190 0.133663366336634
169 189 0.118811881188119
169 188 0.113861386138614
169 187 0.123762376237624
169 186 0.123762376237624
169 185 0.133663366336634
169 184 0.118811881188119
169 183 0.118811881188119
169 182 0.113861386138614
169 181 0.123762376237624
169 180 0.123762376237624
169 179 0.133663366336634
169 178 0.133663366336634
169 177 0.118811881188119
169 176 0.118811881188119
169 175 0.123762376237624
169 174 0.128712871287129
169 173 0.128712871287129
169 172 0.118811881188119
169 171 0.128712871287129
169 170 0.118811881188119
169 169 0.123762376237624
169 168 0.118811881188119
169 167 0.118811881188119
169 166 0.118811881188119
169 165 0.118811881188119
169 164 0.113861386138614
169 163 0.123762376237624
169 162 0.118811881188119
169 161 0.113861386138614
169 160 0.113861386138614
169 159 0.113861386138614
169 158 0.113861386138614
169 157 0.113861386138614
169 156 0.133663366336634
169 155 0.113861386138614
169 154 0.123762376237624
169 153 0.118811881188119
169 152 0.123762376237624
169 151 0.123762376237624
169 150 0.123762376237624
169 149 0.118811881188119
169 148 0.113861386138614
169 147 0.103960396039604
169 146 0.118811881188119
169 145 0.113861386138614
169 144 0.128712871287129
169 143 0.118811881188119
169 142 0.118811881188119
169 141 0.108910891089109
169 140 0.118811881188119
169 139 0.108910891089109
169 138 0.118811881188119
169 137 0.113861386138614
169 136 0.123762376237624
169 135 0.123762376237624
169 134 0.108910891089109
169 133 0.113861386138614
169 132 0.113861386138614
169 131 0.123762376237624
169 130 0.113861386138614
169 129 0.123762376237624
169 128 0.123762376237624
169 127 0.103960396039604
169 126 0.108910891089109
169 125 0.113861386138614
169 124 0.108910891089109
169 123 0.113861386138614
169 122 0.123762376237624
169 121 0.118811881188119
169 120 0.108910891089109
169 119 0.113861386138614
169 118 0.118811881188119
169 117 0.128712871287129
169 116 0.113861386138614
169 115 0.108910891089109
169 114 0.108910891089109
169 113 0.108910891089109
169 112 0.108910891089109
169 111 0.113861386138614
169 110 0.123762376237624
169 109 0.123762376237624
169 108 0.123762376237624
169 107 0.128712871287129
169 106 0.123762376237624
169 105 0.118811881188119
169 104 0.128712871287129
169 103 0.118811881188119
169 102 0.123762376237624
169 101 0.113861386138614
169 100 0.108910891089109
169 99 0.113861386138614
169 98 0.133663366336634
169 97 0.113861386138614
169 96 0.108910891089109
169 95 0.108910891089109
169 94 0.108910891089109
169 93 0.128712871287129
169 92 0.113861386138614
169 91 0.113861386138614
169 90 0.113861386138614
169 89 0.118811881188119
169 88 0.113861386138614
169 87 0.128712871287129
169 86 0.118811881188119
169 85 0.108910891089109
169 84 0.108910891089109
169 83 0.103960396039604
169 82 0.113861386138614
169 81 0.113861386138614
169 80 0.118811881188119
169 79 0.108910891089109
169 78 0.123762376237624
169 77 0.113861386138614
169 76 0.113861386138614
169 75 0.108910891089109
169 74 0.113861386138614
169 73 0.103960396039604
169 72 0.108910891089109
169 71 0.108910891089109
169 70 0.103960396039604
169 69 0.108910891089109
169 68 0.108910891089109
169 67 0.108910891089109
169 66 0.108910891089109
169 65 0.113861386138614
169 64 0.0940594059405941
169 63 0.103960396039604
169 62 0.108910891089109
169 61 0.0940594059405941
169 60 0.113861386138614
169 59 0.099009900990099
169 58 0.108910891089109
169 57 0.0940594059405941
169 56 0.103960396039604
169 55 0.0891089108910891
169 54 0.103960396039604
169 53 0.108910891089109
169 52 0.103960396039604
169 51 0.099009900990099
169 50 0.108910891089109
169 49 0.0891089108910891
169 48 0.103960396039604
169 47 0.108910891089109
169 46 0.118811881188119
169 45 0.118811881188119
169 44 0.118811881188119
169 43 0.108910891089109
169 42 0.103960396039604
169 41 0.108910891089109
169 40 0.108910891089109
169 39 0.113861386138614
169 38 0.118811881188119
169 37 0.113861386138614
169 36 0.123762376237624
169 35 0.133663366336634
169 34 0.113861386138614
169 33 0.113861386138614
169 32 0.113861386138614
169 31 0.113861386138614
169 30 0.113861386138614
169 29 0.128712871287129
169 28 0.113861386138614
169 27 0.123762376237624
169 26 0.133663366336634
169 25 0.123762376237624
169 24 0.118811881188119
169 23 0.128712871287129
169 22 0.103960396039604
169 21 0.099009900990099
169 20 0.118811881188119
169 19 0.148514851485149
169 18 0.143564356435644
169 17 0.138613861386139
169 16 0.143564356435644
169 15 0.138613861386139
169 14 0.133663366336634
169 13 0.128712871287129
169 12 0.123762376237624
169 11 0.128712871287129
169 10 0.133663366336634
169 9 0.118811881188119
169 8 0.153465346534653
169 7 0.143564356435644
169 6 0.143564356435644
169 5 0.173267326732673
169 4 0.133663366336634
169 3 0.163366336633663
169 2 0.168316831683168
169 1 0.227722772277228
