72 177555 0.237623762376238
72 17756 0.212871287128713
72 1776 0.188118811881188
72 200 0.123762376237624
72 199 0.128712871287129
72 198 0.128712871287129
72 197 0.123762376237624
72 196 0.138613861386139
72 195 0.123762376237624
72 194 0.133663366336634
72 193 0.128712871287129
72 192 0.123762376237624
72 191 0.138613861386139
72 190 0.133663366336634
72 189 0.128712871287129
72 188 0.123762376237624
72 187 0.133663366336634
72 186 0.133663366336634
72 185 0.128712871287129
72 184 0.133663366336634
72 183 0.128712871287129
72 182 0.138613861386139
72 181 0.123762376237624
72 180 0.118811881188119
72 179 0.128712871287129
72 178 0.118811881188119
72 177 0.133663366336634
72 176 0.118811881188119
72 175 0.123762376237624
72 174 0.133663366336634
72 173 0.118811881188119
72 172 0.123762376237624
72 171 0.138613861386139
72 170 0.133663366336634
72 169 0.133663366336634
72 168 0.118811881188119
72 167 0.123762376237624
72 166 0.128712871287129
72 165 0.133663366336634
72 164 0.128712871287129
72 163 0.133663366336634
72 162 0.128712871287129
72 161 0.123762376237624
72 160 0.123762376237624
72 159 0.128712871287129
72 158 0.138613861386139
72 157 0.133663366336634
72 156 0.128712871287129
72 155 0.133663366336634
72 154 0.133663366336634
72 153 0.128712871287129
72 152 0.133663366336634
72 151 0.133663366336634
72 150 0.133663366336634
72 149 0.123762376237624
72 148 0.128712871287129
72 147 0.123762376237624
72 146 0.128712871287129
72 145 0.138613861386139
72 144 0.128712871287129
72 143 0.123762376237624
72 142 0.133663366336634
72 141 0.133663366336634
72 140 0.123762376237624
72 139 0.133663366336634
72 138 0.128712871287129
72 137 0.128712871287129
72 136 0.128712871287129
72 135 0.118811881188119
72 134 0.123762376237624
72 133 0.123762376237624
72 132 0.128712871287129
72 131 0.123762376237624
72 130 0.143564356435644
72 129 0.123762376237624
72 128 0.123762376237624
72 127 0.128712871287129
72 126 0.128712871287129
72 125 0.123762376237624
72 124 0.118811881188119
72 123 0.128712871287129
72 122 0.133663366336634
72 121 0.133663366336634
72 120 0.128712871287129
72 119 0.133663366336634
72 118 0.123762376237624
72 117 0.128712871287129
72 116 0.123762376237624
72 115 0.123762376237624
72 114 0.123762376237624
72 113 0.133663366336634
72 112 0.123762376237624
72 111 0.138613861386139
72 110 0.128712871287129
72 109 0.123762376237624
72 108 0.128712871287129
72 107 0.133663366336634
72 106 0.133663366336634
72 105 0.113861386138614
72 104 0.133663366336634
72 103 0.128712871287129
72 102 0.138613861386139
72 101 0.128712871287129
72 100 0.123762376237624
72 99 0.133663366336634
72 98 0.123762376237624
72 97 0.123762376237624
72 96 0.128712871287129
72 95 0.123762376237624
72 94 0.123762376237624
72 93 0.138613861386139
72 92 0.148514851485149
72 91 0.133663366336634
72 90 0.133663366336634
72 89 0.123762376237624
72 88 0.123762376237624
72 87 0.133663366336634
72 86 0.128712871287129
72 85 0.118811881188119
72 84 0.123762376237624
72 83 0.113861386138614
72 82 0.123762376237624
72 81 0.133663366336634
72 80 0.118811881188119
72 79 0.118811881188119
72 78 0.128712871287129
72 77 0.133663366336634
72 76 0.133663366336634
72 75 0.138613861386139
72 74 0.128712871287129
72 73 0.143564356435644
72 72 0.133663366336634
72 71 0.133663366336634
72 70 0.133663366336634
72 69 0.128712871287129
72 68 0.128712871287129
72 67 0.123762376237624
72 66 0.113861386138614
72 65 0.108910891089109
72 64 0.133663366336634
72 63 0.133663366336634
72 62 0.128712871287129
72 61 0.118811881188119
72 60 0.108910891089109
72 59 0.118811881188119
72 58 0.113861386138614
72 57 0.118811881188119
72 56 0.133663366336634
72 55 0.128712871287129
72 54 0.123762376237624
72 53 0.108910891089109
72 52 0.128712871287129
72 51 0.113861386138614
72 50 0.118811881188119
72 49 0.118811881188119
72 48 0.128712871287129
72 47 0.123762376237624
72 46 0.128712871287129
72 45 0.123762376237624
72 44 0.113861386138614
72 43 0.133663366336634
72 42 0.123762376237624
72 41 0.103960396039604
72 40 0.133663366336634
72 39 0.113861386138614
72 38 0.123762376237624
72 37 0.118811881188119
72 36 0.133663366336634
72 35 0.118811881188119
72 34 0.128712871287129
72 33 0.128712871287129
72 32 0.138613861386139
72 31 0.123762376237624
72 30 0.133663366336634
72 29 0.138613861386139
72 28 0.138613861386139
72 27 0.133663366336634
72 26 0.123762376237624
72 25 0.108910891089109
72 24 0.128712871287129
72 23 0.113861386138614
72 22 0.113861386138614
72 21 0.133663366336634
72 20 0.123762376237624
72 19 0.123762376237624
72 18 0.133663366336634
72 17 0.138613861386139
72 16 0.118811881188119
72 15 0.113861386138614
72 14 0.123762376237624
72 13 0.148514851485149
72 12 0.113861386138614
72 11 0.123762376237624
72 10 0.123762376237624
72 9 0.168316831683168
72 8 0.168316831683168
72 7 0.163366336633663
72 6 0.178217821782178
72 5 0.237623762376238
72 4 0.168316831683168
72 3 0.178217821782178
72 2 0.212871287128713
72 1 0.237623762376238
