40 177555 0.237623762376238
40 17756 0.212871287128713
40 1776 0.183168316831683
40 200 0.138613861386139
40 199 0.143564356435644
40 198 0.128712871287129
40 197 0.123762376237624
40 196 0.118811881188119
40 195 0.128712871287129
40 194 0.128712871287129
40 193 0.123762376237624
40 192 0.133663366336634
40 191 0.113861386138614
40 190 0.123762376237624
40 189 0.118811881188119
40 188 0.128712871287129
40 187 0.118811881188119
40 186 0.123762376237624
40 185 0.123762376237624
40 184 0.133663366336634
40 183 0.123762376237624
40 182 0.118811881188119
40 181 0.123762376237624
40 180 0.118811881188119
40 179 0.118811881188119
40 178 0.118811881188119
40 177 0.118811881188119
40 176 0.128712871287129
40 175 0.113861386138614
40 174 0.123762376237624
40 173 0.118811881188119
40 172 0.128712871287129
40 171 0.118811881188119
40 170 0.118811881188119
40 169 0.123762376237624
40 168 0.113861386138614
40 167 0.123762376237624
40 166 0.118811881188119
40 165 0.128712871287129
40 164 0.123762376237624
40 163 0.128712871287129
40 162 0.118811881188119
40 161 0.123762376237624
40 160 0.133663366336634
40 159 0.133663366336634
40 158 0.128712871287129
40 157 0.123762376237624
40 156 0.123762376237624
40 155 0.128712871287129
40 154 0.113861386138614
40 153 0.133663366336634
40 152 0.133663366336634
40 151 0.123762376237624
40 150 0.128712871287129
40 149 0.123762376237624
40 148 0.113861386138614
40 147 0.123762376237624
40 146 0.118811881188119
40 145 0.123762376237624
40 144 0.123762376237624
40 143 0.133663366336634
40 142 0.118811881188119
40 141 0.118811881188119
40 140 0.128712871287129
40 139 0.118811881188119
40 138 0.128712871287129
40 137 0.113861386138614
40 136 0.118811881188119
40 135 0.113861386138614
40 134 0.123762376237624
40 133 0.118811881188119
40 132 0.128712871287129
40 131 0.123762376237624
40 130 0.118811881188119
40 129 0.103960396039604
40 128 0.128712871287129
40 127 0.113861386138614
40 126 0.123762376237624
40 125 0.123762376237624
40 124 0.118811881188119
40 123 0.128712871287129
40 122 0.123762376237624
40 121 0.108910891089109
40 120 0.113861386138614
40 119 0.113861386138614
40 118 0.133663366336634
40 117 0.123762376237624
40 116 0.103960396039604
40 115 0.123762376237624
40 114 0.113861386138614
40 113 0.113861386138614
40 112 0.108910891089109
40 111 0.113861386138614
40 110 0.118811881188119
40 109 0.108910891089109
40 108 0.128712871287129
40 107 0.113861386138614
40 106 0.108910891089109
40 105 0.108910891089109
40 104 0.103960396039604
40 103 0.099009900990099
40 102 0.103960396039604
40 101 0.113861386138614
40 100 0.113861386138614
40 99 0.113861386138614
40 98 0.108910891089109
40 97 0.113861386138614
40 96 0.113861386138614
40 95 0.118811881188119
40 94 0.118811881188119
40 93 0.108910891089109
40 92 0.108910891089109
40 91 0.108910891089109
40 90 0.118811881188119
40 89 0.138613861386139
40 88 0.108910891089109
40 87 0.099009900990099
40 86 0.123762376237624
40 85 0.113861386138614
40 84 0.123762376237624
40 83 0.113861386138614
40 82 0.118811881188119
40 81 0.113861386138614
40 80 0.118811881188119
40 79 0.103960396039604
40 78 0.118811881188119
40 77 0.108910891089109
40 76 0.108910891089109
40 75 0.108910891089109
40 74 0.108910891089109
40 73 0.103960396039604
40 72 0.108910891089109
40 71 0.113861386138614
40 70 0.113861386138614
40 69 0.099009900990099
40 68 0.123762376237624
40 67 0.113861386138614
40 66 0.0940594059405941
40 65 0.113861386138614
40 64 0.113861386138614
40 63 0.0940594059405941
40 62 0.0891089108910891
40 61 0.0841584158415842
40 60 0.0841584158415842
40 59 0.099009900990099
40 58 0.0891089108910891
40 57 0.0841584158415842
40 56 0.0841584158415842
40 55 0.0891089108910891
40 54 0.0891089108910891
40 53 0.0940594059405941
40 52 0.0940594059405941
40 51 0.099009900990099
40 50 0.0940594059405941
40 49 0.0891089108910891
40 48 0.0891089108910891
40 47 0.0940594059405941
40 46 0.0940594059405941
40 45 0.0940594059405941
40 44 0.099009900990099
40 43 0.099009900990099
40 42 0.108910891089109
40 41 0.103960396039604
40 40 0.108910891089109
40 39 0.108910891089109
40 38 0.108910891089109
40 37 0.103960396039604
40 36 0.0940594059405941
40 35 0.108910891089109
40 34 0.0891089108910891
40 33 0.0940594059405941
40 32 0.099009900990099
40 31 0.0792079207920792
40 30 0.0841584158415842
40 29 0.0940594059405941
40 28 0.099009900990099
40 27 0.0891089108910891
40 26 0.0891089108910891
40 25 0.0891089108910891
40 24 0.0792079207920792
40 23 0.0891089108910891
40 22 0.0891089108910891
40 21 0.103960396039604
40 20 0.108910891089109
40 19 0.099009900990099
40 18 0.103960396039604
40 17 0.0940594059405941
40 16 0.123762376237624
40 15 0.123762376237624
40 14 0.128712871287129
40 13 0.123762376237624
40 12 0.143564356435644
40 11 0.133663366336634
40 10 0.153465346534653
40 9 0.158415841584158
40 8 0.108910891089109
40 7 0.118811881188119
40 6 0.193069306930693
40 5 0.143564356435644
40 4 0.193069306930693
40 3 0.168316831683168
40 2 0.247524752475248
40 1 0.217821782178218
