27 177555 0.242574257425743
27 17756 0.212871287128713
27 1776 0.168316831683168
27 200 0.138613861386139
27 199 0.133663366336634
27 198 0.138613861386139
27 197 0.128712871287129
27 196 0.138613861386139
27 195 0.133663366336634
27 194 0.123762376237624
27 193 0.123762376237624
27 192 0.118811881188119
27 191 0.128712871287129
27 190 0.133663366336634
27 189 0.133663366336634
27 188 0.123762376237624
27 187 0.133663366336634
27 186 0.123762376237624
27 185 0.128712871287129
27 184 0.138613861386139
27 183 0.128712871287129
27 182 0.128712871287129
27 181 0.128712871287129
27 180 0.133663366336634
27 179 0.128712871287129
27 178 0.118811881188119
27 177 0.118811881188119
27 176 0.123762376237624
27 175 0.133663366336634
27 174 0.123762376237624
27 173 0.113861386138614
27 172 0.123762376237624
27 171 0.143564356435644
27 170 0.118811881188119
27 169 0.128712871287129
27 168 0.133663366336634
27 167 0.123762376237624
27 166 0.123762376237624
27 165 0.118811881188119
27 164 0.128712871287129
27 163 0.123762376237624
27 162 0.113861386138614
27 161 0.123762376237624
27 160 0.128712871287129
27 159 0.123762376237624
27 158 0.123762376237624
27 157 0.123762376237624
27 156 0.123762376237624
27 155 0.123762376237624
27 154 0.138613861386139
27 153 0.118811881188119
27 152 0.123762376237624
27 151 0.118811881188119
27 150 0.128712871287129
27 149 0.133663366336634
27 148 0.123762376237624
27 147 0.123762376237624
27 146 0.123762376237624
27 145 0.128712871287129
27 144 0.128712871287129
27 143 0.128712871287129
27 142 0.123762376237624
27 141 0.123762376237624
27 140 0.118811881188119
27 139 0.113861386138614
27 138 0.128712871287129
27 137 0.113861386138614
27 136 0.118811881188119
27 135 0.123762376237624
27 134 0.118811881188119
27 133 0.128712871287129
27 132 0.123762376237624
27 131 0.123762376237624
27 130 0.133663366336634
27 129 0.123762376237624
27 128 0.128712871287129
27 127 0.128712871287129
27 126 0.123762376237624
27 125 0.123762376237624
27 124 0.128712871287129
27 123 0.133663366336634
27 122 0.123762376237624
27 121 0.123762376237624
27 120 0.118811881188119
27 119 0.118811881188119
27 118 0.123762376237624
27 117 0.123762376237624
27 116 0.128712871287129
27 115 0.113861386138614
27 114 0.123762376237624
27 113 0.118811881188119
27 112 0.133663366336634
27 111 0.133663366336634
27 110 0.133663366336634
27 109 0.103960396039604
27 108 0.123762376237624
27 107 0.128712871287129
27 106 0.128712871287129
27 105 0.113861386138614
27 104 0.113861386138614
27 103 0.118811881188119
27 102 0.123762376237624
27 101 0.123762376237624
27 100 0.123762376237624
27 99 0.113861386138614
27 98 0.118811881188119
27 97 0.118811881188119
27 96 0.113861386138614
27 95 0.113861386138614
27 94 0.113861386138614
27 93 0.113861386138614
27 92 0.108910891089109
27 91 0.118811881188119
27 90 0.113861386138614
27 89 0.113861386138614
27 88 0.118811881188119
27 87 0.123762376237624
27 86 0.118811881188119
27 85 0.118811881188119
27 84 0.108910891089109
27 83 0.108910891089109
27 82 0.118811881188119
27 81 0.113861386138614
27 80 0.108910891089109
27 79 0.113861386138614
27 78 0.108910891089109
27 77 0.103960396039604
27 76 0.108910891089109
27 75 0.103960396039604
27 74 0.099009900990099
27 73 0.108910891089109
27 72 0.099009900990099
27 71 0.099009900990099
27 70 0.108910891089109
27 69 0.108910891089109
27 68 0.103960396039604
27 67 0.103960396039604
27 66 0.113861386138614
27 65 0.108910891089109
27 64 0.103960396039604
27 63 0.103960396039604
27 62 0.108910891089109
27 61 0.113861386138614
27 60 0.118811881188119
27 59 0.113861386138614
27 58 0.118811881188119
27 57 0.108910891089109
27 56 0.113861386138614
27 55 0.118811881188119
27 54 0.123762376237624
27 53 0.113861386138614
27 52 0.108910891089109
27 51 0.108910891089109
27 50 0.103960396039604
27 49 0.099009900990099
27 48 0.108910891089109
27 47 0.0940594059405941
27 46 0.103960396039604
27 45 0.108910891089109
27 44 0.123762376237624
27 43 0.108910891089109
27 42 0.118811881188119
27 41 0.103960396039604
27 40 0.113861386138614
27 39 0.123762376237624
27 38 0.123762376237624
27 37 0.113861386138614
27 36 0.113861386138614
27 35 0.113861386138614
27 34 0.118811881188119
27 33 0.123762376237624
27 32 0.133663366336634
27 31 0.103960396039604
27 30 0.108910891089109
27 29 0.118811881188119
27 28 0.128712871287129
27 27 0.123762376237624
27 26 0.123762376237624
27 25 0.113861386138614
27 24 0.138613861386139
27 23 0.118811881188119
27 22 0.128712871287129
27 21 0.128712871287129
27 20 0.133663366336634
27 19 0.128712871287129
27 18 0.128712871287129
27 17 0.128712871287129
27 16 0.138613861386139
27 15 0.118811881188119
27 14 0.133663366336634
27 13 0.113861386138614
27 12 0.133663366336634
27 11 0.148514851485149
27 10 0.138613861386139
27 9 0.138613861386139
27 8 0.207920792079208
27 7 0.143564356435644
27 6 0.148514851485149
27 5 0.113861386138614
27 4 0.173267326732673
27 3 0.178217821782178
27 2 0.173267326732673
27 1 0.188118811881188
