34 177555 0.232673267326733
34 17756 0.227722772277228
34 1776 0.173267326732673
34 200 0.133663366336634
34 199 0.143564356435644
34 198 0.143564356435644
34 197 0.118811881188119
34 196 0.133663366336634
34 195 0.138613861386139
34 194 0.118811881188119
34 193 0.133663366336634
34 192 0.133663366336634
34 191 0.123762376237624
34 190 0.138613861386139
34 189 0.118811881188119
34 188 0.138613861386139
34 187 0.113861386138614
34 186 0.128712871287129
34 185 0.138613861386139
34 184 0.123762376237624
34 183 0.128712871287129
34 182 0.143564356435644
34 181 0.123762376237624
34 180 0.128712871287129
34 179 0.133663366336634
34 178 0.128712871287129
34 177 0.133663366336634
34 176 0.133663366336634
34 175 0.138613861386139
34 174 0.123762376237624
34 173 0.118811881188119
34 172 0.153465346534653
34 171 0.133663366336634
34 170 0.123762376237624
34 169 0.118811881188119
34 168 0.133663366336634
34 167 0.128712871287129
34 166 0.123762376237624
34 165 0.118811881188119
34 164 0.128712871287129
34 163 0.128712871287129
34 162 0.123762376237624
34 161 0.118811881188119
34 160 0.138613861386139
34 159 0.128712871287129
34 158 0.118811881188119
34 157 0.123762376237624
34 156 0.108910891089109
34 155 0.133663366336634
34 154 0.123762376237624
34 153 0.133663366336634
34 152 0.113861386138614
34 151 0.108910891089109
34 150 0.113861386138614
34 149 0.118811881188119
34 148 0.118811881188119
34 147 0.123762376237624
34 146 0.133663366336634
34 145 0.123762376237624
34 144 0.118811881188119
34 143 0.113861386138614
34 142 0.108910891089109
34 141 0.108910891089109
34 140 0.128712871287129
34 139 0.118811881188119
34 138 0.128712871287129
34 137 0.123762376237624
34 136 0.118811881188119
34 135 0.123762376237624
34 134 0.128712871287129
34 133 0.123762376237624
34 132 0.128712871287129
34 131 0.108910891089109
34 130 0.113861386138614
34 129 0.123762376237624
34 128 0.123762376237624
34 127 0.118811881188119
34 126 0.118811881188119
34 125 0.128712871287129
34 124 0.113861386138614
34 123 0.099009900990099
34 122 0.123762376237624
34 121 0.118811881188119
34 120 0.108910891089109
34 119 0.108910891089109
34 118 0.128712871287129
34 117 0.118811881188119
34 116 0.118811881188119
34 115 0.128712871287129
34 114 0.118811881188119
34 113 0.108910891089109
34 112 0.118811881188119
34 111 0.118811881188119
34 110 0.108910891089109
34 109 0.108910891089109
34 108 0.108910891089109
34 107 0.113861386138614
34 106 0.103960396039604
34 105 0.108910891089109
34 104 0.128712871287129
34 103 0.099009900990099
34 102 0.0940594059405941
34 101 0.108910891089109
34 100 0.118811881188119
34 99 0.108910891089109
34 98 0.108910891089109
34 97 0.108910891089109
34 96 0.113861386138614
34 95 0.103960396039604
34 94 0.103960396039604
34 93 0.103960396039604
34 92 0.113861386138614
34 91 0.103960396039604
34 90 0.103960396039604
34 89 0.103960396039604
34 88 0.118811881188119
34 87 0.118811881188119
34 86 0.113861386138614
34 85 0.099009900990099
34 84 0.108910891089109
34 83 0.118811881188119
34 82 0.0792079207920792
34 81 0.118811881188119
34 80 0.099009900990099
34 79 0.0940594059405941
34 78 0.099009900990099
34 77 0.118811881188119
34 76 0.118811881188119
34 75 0.108910891089109
34 74 0.099009900990099
34 73 0.0940594059405941
34 72 0.099009900990099
34 71 0.103960396039604
34 70 0.0940594059405941
34 69 0.099009900990099
34 68 0.108910891089109
34 67 0.0891089108910891
34 66 0.0891089108910891
34 65 0.113861386138614
34 64 0.118811881188119
34 63 0.099009900990099
34 62 0.099009900990099
34 61 0.0841584158415842
34 60 0.099009900990099
34 59 0.0940594059405941
34 58 0.099009900990099
34 57 0.099009900990099
34 56 0.099009900990099
34 55 0.0940594059405941
34 54 0.0891089108910891
34 53 0.0891089108910891
34 52 0.0742574257425743
34 51 0.0891089108910891
34 50 0.0891089108910891
34 49 0.0891089108910891
34 48 0.099009900990099
34 47 0.0940594059405941
34 46 0.0841584158415842
34 45 0.0940594059405941
34 44 0.0841584158415842
34 43 0.103960396039604
34 42 0.0891089108910891
34 41 0.099009900990099
34 40 0.103960396039604
34 39 0.099009900990099
34 38 0.113861386138614
34 37 0.0841584158415842
34 36 0.0940594059405941
34 35 0.099009900990099
34 34 0.0940594059405941
34 33 0.099009900990099
34 32 0.099009900990099
34 31 0.103960396039604
34 30 0.103960396039604
34 29 0.103960396039604
34 28 0.103960396039604
34 27 0.099009900990099
34 26 0.099009900990099
34 25 0.103960396039604
34 24 0.113861386138614
34 23 0.108910891089109
34 22 0.128712871287129
34 21 0.113861386138614
34 20 0.103960396039604
34 19 0.113861386138614
34 18 0.103960396039604
34 17 0.103960396039604
34 16 0.108910891089109
34 15 0.123762376237624
34 14 0.108910891089109
34 13 0.108910891089109
34 12 0.113861386138614
34 11 0.113861386138614
34 10 0.123762376237624
34 9 0.143564356435644
34 8 0.138613861386139
34 7 0.128712871287129
34 6 0.148514851485149
34 5 0.178217821782178
34 4 0.158415841584158
34 3 0.237623762376238
34 2 0.188118811881188
34 1 0.287128712871287
