15 177555 0.237623762376238
15 17756 0.227722772277228
15 1776 0.163366336633663
15 200 0.143564356435644
15 199 0.138613861386139
15 198 0.128712871287129
15 197 0.128712871287129
15 196 0.138613861386139
15 195 0.138613861386139
15 194 0.138613861386139
15 193 0.128712871287129
15 192 0.128712871287129
15 191 0.138613861386139
15 190 0.138613861386139
15 189 0.143564356435644
15 188 0.138613861386139
15 187 0.133663366336634
15 186 0.138613861386139
15 185 0.138613861386139
15 184 0.138613861386139
15 183 0.143564356435644
15 182 0.133663366336634
15 181 0.133663366336634
15 180 0.133663366336634
15 179 0.128712871287129
15 178 0.128712871287129
15 177 0.128712871287129
15 176 0.133663366336634
15 175 0.108910891089109
15 174 0.128712871287129
15 173 0.128712871287129
15 172 0.123762376237624
15 171 0.118811881188119
15 170 0.123762376237624
15 169 0.118811881188119
15 168 0.118811881188119
15 167 0.128712871287129
15 166 0.123762376237624
15 165 0.123762376237624
15 164 0.118811881188119
15 163 0.118811881188119
15 162 0.108910891089109
15 161 0.123762376237624
15 160 0.118811881188119
15 159 0.118811881188119
15 158 0.118811881188119
15 157 0.123762376237624
15 156 0.113861386138614
15 155 0.118811881188119
15 154 0.123762376237624
15 153 0.108910891089109
15 152 0.123762376237624
15 151 0.108910891089109
15 150 0.118811881188119
15 149 0.128712871287129
15 148 0.128712871287129
15 147 0.128712871287129
15 146 0.118811881188119
15 145 0.123762376237624
15 144 0.108910891089109
15 143 0.118811881188119
15 142 0.118811881188119
15 141 0.108910891089109
15 140 0.113861386138614
15 139 0.123762376237624
15 138 0.123762376237624
15 137 0.123762376237624
15 136 0.103960396039604
15 135 0.108910891089109
15 134 0.108910891089109
15 133 0.113861386138614
15 132 0.108910891089109
15 131 0.118811881188119
15 130 0.113861386138614
15 129 0.113861386138614
15 128 0.108910891089109
15 127 0.123762376237624
15 126 0.128712871287129
15 125 0.113861386138614
15 124 0.113861386138614
15 123 0.108910891089109
15 122 0.128712871287129
15 121 0.113861386138614
15 120 0.108910891089109
15 119 0.108910891089109
15 118 0.118811881188119
15 117 0.113861386138614
15 116 0.123762376237624
15 115 0.108910891089109
15 114 0.108910891089109
15 113 0.108910891089109
15 112 0.108910891089109
15 111 0.108910891089109
15 110 0.123762376237624
15 109 0.108910891089109
15 108 0.118811881188119
15 107 0.113861386138614
15 106 0.108910891089109
15 105 0.118811881188119
15 104 0.113861386138614
15 103 0.103960396039604
15 102 0.118811881188119
15 101 0.108910891089109
15 100 0.113861386138614
15 99 0.118811881188119
15 98 0.123762376237624
15 97 0.118811881188119
15 96 0.113861386138614
15 95 0.118811881188119
15 94 0.118811881188119
15 93 0.113861386138614
15 92 0.108910891089109
15 91 0.108910891089109
15 90 0.123762376237624
15 89 0.128712871287129
15 88 0.113861386138614
15 87 0.113861386138614
15 86 0.108910891089109
15 85 0.108910891089109
15 84 0.118811881188119
15 83 0.103960396039604
15 82 0.108910891089109
15 81 0.118811881188119
15 80 0.108910891089109
15 79 0.118811881188119
15 78 0.118811881188119
15 77 0.123762376237624
15 76 0.113861386138614
15 75 0.118811881188119
15 74 0.118811881188119
15 73 0.103960396039604
15 72 0.128712871287129
15 71 0.103960396039604
15 70 0.113861386138614
15 69 0.118811881188119
15 68 0.113861386138614
15 67 0.113861386138614
15 66 0.108910891089109
15 65 0.108910891089109
15 64 0.108910891089109
15 63 0.108910891089109
15 62 0.123762376237624
15 61 0.108910891089109
15 60 0.113861386138614
15 59 0.108910891089109
15 58 0.118811881188119
15 57 0.118811881188119
15 56 0.0891089108910891
15 55 0.118811881188119
15 54 0.108910891089109
15 53 0.099009900990099
15 52 0.099009900990099
15 51 0.108910891089109
15 50 0.113861386138614
15 49 0.103960396039604
15 48 0.103960396039604
15 47 0.099009900990099
15 46 0.099009900990099
15 45 0.0940594059405941
15 44 0.0940594059405941
15 43 0.099009900990099
15 42 0.103960396039604
15 41 0.108910891089109
15 40 0.113861386138614
15 39 0.113861386138614
15 38 0.099009900990099
15 37 0.0940594059405941
15 36 0.099009900990099
15 35 0.103960396039604
15 34 0.0841584158415842
15 33 0.103960396039604
15 32 0.103960396039604
15 31 0.099009900990099
15 30 0.099009900990099
15 29 0.0940594059405941
15 28 0.0841584158415842
15 27 0.0940594059405941
15 26 0.103960396039604
15 25 0.108910891089109
15 24 0.0891089108910891
15 23 0.108910891089109
15 22 0.123762376237624
15 21 0.118811881188119
15 20 0.138613861386139
15 19 0.138613861386139
15 18 0.143564356435644
15 17 0.123762376237624
15 16 0.138613861386139
15 15 0.133663366336634
15 14 0.113861386138614
15 13 0.148514851485149
15 12 0.123762376237624
15 11 0.108910891089109
15 10 0.148514851485149
15 9 0.143564356435644
15 8 0.143564356435644
15 7 0.143564356435644
15 6 0.148514851485149
15 5 0.193069306930693
15 4 0.183168316831683
15 3 0.183168316831683
15 2 0.163366336633663
15 1 0.237623762376238
