38 177555 0.237623762376238
38 17756 0.183168316831683
38 1776 0.188118811881188
38 200 0.128712871287129
38 199 0.128712871287129
38 198 0.123762376237624
38 197 0.133663366336634
38 196 0.123762376237624
38 195 0.123762376237624
38 194 0.123762376237624
38 193 0.123762376237624
38 192 0.133663366336634
38 191 0.123762376237624
38 190 0.118811881188119
38 189 0.133663366336634
38 188 0.148514851485149
38 187 0.118811881188119
38 186 0.138613861386139
38 185 0.138613861386139
38 184 0.143564356435644
38 183 0.143564356435644
38 182 0.123762376237624
38 181 0.138613861386139
38 180 0.133663366336634
38 179 0.138613861386139
38 178 0.138613861386139
38 177 0.128712871287129
38 176 0.133663366336634
38 175 0.148514851485149
38 174 0.123762376237624
38 173 0.133663366336634
38 172 0.128712871287129
38 171 0.133663366336634
38 170 0.133663366336634
38 169 0.118811881188119
38 168 0.123762376237624
38 167 0.133663366336634
38 166 0.133663366336634
38 165 0.118811881188119
38 164 0.138613861386139
38 163 0.128712871287129
38 162 0.128712871287129
38 161 0.123762376237624
38 160 0.128712871287129
38 159 0.133663366336634
38 158 0.123762376237624
38 157 0.128712871287129
38 156 0.128712871287129
38 155 0.133663366336634
38 154 0.128712871287129
38 153 0.123762376237624
38 152 0.128712871287129
38 151 0.113861386138614
38 150 0.128712871287129
38 149 0.128712871287129
38 148 0.118811881188119
38 147 0.123762376237624
38 146 0.123762376237624
38 145 0.123762376237624
38 144 0.123762376237624
38 143 0.128712871287129
38 142 0.133663366336634
38 141 0.128712871287129
38 140 0.128712871287129
38 139 0.128712871287129
38 138 0.123762376237624
38 137 0.123762376237624
38 136 0.128712871287129
38 135 0.128712871287129
38 134 0.128712871287129
38 133 0.118811881188119
38 132 0.123762376237624
38 131 0.123762376237624
38 130 0.118811881188119
38 129 0.128712871287129
38 128 0.133663366336634
38 127 0.123762376237624
38 126 0.128712871287129
38 125 0.123762376237624
38 124 0.123762376237624
38 123 0.118811881188119
38 122 0.128712871287129
38 121 0.113861386138614
38 120 0.123762376237624
38 119 0.113861386138614
38 118 0.123762376237624
38 117 0.123762376237624
38 116 0.123762376237624
38 115 0.108910891089109
38 114 0.128712871287129
38 113 0.123762376237624
38 112 0.133663366336634
38 111 0.123762376237624
38 110 0.123762376237624
38 109 0.128712871287129
38 108 0.108910891089109
38 107 0.123762376237624
38 106 0.123762376237624
38 105 0.128712871287129
38 104 0.123762376237624
38 103 0.118811881188119
38 102 0.113861386138614
38 101 0.118811881188119
38 100 0.108910891089109
38 99 0.108910891089109
38 98 0.113861386138614
38 97 0.118811881188119
38 96 0.113861386138614
38 95 0.103960396039604
38 94 0.103960396039604
38 93 0.108910891089109
38 92 0.103960396039604
38 91 0.118811881188119
38 90 0.118811881188119
38 89 0.113861386138614
38 88 0.108910891089109
38 87 0.123762376237624
38 86 0.113861386138614
38 85 0.113861386138614
38 84 0.108910891089109
38 83 0.108910891089109
38 82 0.118811881188119
38 81 0.103960396039604
38 80 0.108910891089109
38 79 0.108910891089109
38 78 0.103960396039604
38 77 0.103960396039604
38 76 0.123762376237624
38 75 0.108910891089109
38 74 0.118811881188119
38 73 0.113861386138614
38 72 0.113861386138614
38 71 0.099009900990099
38 70 0.118811881188119
38 69 0.108910891089109
38 68 0.108910891089109
38 67 0.103960396039604
38 66 0.113861386138614
38 65 0.118811881188119
38 64 0.118811881188119
38 63 0.123762376237624
38 62 0.108910891089109
38 61 0.118811881188119
38 60 0.118811881188119
38 59 0.113861386138614
38 58 0.113861386138614
38 57 0.113861386138614
38 56 0.118811881188119
38 55 0.118811881188119
38 54 0.108910891089109
38 53 0.118811881188119
38 52 0.113861386138614
38 51 0.118811881188119
38 50 0.118811881188119
38 49 0.113861386138614
38 48 0.118811881188119
38 47 0.103960396039604
38 46 0.113861386138614
38 45 0.103960396039604
38 44 0.113861386138614
38 43 0.108910891089109
38 42 0.118811881188119
38 41 0.113861386138614
38 40 0.133663366336634
38 39 0.118811881188119
38 38 0.108910891089109
38 37 0.128712871287129
38 36 0.123762376237624
38 35 0.113861386138614
38 34 0.123762376237624
38 33 0.118811881188119
38 32 0.128712871287129
38 31 0.103960396039604
38 30 0.118811881188119
38 29 0.108910891089109
38 28 0.113861386138614
38 27 0.113861386138614
38 26 0.113861386138614
38 25 0.113861386138614
38 24 0.113861386138614
38 23 0.113861386138614
38 22 0.113861386138614
38 21 0.128712871287129
38 20 0.118811881188119
38 19 0.128712871287129
38 18 0.133663366336634
38 17 0.123762376237624
38 16 0.133663366336634
38 15 0.128712871287129
38 14 0.153465346534653
38 13 0.148514851485149
38 12 0.148514851485149
38 11 0.148514851485149
38 10 0.143564356435644
38 9 0.168316831683168
38 8 0.133663366336634
38 7 0.222772277227723
38 6 0.222772277227723
38 5 0.148514851485149
38 4 0.183168316831683
38 3 0.153465346534653
38 2 0.183168316831683
38 1 0.188118811881188
