60 177555 0.237623762376238
60 17756 0.212871287128713
60 1776 0.163366336633663
60 200 0.123762376237624
60 199 0.118811881188119
60 198 0.118811881188119
60 197 0.113861386138614
60 196 0.113861386138614
60 195 0.099009900990099
60 194 0.103960396039604
60 193 0.113861386138614
60 192 0.113861386138614
60 191 0.123762376237624
60 190 0.108910891089109
60 189 0.113861386138614
60 188 0.108910891089109
60 187 0.108910891089109
60 186 0.103960396039604
60 185 0.113861386138614
60 184 0.118811881188119
60 183 0.113861386138614
60 182 0.113861386138614
60 181 0.123762376237624
60 180 0.108910891089109
60 179 0.118811881188119
60 178 0.118811881188119
60 177 0.113861386138614
60 176 0.113861386138614
60 175 0.118811881188119
60 174 0.108910891089109
60 173 0.118811881188119
60 172 0.113861386138614
60 171 0.118811881188119
60 170 0.113861386138614
60 169 0.113861386138614
60 168 0.118811881188119
60 167 0.108910891089109
60 166 0.108910891089109
60 165 0.108910891089109
60 164 0.108910891089109
60 163 0.113861386138614
60 162 0.128712871287129
60 161 0.113861386138614
60 160 0.118811881188119
60 159 0.108910891089109
60 158 0.118811881188119
60 157 0.108910891089109
60 156 0.113861386138614
60 155 0.108910891089109
60 154 0.113861386138614
60 153 0.118811881188119
60 152 0.108910891089109
60 151 0.108910891089109
60 150 0.103960396039604
60 149 0.118811881188119
60 148 0.099009900990099
60 147 0.108910891089109
60 146 0.108910891089109
60 145 0.108910891089109
60 144 0.118811881188119
60 143 0.108910891089109
60 142 0.103960396039604
60 141 0.103960396039604
60 140 0.118811881188119
60 139 0.113861386138614
60 138 0.123762376237624
60 137 0.108910891089109
60 136 0.103960396039604
60 135 0.103960396039604
60 134 0.118811881188119
60 133 0.108910891089109
60 132 0.108910891089109
60 131 0.103960396039604
60 130 0.118811881188119
60 129 0.108910891089109
60 128 0.099009900990099
60 127 0.099009900990099
60 126 0.103960396039604
60 125 0.103960396039604
60 124 0.103960396039604
60 123 0.099009900990099
60 122 0.108910891089109
60 121 0.103960396039604
60 120 0.099009900990099
60 119 0.099009900990099
60 118 0.099009900990099
60 117 0.099009900990099
60 116 0.108910891089109
60 115 0.103960396039604
60 114 0.103960396039604
60 113 0.0940594059405941
60 112 0.099009900990099
60 111 0.113861386138614
60 110 0.103960396039604
60 109 0.099009900990099
60 108 0.099009900990099
60 107 0.103960396039604
60 106 0.099009900990099
60 105 0.103960396039604
60 104 0.103960396039604
60 103 0.103960396039604
60 102 0.103960396039604
60 101 0.0891089108910891
60 100 0.103960396039604
60 99 0.113861386138614
60 98 0.103960396039604
60 97 0.113861386138614
60 96 0.103960396039604
60 95 0.108910891089109
60 94 0.108910891089109
60 93 0.113861386138614
60 92 0.103960396039604
60 91 0.0940594059405941
60 90 0.103960396039604
60 89 0.103960396039604
60 88 0.099009900990099
60 87 0.0940594059405941
60 86 0.118811881188119
60 85 0.103960396039604
60 84 0.108910891089109
60 83 0.128712871287129
60 82 0.103960396039604
60 81 0.103960396039604
60 80 0.103960396039604
60 79 0.0940594059405941
60 78 0.099009900990099
60 77 0.108910891089109
60 76 0.108910891089109
60 75 0.103960396039604
60 74 0.103960396039604
60 73 0.099009900990099
60 72 0.108910891089109
60 71 0.099009900990099
60 70 0.0940594059405941
60 69 0.108910891089109
60 68 0.108910891089109
60 67 0.103960396039604
60 66 0.099009900990099
60 65 0.099009900990099
60 64 0.099009900990099
60 63 0.108910891089109
60 62 0.103960396039604
60 61 0.099009900990099
60 60 0.108910891089109
60 59 0.113861386138614
60 58 0.103960396039604
60 57 0.108910891089109
60 56 0.113861386138614
60 55 0.108910891089109
60 54 0.108910891089109
60 53 0.099009900990099
60 52 0.113861386138614
60 51 0.103960396039604
60 50 0.099009900990099
60 49 0.103960396039604
60 48 0.108910891089109
60 47 0.113861386138614
60 46 0.103960396039604
60 45 0.0940594059405941
60 44 0.099009900990099
60 43 0.099009900990099
60 42 0.118811881188119
60 41 0.099009900990099
60 40 0.099009900990099
60 39 0.108910891089109
60 38 0.099009900990099
60 37 0.108910891089109
60 36 0.103960396039604
60 35 0.0891089108910891
60 34 0.0891089108910891
60 33 0.108910891089109
60 32 0.108910891089109
60 31 0.099009900990099
60 30 0.108910891089109
60 29 0.108910891089109
60 28 0.0940594059405941
60 27 0.099009900990099
60 26 0.103960396039604
60 25 0.108910891089109
60 24 0.103960396039604
60 23 0.103960396039604
60 22 0.108910891089109
60 21 0.0891089108910891
60 20 0.0940594059405941
60 19 0.103960396039604
60 18 0.108910891089109
60 17 0.118811881188119
60 16 0.123762376237624
60 15 0.113861386138614
60 14 0.143564356435644
60 13 0.128712871287129
60 12 0.118811881188119
60 11 0.123762376237624
60 10 0.153465346534653
60 9 0.138613861386139
60 8 0.123762376237624
60 7 0.138613861386139
60 6 0.133663366336634
60 5 0.188118811881188
60 4 0.193069306930693
60 3 0.178217821782178
60 2 0.198019801980198
60 1 0.316831683168317
