-0.0220084468595547	0.0132166525626174	-0.048172321999192	0.140863147288406	0.226783918308692	0.0590445721257153	-0.00974360698221294	0.00229622621446562	-0.0450051339434148	0.00446882914982573	0.00510448357115918	-0.0112509897067345	0.00930236368248586	-0.00257203124368083	0.00875669992375726	-0.000143874047624113	0.00152119368175047	-0.0142878103052109	-0.0147353679137109	0.0126469073057977
-0.0114130960926118	-0.0063889439393698	-0.0288462561747666	0.0354340106397613	-0.0132413216280811	-0.0318789093611457	-0.00999345505441009	0.0080193039607418	0.0687487123973933	-0.0888962223252634	-0.0993076202301679	0.257130929494344	-0.276655921222103	0.131255946302902	-0.0124306056725086	0.109841810226891	0.0104373223311497	0.034211740377729	-0.0282098429231857	0.0274631397748716
-0.0241353018729241	0.00780246082643726	-0.0529659583703471	0.146427619945248	0.23788146693276	0.0655512221477367	-0.00903804703470705	0.00146142184512216	-0.044885298050308	0.00658540055283969	0.00296909297100344	-0.00573638589766002	0.0128141239817576	0.00575785300055582	-0.00394458297955139	-0.000599802436061892	0.00925343935453738	0.00742222842181783	-0.00355493635626214	0.00289481518069212
-0.0626406349858736	-0.163458015564594	0.123186322286934	-0.0464109666895113	0.030352543887849	0.0192812810982666	0.0040714398026836	0.0114881418706702	-0.0172675757361969	0.00229778503639978	0.00364135073167628	0.000221130474546971	0.000850436869346077	-0.000660960879206475	0.00330177783560835	0.0141253702533424	0.00330333200645676	-0.00668258479300994	0.00370159116416427	0.00588175053690139
-0.0132572234518638	-0.00888619522209212	-0.0241093433130474	0.0237798303898379	-0.0281418004102397	-0.0193035231393421	-0.00222557279076654	-0.0154821267641396	0.0844968238214712	-0.0775541120867821	0.0103265457531295	0.0586801154843621	0.127074762308664	-0.00960152254277957	0.232156874592471	-0.0620180679691634	-0.153939094375508	0.348319918190682	0.113153716400361	0.0544174521829222
-0.0803909327349583	0.158653271994364	0.104169553496279	-0.0404330284062038	0.0031963262614009	0.0095825023095128	0.00236101088412509	0.00282054246763647	-0.0112720869827161	0.0018945668517391	-0.000177592471426742	0.000214033400335031	-0.00811122915748559	0.00679755176680678	0.012805878587475	0.00702641529729526	-0.00047707676789684	0.0014830564656515	-0.00359627378189897	0.00428080353607032
-0.0825869697060729	0.162202306731545	0.112452943745651	-0.0451736102612588	0.0154035762122731	0.0131358274182072	-0.00560386708387234	-0.000551348367796422	-0.0182829801518383	0.00465038759059262	0.00124827538138626	-0.00777295852987817	0.00582868916004287	0.0177002071897372	0.010202947151794	0.0156153495239334	-0.00626471256122671	0.00419549677781181	0.00120962704202449	0.00986372624962115
-0.0240106941497096	-0.00257610035669875	-0.144034020430642	-0.179448647046276	0.0422468120919209	0.0305148878989814	0.00779877884381654	0.00358204007387599	-0.0357969111197463	-0.00903319302181411	0.0142195037604082	0.0286898572452451	-0.0666335187342981	-0.130706934758052	0.0376170347681985	-0.0338311533000728	0.00041909231731728	-0.027928478088368	-0.00607673330573308	-0.00114823038710712
-0.0321418794707036	-0.00768564010697204	-0.143852236090491	-0.180078938353562	0.0433654322537271	0.025621351269073	0.0040340068672731	-0.00118651600964627	-0.0416597695188232	-0.0206882455382565	0.0209739005321695	0.0124523656774235	-0.0749939020346183	-0.149127935811581	0.0398215611783811	-0.037178984533122	0.00442544054854329	-0.0212544000996664	0.00509117812270543	-0.000171573793265031
0.160446042997132	0.0145274886600074	0.037177622461075	-0.0160766957804291	0.016562131840162	0.0111619274565803	0.160693454505718	-0.000255030799437042	-0.0221230329633344	0.00497363327095136	0.00239461093449722	0.00358292812408367	0.0157578797976256	0.00758083757089649	-0.0129935271138917	-0.000912772618160225	-0.00592344765751354	0.00419500790614197	0.0137856898154747	0.0102560023408379
-0.0272921669826335	-0.00753555052822437	-0.141534183358008	-0.176367074250083	0.0373257662224877	0.0342332532720547	0.0124402865547987	0.00319873160070241	-0.0375637977347597	-0.0181893512319276	0.0199749000912546	0.0106760878768353	-0.0686098538146802	-0.124221159752192	0.0446522060383514	-0.0432787296822358	0.00715509299202027	-0.00195828202519738	0.0114633189660955	-0.00855292954526563
-0.0238244715334496	0.00680539004209109	-0.0542180688506651	0.143780074393725	0.234791314813276	0.0618369513689812	-0.0109708990885806	0.00496654531211137	-0.0369166810258169	0.000115608222815881	0.0154604251679103	0.00553462900466758	0.0124993444220001	0.00158492605427077	0.00563875487100625	6.89252255037348e-05	0.0155307590835467	-0.00570635049659497	-0.0178168457759772	-0.0058816983914801
-0.0141336719807856	0.00278803933266804	-0.0198643142802171	0.0301051919998544	-0.0145434073475309	-0.0310217914463254	-0.011362866387214	-0.00997547795758123	0.0539339422136356	-0.0350032077320205	-0.124389847759786	0.00773703047708794	0.112481496233631	-0.220632239527751	-0.29524663873479	0.178740736312242	-0.124196231975963	0.0962465051608219	0.0015611208899498	0.0633675055266261
0.155699597757177	0.0188521367311287	0.0355008545501842	-0.0156042266919245	0.0169659982735601	0.0120928318453808	0.181799310286494	0.00155561136557912	-0.0133216475263144	0.0161726131561873	-0.00282917084836731	0.00290927268382193	-0.00378761958506987	0.0196342895175767	0.000764870874567667	0.0020149886986677	-0.0143328971521092	0.0110448795497654	0.00397563391446317	-0.00222688788602491
-0.0120848130865199	-0.00250246896575063	-0.0147738213301376	0.0229188564354025	-0.0122619163899541	-0.0236679947708805	-0.00242538877408859	0.0193593949259265	0.039497041650525	0.00182764411703269	0.00075132639688283	0.0153651302796278	0.00871626381944438	-0.00323750684756602	-0.00588178823393418	-0.0130347208473372	-0.0129659897147406	-0.0224857699182793	-0.017884545511996	-0.06061124126193
-0.0836309029519074	0.167720674702748	0.109374189478016	-0.0427634906053146	0.00531680818643658	0.0183348256257571	-0.00266750494250643	0.0077257615998754	-0.0167883592038552	0.00424338621009443	-0.000811360670680763	0.00576010731388652	-0.00790222194519896	-0.00409501195459941	0.00485038125706168	-0.00107343756598276	0.0027342431846586	-0.00210997258097931	-0.00948552037255828	-0.00545347518072893
0.157401649965365	0.00879769285030683	0.0429176445775069	-0.0326636515936779	0.0115920598125642	0.0132471648540808	-0.191000078122166	0.00261747658308878	-0.00584568477308666	-0.0113686833689606	0.000721868744531426	-0.00781240159813939	-0.00321118951333971	-0.00172574719436107	0.00240557896689962	0.000365603577876883	0.00492172502784162	-0.00280326617813343	-0.00136822988913224	0.00089709134013242
-0.0119098124401964	-0.00556976210315436	-0.025081247499159	0.0250406157145324	-0.0244879740606085	-0.0124128721885522	-0.00212762163229771	-0.0171470273395842	0.0862930521041523	-0.0875370174481317	0.0103185133235177	0.0641212710669853	0.114299282698536	-0.0128514922933535	0.215634523032273	-0.0581685559932016	-0.141310666082794	0.309081787735453	0.10115749666899	0.0468497739643777
-0.0768904929637736	0.164447067024316	0.102165634283955	-0.0418695316626615	0.00923927527086843	0.0128712339422596	-0.000537491225795863	0.00467698349204879	-0.0154014067663261	-0.000988987314509636	0.00983056481431489	0.00736068373655502	-0.00495697266845176	-0.00678313568481096	0.00677668691679304	-0.00526781580020645	0.00692628959239858	-0.00952748556852159	-0.0115056972525831	-0.00391336828496693
-0.0135413737300983	-0.00835046644263219	-0.0237897121627931	0.0497730797476185	-0.0475113769665718	-0.151026045582218	-0.00340671914224022	-0.249672387741033	-0.181279034112795	0.00449572119284215	0.00222348295117013	0.00610458515859054	-0.000328546925242375	0.00309971591731029	0.00480179435232749	-0.00446233501313036	-0.00708302630848189	-0.012902042054818	0.00583804078276877	0.00460065713300722
0.104879902570768	0.00975513434522616	0.0133953126698129	-0.0103717674051813	0.00374715489806879	-0.0128252183519556	-0.00282825525482809	-0.00820013006564463	-0.00537669997559167	-0.00260482091930045	0.0102724770328387	0.0102422604351507	0.000506717434831488	-0.0429305711622845	-0.000313908230093488	0.00103458833733981	-0.00350252606663321	0.00713051029341548	0.00147889109192858	0.00592455552714805
-0.0179204636422636	-0.00231732298102241	-0.029511421968555	0.0417518838193972	-0.0220033214928122	-0.0388693449160387	0.000457784202764728	-0.0166723731904929	0.103535082347768	-0.206975526415392	0.332509042926485	-0.208257857244598	-0.128994857939671	0.0411592597724651	-0.102173907228073	0.0760070089970181	0.00439393528977758	0.0310173497141101	-0.00222094536269251	0.0122491306883584
-0.0590420147000854	-0.151319227392754	0.117039742706096	-0.0418357719666827	0.0293046045165643	0.0175940562916708	-0.00503751067913007	0.013879538437831	-0.0127527986427263	-0.00538248305347761	-0.00256181518333813	-0.00133106721283585	-0.00288090824757425	0.00454863541934536	-0.00906023477581475	0.00676951745752701	0.003285082650097	5.75321511224278e-05	0.00432703429774468	0.007051952197834
-0.011857985626377	-0.000338618831342909	-0.0223260909605632	0.0259951128398704	-0.0243517099385916	-0.0216183273067178	-0.00219186928999875	0.023875933978396	0.0334556913879548	0.0227987999387331	-0.0472372463127264	0.00106050157144264	0.0570893417219086	0.00111511146249219	-0.0039803232003439	-0.0192311143671746	0.0339910455129041	0.0372706612846632	-0.0833416424903226	-0.403984958591002
-0.0203116113221106	0.0106885039272539	-0.0484751691138275	0.146687826724582	0.237319436753251	0.0601005824248133	-0.00753928202965851	0.0107417082867443	-0.0386945870230772	0.00839115121347794	0.0037826994140566	-0.000454144977256737	0.011273925802748	0.0086520147978481	0.00707406779669125	0.00604504592780365	0.0102380598306586	0.00894177988950637	-0.00263653882995466	0.0195124607715494
-0.0853051371861169	0.16496598608547	0.111633896994262	-0.0460797605759466	0.0123167348129822	0.0127766853916073	-0.000649238462583465	0.00605562429532432	-0.0185041911067328	-0.00181108377894662	-0.00757562429291947	-0.00627088881069363	-0.00632558245362904	-0.00213184575789328	0.00986264817295608	0.0119403628991689	0.0031364737633622	-0.003270840944152	-0.00379186038080696	0.00425369008916616
0.153129199871031	0.0184753160038127	0.0326514716971089	-0.0172552582359022	0.0214879244796115	0.0128881034089743	0.16452981816819	-0.00791462025799234	-0.00766398379492757	0.0155152914179391	-0.000238426811456274	-0.00404329907624248	-0.00370553376097131	0.00419381842554413	-0.00533764403696933	0.0011972097569317	0.00130813741108613	0.00978811373604753	-0.00299648393635438	0.000629454936228533
-0.0225723308197805	0.010613909555412	-0.0523590991788762	0.143076564790496	0.237568865090105	0.0609177029884111	-0.0122075269295529	-0.00624775984007711	-0.0393633786202812	0.00541614420300072	0.00355166354014368	-0.00664828904511704	0.000684736402433521	0.0112412646646267	0.00469007588341739	-0.0150220181351221	-0.00220937323330302	0.00397606394995084	0.00219297739337513	0.0139888590155675
0.154131142492433	0.0121741599262568	0.0367148568489592	-0.0189774742632951	0.0160173213985953	0.0130362978798722	0.175303927859665	-0.00257512414027561	-0.011085892903898	-0.0033259019442196	0.00598754031680785	0.00114934936622144	-0.00979325680865274	0.00950199362594532	-0.0134613503344907	-0.000169586524828705	0.00308329378475607	-0.00154095422469727	0.00648392025691981	0.00155165364711279
0.16196994874698	0.0194929848343377	0.0361872452635583	-0.0244284263045322	0.0141110416336896	0.00893028733135565	0.155575514181609	0.00269246231050173	-0.00706414591968496	0.0127896183415123	0.00400190472624749	-0.00198272991474305	-0.0099108111521996	0.00309939181309208	-0.00726166549759467	0.00627105585108062	-0.0117503919416257	-0.000696012967226341	-0.00528043390744287	-0.00973054067797606
0.163144117066314	0.0152091988867799	0.0387482669313182	-0.0222897459840895	0.0134606020622002	0.00877963142788603	0.174121517156734	0.00241426384504424	-0.0170317455890069	0.00545243155605605	-0.00180576250651557	0.000911301119120365	-0.00603727214407151	0.0130272950802362	-0.0113422488164575	0.0020849498297019	-0.0144765850837275	0.00292138363649312	0.0100644648400754	-0.00429657017072174
-0.0764802677684654	0.163228095955262	0.10295994294305	-0.0431804815820527	0.00519383114132142	0.0111523691993774	0.00666021663629107	0.00569576324221182	-0.0159414473187212	0.0063966593059545	-0.00796638671582912	0.00987891348671971	-0.0079131091762341	-0.00327265319941544	0.0116963035552889	-0.00143789951338695	-0.000485732198964056	-0.00598798210617728	-0.000781096150451984	0.00661533364739081
-0.0150289365316422	-0.0101756273461975	-0.025795142913905	0.0259498964812504	-0.0346213059853039	-0.0214331064890245	0.000467957379596804	-0.0136902656311298	0.0917930800162734	-0.0778169664362043	0.0259959778165201	0.062166433889065	0.139258468370565	-0.0053136200132764	0.229732996606394	-0.0680527706012061	-0.154314883004745	0.350440797805206	0.119868519440477	0.0728092584069988
-0.0269406697762167	-0.0101994067543226	-0.15010308595482	-0.178737982374326	0.0396131866298527	0.0260423077321291	0.00351704942074367	0.00376833959722179	-0.042836733414823	-0.0142998956287308	0.0258444605182369	0.0214005217685065	-0.0725522692290643	-0.12911068699766	0.0442695831764151	-0.0330096796857227	0.00710356213006964	-0.0168479071254046	0.010834754589105	-0.00231213495550126
0.112635061690973	0.00930969676230006	0.0255764492673745	-0.00989325654135437	0.0101846961879845	-0.0059696539303993	-0.00414455737512867	-0.0125266029542717	-0.0143296809594576	-0.016565296896782	0.00752091273176336	0.00244779261865492	-0.00667471560151243	-0.0245878825236387	-0.00590668369022161	0.000146104426148795	0.0030905544497891	0.0102692724160217	0.00817802765183304	-0.00629101218576542
-0.0812222384520461	0.169145391582361	0.110126846840661	-0.042874680196662	0.00404131204219002	0.0118794455737984	0.00503529307999141	-0.00236208612978046	-0.0199149958890529	-0.000659466270567129	-0.00374076144791678	-0.00847941832301117	-0.00545788845349798	-0.00422723106497195	0.00876634080224416	0.00823639438050527	0.00426726222782435	0.00684495585715872	0.00788606483390313	0.0096928292316486
0.156461037537925	0.012085766281915	0.0370562006940874	-0.0283487139803411	0.010291564573141	0.0119716062490892	-0.18228839412247	-0.000630977116225755	-0.00491394616368777	-0.01209561910987	0.00420204060775568	-0.0114011550103749	-5.29069030410613e-05	0.00295624925923122	0.0168262850721399	0.000225039720522782	0.00332317443213482	-0.011077511243072	-0.00565025384960742	0.00253443506276284
0.0984474502130672	0.00973515504857988	0.0179438242279524	-0.0078059656036829	0.00758338756124073	-0.0117098779726049	-0.0103612552010389	-0.0189719704976204	-0.0021453581466165	0.00340360206838346	0.00455022637875007	0.0126044038649081	-0.000960990480380674	-0.0346626753194175	0.00908965812082846	0.0134836822755818	-0.00260048394307056	0.0171433201495883	0.00211291528037363	-0.0072701505641857
-0.0146856013699012	0.000386082246914241	-0.0172057516476016	0.0171912903601458	-0.0208361488117198	-0.0181825158866387	0.00336339010704226	0.0360462686055004	0.0305263625582745	9.00546868705891e-05	-0.0307226656461468	-0.00606711804723748	0.0455567804047487	-0.0129933707696534	-0.0190007648454773	-0.0155649647269772	0.0238559681813651	0.0250342817940647	-0.0674569949876616	-0.228387275375608
-0.0138287891456842	0.00710187337423525	-0.0169930351575825	0.0297885405678614	-0.0067128765316034	-0.0347325317812608	-0.000937958712443733	-0.00685659125937936	0.0601104767430318	-0.0347271669440557	-0.143798223548374	0.0100462780312278	0.103690746966653	-0.244016570621978	-0.307561541278182	0.198116205882725	-0.123859803097341	0.0996806153934689	-0.00905586984628182	0.058222102924257
0.144900214942022	0.0106978181204758	0.043363205381448	-0.0295803187968577	0.013399910358624	0.0165977510614701	-0.175513422474122	-0.00528880299232415	0.00348799101770497	-0.00360209945272894	0.010303106973345	0.000239113111606925	0.0214272574505987	-0.013718149533533	0.0160579175619957	-0.00131240724558328	-0.00335460539789026	0.00225049603545287	0.00436003761787048	0.0108628875987378
-0.0305960939166305	-0.00590516792149558	-0.144118938558147	-0.172684047216932	0.0441725008003726	0.0317138064520044	0.014963142700548	0.0051442457228225	-0.039791245323937	-0.0168510472582267	0.0172692293484145	0.0191947987310455	-0.0770256839220463	-0.12788842843918	0.0379700910132126	-0.0373008304029379	0.00566203944556312	0.00245025961217982	0.0107559555993361	-0.0113539360139878
0.154291561069595	0.0107668636265423	0.0380635273750563	-0.0256333264065669	0.0134851599707588	0.0107327993483503	-0.189955613651705	-0.000780906554436218	0.00533362962229721	-0.00325891427638025	-0.00106555097204674	-0.0107497449292719	-0.0054690435194661	0.003374982194036	0.0104170262645763	0.00729442836177905	0.00927914507745957	-0.0174268259560021	0.0045308118606732	0.00744789751651566
-0.0275017310647492	0.000548162473905425	-0.111686424011836	-0.126040169300875	0.0191028845767429	0.0197460598440024	-0.00070741952029601	-0.0219374163040255	-0.00207125855979787	0.0343591801109155	-0.0198882334776993	-0.0357895355666892	0.110298624598324	0.208975454762933	-0.0686768281699562	0.0635461703822054	0.00845379916999436	0.0221462140976564	0.000542694130850952	0.0120837650481182
0.148159170231862	0.015928174466864	0.035417416036635	-0.0179455874060331	0.0188637859006121	0.00514749201534363	0.176733244723754	-0.00567716885188601	-0.0140055990834483	-0.00688368843015601	-0.00339384382838974	0.00292722767895559	-0.00296529946336195	0.00545831748376562	0.00480111546713524	-0.00214738451755185	-0.00156185271165566	0.0119556427162	-0.00144497731071165	-0.0137934612139608
0.148290849289367	0.00852129066687751	0.0342136236735695	-0.0323219817047512	0.00479768237874461	0.00799787663115369	-0.191042182441377	0.00122397982739345	-0.0032835348254792	6.19262133037231e-05	0.00192439542066365	-0.011714688326314	-0.00560486901024778	-0.00283880180575815	0.0120958053952	0.00176002706120815	0.00686334296613411	-0.0142193169965722	-0.0136923329608792	0.00214850436248079
-0.0588819255689709	-0.158624968736971	0.126244718508125	-0.0409614276808725	0.0295050714246692	0.0154140065826421	0.00313243948344618	0.0101280914453055	-0.0230594787052966	0.00176481878203269	0.00391816007289196	-0.0038969639628508	0.00322942655238115	0.0103726049311165	-0.0106768736668925	0.0159782042587554	0.0126509346354913	-0.00496045089546725	0.0131441775738592	-0.00055263381072104
-0.00638608516582393	0.00342605833360774	-0.0226199285747233	0.023589847776056	-0.01946568125466	-0.0261820794012118	0.00575751980855292	0.0103008774143946	0.0472288124999814	-0.0142453949197736	-0.00297191164097419	0.0134609622047527	0.0140383158387827	-0.0117189023971203	-0.00852414963932704	-0.00642387259574075	-0.0116009368459221	0.0136567636802775	-0.019342156221801	-0.0416285474640977
-0.0104587960860966	-0.000786968004447523	-0.0208015110468883	0.0351836138462954	-0.0195993427088751	-0.0223598362736522	-0.00533444309435792	0.0215031124209174	0.0169306910097048	0.0048147928612954	-0.0297256892181329	0.00792278424151866	0.048893464713781	-0.00739837471628314	-0.00812473831749733	-0.0240446834707575	0.0400890460350721	0.0228459246131719	-0.0962982383050059	-0.395417263173545
-0.029134443701075	-0.00292231735682884	-0.148366860404598	-0.170347650539377	0.0457628203976369	0.0353927546100524	0.00405281176983527	0.0063004355510114	-0.0308298690871594	-0.0131339144654579	0.00628212732552592	0.0103561781401197	-0.0650061514615778	-0.100447866555421	0.0225946948737894	-0.0318827739197047	0.0052533539332432	-0.0103168503061042	0.0112983770553343	-0.00441029829569534
-0.023451940708029	0.0107132235152742	-0.0532743887099104	0.146071828803745	0.238468364938792	0.0617846951418586	-0.00631397534648387	0.00690321930111941	-0.0434913055396529	0.00699179010874192	0.00497920855921288	-0.00998192360437	0.00474646704596421	-0.00534079294422609	0.0121653944520916	0.00788415277214897	0.00831381778947544	-0.00626137599490119	-0.00449617402843318	0.00343687732601841
-0.0250484178399582	0.0113242134521025	-0.0521456222668252	0.146100828461172	0.245328169322097	0.0673879453540352	-0.00937783151777722	0.00334167720142702	-0.0381638514826777	0.00251721963236551	0.00288066492143361	0.00335959061132141	0.0100757400826325	0.00905913299902006	0.0116155008368727	-0.00252001110433794	0.0136635841048873	0.00286209656581798	0.00138915752484393	0.0109606930597303
-0.0130466316731939	-0.00261692164534478	-0.0150053723908787	0.0224435861039853	-0.0209978996176851	-0.0213804138234139	0.008672855412091	0.0297696939693498	0.0676276951539809	-0.0349784281426016	-0.0132010814393846	0.0258379365549486	0.0129634332988579	0.0356319866187207	-0.0482371440604406	-0.190563399293581	-0.250420212115332	-0.150967698063199	-0.0759617654649857	0.020921788083279
-0.0221144182681184	0.0183483467063807	-0.047490744259617	0.146608372841678	0.226334651384874	0.0569540763651231	-0.00806159446452827	0.00400039025204351	-0.0317080837830601	0.0148788013642316	0.0018827331973779	-0.00323574404433418	0.0039620953764195	0.0035142479229515	0.00933377907545055	-0.00656906567567067	0.000142143649688049	0.00293450673886069	0.00655257172402088	0.0177310500701803
-0.00907569117975658	-0.00978374741009304	-0.0247595128251925	0.0274477216928984	-0.0298185118092222	-0.019177309710456	-0.000609281100961287	-0.0192577972279709	0.0901352679225491	-0.0729328816103285	0.014767372668015	0.0592263052010797	0.12700338858045	-0.001538177508166	0.22112291056456	-0.0590147556271912	-0.145679729480393	0.315430920713903	0.112549979629291	0.0526144450067728
-0.0774696414379631	0.161754907805643	0.103845720677281	-0.0450235792650964	0.00899885499187136	0.0139006212075174	0.00956888917091483	-0.00337075027605214	-0.0184769801045088	-0.000961979952768424	0.0119391248737051	-0.00195310478921652	-0.00341309786854226	-0.00245421027087334	0.00710561852540769	0.00234910205553734	0.00442187426435612	0.000877473837697713	-0.00765077345197323	0.00745558389454374
-0.0137887307445631	-0.00862663026470971	-0.0284057800676727	0.0368015720910467	-0.0203595707617235	-0.024990789577593	-0.0162492164047996	0.0110299973663859	0.0635454246762288	-0.0879315804529071	-0.105658003518601	0.266685670486171	-0.270482417137263	0.136652441777902	-0.00893854356219065	0.101771901049752	0.0218353742818702	0.0381222963038392	-0.027165885880464	0.006923037060443
-0.0116385089072914	0.00603615813153801	-0.0194995217069923	0.0282262780000788	-0.0118336943471725	-0.0310157338640181	-0.00893296596093251	-0.00413537431127674	0.0524528257086113	-0.0163089313644847	-0.123884834315592	0.0112971764992349	0.0894309318309377	-0.206175830259651	-0.288346369579134	0.159823054635749	-0.11342097204268	0.0703539870348172	-0.00687166848647558	0.0613906369259487
0.156481007275536	0.0102338867184071	0.0354268359924262	-0.0193454416468834	0.0192226348017689	0.00886563550938502	0.169193028117193	-0.001136843570008	-0.0212579841803858	-0.000420377397490498	0.00133168133765835	-0.00124711120379254	-0.0129236322872535	0.0039743266347803	-0.0103048664190921	0.00607888722146675	-0.00425309088782072	-0.000282358132034631	0.0112067306590847	0.00502561288196492
0.148614943318429	0.0107375946195905	0.0380099401393099	-0.0253171507782133	0.0126643188331431	0.0119240165593169	-0.174997307528586	-0.0032172563113931	-0.00139048536511695	-0.00445048179220333	-0.00239419534178831	-0.00202593680939289	0.00582138721913989	-0.0018904945905767	0.00847540046949941	-0.00748395242057673	0.00147413585834948	-0.0124848312175704	-0.00142345767768535	0.00937702058814532
-0.0151395289596047	0.00586403374227917	-0.0226807944251757	0.0308001567525298	-0.0148771587754927	-0.0312031161813637	-0.00700931873172455	-0.00421806727668127	0.058698078544077	-0.0232553471037029	-0.146454595638208	0.0143841140649151	0.111689158315036	-0.248873814915185	-0.324403061250061	0.187350413341441	-0.126868877007132	0.0831606654883459	-0.0203376697048598	0.0476032374519618
0.152651891201165	0.0129942555044017	0.038333599655716	-0.0279133174060997	0.0113861209262176	0.0140666822946426	-0.167156704880805	0.00144978411925164	-4.43856043088071e-05	-0.0121955344250466	-0.00721246124082644	-0.0129960072436299	-0.0188751617726588	-0.00517581973613652	0.00351496547657861	-0.000425807736597666	0.0130705126886527	-0.0150095274198757	-0.010743656114907	0.0094340964056722
0.162710072871196	0.0174797593939188	0.0366225084231237	-0.015994436099904	0.0193296512256349	0.00775558891341553	0.195223641215299	-0.00468069338354937	-0.0152994606901577	0.00876394292486804	-0.00832955910572661	-0.00466595853893018	-0.0219442684478723	0.0093151210165936	-0.00562920078860558	-0.00148224973267393	0.00503382945586514	0.0122102368120739	0.0112311851817727	-0.000934210294671671
-0.0289700644232085	-0.0093825999299335	-0.13702866621879	-0.174461181058534	0.0415029884435012	0.0283304956348266	0.00801387160941954	-0.00313596701364727	-0.0324970179393919	-0.0140123438755619	0.0166125584049979	0.0127430052624483	-0.0619818798186186	-0.142315460209926	0.0372462339672274	-0.0392568658465332	-0.00255030207063177	-0.0198731562034395	0.0147424882656709	6.83016001057231e-05
0.146588549846613	0.00939904650943458	0.0436027850117067	-0.0258304850066698	0.00586899295670631	0.0191191205434901	-0.193775385237096	-0.00203512024748564	0.00268018109988115	0.00683457030847348	0.00482040894335967	-0.000572155751135773	0.0132453818783712	-0.00733684011184016	0.001944536427729	0.00690597167206519	0.00619876171909459	-0.00872045899523278	0.00526239295378314	0.0117425585535625
0.159165837067543	0.0173132879064139	0.0383962425914519	-0.0197316996368071	0.0158869050199714	0.00729680288602097	0.180842687547898	-0.0026250575684462	-0.0114876507397957	0.0111226436319132	0.00350532574608063	-0.00290165727742663	-0.0115787157781943	0.00859417547413576	-0.0101996301703245	0.00524974087903853	-0.00980327062990217	0.00564371874952536	0.000918465084690641	-0.00333316787578835
0.157324723553429	0.0169730632804193	0.0326489632699037	-0.0200903565396727	0.00999255410113075	0.00848809308189096	0.178660077220401	-0.00168693877417959	-0.0094487657731785	0.00605621395146577	-0.00204431755505896	0.00523216012775575	-0.00407428641239354	0.00911500072415057	0.00376618773905033	-0.0013775304282451	-0.00155579031945539	-0.00392773864159423	0.00328551393223617	0.00498196091360997
-0.0577539829672459	-0.158868708049407	0.129084923983667	-0.0437336866775501	0.0314447590826933	0.020208065865292	0.00941368422941871	0.00486834389707559	-0.0235292387225704	0.000264716644255949	-0.000617301064710219	0.00491219927579696	0.00583192150819871	0.0120459577246578	-0.00128662385342376	0.0158879111630185	0.00326730063906788	-0.00691024273540124	0.00243437366089402	0.0115799759060473
0.149702278532643	0.0122596161120738	0.0336834415864524	-0.0321553135516795	0.00703958874486517	0.0117251472679511	-0.192887015848421	0.00295686610603497	-0.00608932626249112	-0.00150802537208507	0.00567861968916561	-0.0117820386518174	0.00136654771436438	-0.00442421363504381	0.00905657182649051	0.00693703313202649	0.0109385141861603	-0.0121748461546289	-0.00468746708384489	0.0037257356564615
-0.00719346575875037	-0.000706378009122814	-0.0170355911510399	0.0256250700111544	-0.0205436002391104	-0.0228336306249484	-0.000496938921095387	0.00436774254224832	0.0399458655647048	-0.00518576944506913	0.00652237566456445	0.0127348839537548	0.0140789279599774	-0.0209212018542112	-0.014664873497218	-0.0154352247866498	0.00278865109497666	0.024107424040769	-0.0181932428730073	-0.0347092119065739
-0.025823959639416	0.00173125587214964	-0.115074073557695	-0.12252981152458	0.0198377884222876	0.0181929265988814	-0.0112167482280363	-0.0139595805082497	0.00426595148918594	0.0531465810251088	-0.0382609225296738	-0.0466816290965574	0.162796473031184	0.307021142978822	-0.0883631849935885	0.100266601292671	-0.0108636603779565	0.0154748650930598	0.00643860462014976	0.0308720429785415
-0.00928442425777122	0.00322253736346366	-0.0180803253830105	0.0351020096257868	-0.0263874678479786	-0.0104288695124057	0.00531613998122416	0.0191317041697134	0.0245745767138152	0.0043560309108513	-0.024528941709932	-0.00754633119287124	0.0346510110590521	-0.00336829408525904	-0.00833388314350423	-0.0278798855183	0.0329450640009201	0.0254162213693321	-0.0866012766669182	-0.359108382575794
-0.0105766459762064	-2.6380686906748e-06	-0.0106180119283225	0.0262916146863148	-0.0203264829746654	-0.0263982199771572	-0.00339364612177113	0.0137248889679228	0.0386992713178806	0.00669168553607573	-0.00808442653326092	0.0150971884512085	0.0255832537417404	-0.0071155650827854	0.00176965693469153	-0.0126056150579908	0.0228832976240785	0.0400667429627338	-0.0308064692889632	-0.1896808358714
-0.0275796435665057	-0.00624821422295947	-0.147573832755474	-0.173556229592389	0.0405022395443075	0.030762613651705	0.00705182178350226	0.00156948318694751	-0.0307661078119299	-0.0118908752500674	0.00898509371880029	0.0161940978715743	-0.0567351974383317	-0.096511043616776	0.0227928854569108	-0.0332564044889583	0.00206100113814246	-0.0248250777559807	-0.000127938612480967	7.33778705829503e-05
-0.028021836213259	-0.00581454210792624	-0.146712092052615	-0.175460563634644	0.0445397658468111	0.0289185233076388	0.0066651437660124	0.00285393878821002	-0.0389411215852308	-0.01195608114229	0.0201663710074517	0.0142073376164786	-0.0488907683322697	-0.0968424501504405	0.0269248530927442	-0.0243042244679785	0.00395352464961967	-0.0187289878867427	0.00253890681763404	-0.0068904865751792
-0.0207577009934097	-0.00580391922119834	-0.114561689939053	-0.12274598375683	0.00900020786132547	0.0135351464484104	-0.00318455112404407	-0.0030341689592331	-0.00372666438033619	0.0437424324180612	-0.0253404807358104	-0.0428876373039144	0.118620261154565	0.236797875028119	-0.0646697903722853	0.073407773519709	0.00754691012248977	0.0274682195917461	0.00979920143987389	0.0225962983199414
-0.0771380214227604	0.161884616901872	0.102894611008602	-0.0397738674474715	0.0069320903320572	0.00706105662198529	0.000448761373256452	-0.000998295289419672	-0.0186897670623576	-0.00722504918033088	0.00956733420961754	-0.00304743705064286	0.00174173561060472	0.00194027829335845	0.000657970028983212	-0.00121425163366036	-0.000912472103340223	0.00234764178456775	0.0142023653157978	0.0220071351656785
-0.0817937106230825	0.166502169622109	0.111783214049299	-0.0467370546378406	0.00852709992699721	0.0157223552609248	0.00153725803927941	0.00411595856580335	-0.0187414621528893	-0.00386337977243778	0.00818983891004501	-0.00826185592219032	0.00196441807245223	-0.00700682042186668	0.0117352901509562	0.00551123072464413	0.00278724840034494	0.00501584871246493	0.00402335898889047	1.84502853342941e-05
-0.0199681231626889	-0.00132915312269773	-0.0275218490124152	0.0419493260262973	-0.0324998061085623	-0.0425691250020291	0.00773921340543774	-0.0163243424686372	0.0925634798536173	-0.179998167949876	0.262940164530788	-0.161164776295888	-0.104321293963427	0.0272981748694652	-0.0778599557650195	0.0561025642740474	0.00955045475572181	0.0245009006961823	0.00317168671908536	-0.00059346930470798
0.152039843698413	0.00858742066129288	0.0336945268105319	-0.0293473933718266	0.0134987817698232	0.0177720150402098	-0.191097389751826	0.000651366679155673	-0.00522364979900368	-6.65981273583896e-05	0.0046471528678033	-0.0101418839157644	-0.00390789767235022	0.00143710521590611	0.00833363577561682	-0.00264859608040639	0.00219709772963676	-0.00780087831008704	-0.00708668253867513	0.00686558104256444
0.14748797506285	0.0147644208220774	0.0387030464605918	-0.0267954420492755	0.00741152190394608	0.0190681256292876	-0.184829679658614	-0.00140290355317271	0.00236049754102382	-0.00195557700073116	0.00300826685981253	-0.000893312149482726	0.00334434567278602	0.00607384562058784	0.011435015865548	-0.00622323559727346	-0.0013007968700706	-0.00918881815358094	0.00155661797230656	0.00304126325209875
0.157157476700345	0.0152933696416738	0.0384138076132543	-0.0167413075328082	0.0187933429783029	0.011074079515056	0.178564422362146	-0.00197204441382993	-0.0142440818068788	0.00195736577971272	0.000790470107309601	-0.0122011483973599	-0.014515217991428	0.0146029107746788	-0.00218090938661486	-0.00171391904984872	-0.0104675292004436	-0.00152445491908899	-0.00196140448608863	-0.00397750958528564
0.152216817785886	0.0183611614559506	0.0341429421463344	-0.017691765705284	0.0173396791600327	0.010182133207907	0.185709774527467	0.0053501123349748	-0.0146094896006595	0.00476658179752399	0.00233580020481771	-0.00420048592152431	0.00215985838122544	0.0193738931496784	-0.00408713941817888	0.00289609205670858	-0.00584366982754107	0.0150537964466888	0.0084758049720514	-0.00998118140052892
-0.0294126895677779	0.00114619874969156	-0.120046241859307	-0.131096863704015	0.0167677335371801	0.0144976699128592	-0.00414658222639005	-0.010354749517699	0.000266609993298399	0.0443791302400701	-0.0275997432672185	-0.0428703745148262	0.134671514225195	0.262534188117263	-0.0797421200298659	0.0776422855408846	0.00515987419456508	0.0304325732139386	-0.00148667999127139	0.0125407761636211
-0.0794885875243085	0.160732629368359	0.101506469063035	-0.0448982243028681	-0.000427479618868598	0.0098520714490095	0.00869071109627917	0.00592846573552959	-0.022085428771936	-0.00515415973652275	-0.00500830625447126	0.00456324524058699	-0.00333669075426253	-0.00307155029047497	0.00100279652965689	0.00251129124682585	0.00638925721372739	0.00212870183490159	0.0102663702624831	0.00300378424557299
-0.0213077730263541	0.0109330358797419	-0.0505636923670281	0.145099634768063	0.24381791102766	0.0655250664471591	-0.00920458900909793	-0.0012984520944308	-0.0440006673387265	0.00155478472047042	0.00361001700222401	-0.0103257917722326	0.0123476588893346	0.00882563035627208	0.0114988552732858	-0.000959780232991936	-0.00871169378548136	0.00741576586671705	0.00686080943744863	0.0146608403760886
-0.0241416457584637	0.00989502189505442	-0.0482893678976457	0.141183695376764	0.239146335392458	0.0584240605094298	-0.00144502085915877	0.00303683250992095	-0.0489721999161786	0.0106320735644216	0.00126706080380436	-0.00662176024856739	0.00845241893539034	-0.0014882928697174	0.00846856826718108	0.00213757867567005	0.00675902074864626	-0.0163786103309369	-0.00615175677939542	0.00283554959410337
-0.0194107804324139	0.0131210959249302	-0.0499807529902854	0.141530934679136	0.241578816682274	0.06248731569212	-0.0107689894463519	0.00943667866498118	-0.0420579947535101	0.00909300771204324	0.00535140528694335	-0.00562202721594407	-0.00309711717506319	0.00356495068255871	0.00531116190244982	-0.00592616358927876	-0.0027104212523453	0.00840517704767755	0.000807363922412529	0.0114576422793394
-0.086065468155272	0.172591623940911	0.109719984414776	-0.0480289072730687	0.00963541164938358	0.0131859494130451	-0.00328586257382263	0.000529848388216764	-0.021290734397377	0.000778758785743948	0.00526866832749352	-0.00423854287212718	-0.0044918194344609	0.0105361534971696	0.0037281106536869	-0.00149564602843539	0.00148940162749711	0.00549332939185514	0.00618580326297003	0.00861518631321471
-0.0782769415111418	0.166755199849983	0.102217425478577	-0.0425134437610103	0.00944559462219487	0.0135025206511699	-0.00496083603689224	0.00367260937980099	-0.0178167831219805	-0.00183985193639534	0.00465445446711614	0.0108173263951082	-0.00604738813468905	0.00247462983750126	0.00765119359745637	-0.00344048776870257	-0.00393349797222387	0.00092470319758942	0.0118047733512169	0.0113066859309784
-0.0140772739038071	0.00142200356852504	-0.0281748986929897	0.041471110222029	-0.0235206808795036	-0.0381330752456851	0.00302828482038764	-0.0126705828396301	0.103549950961671	-0.19133955779261	0.261177550733624	-0.160048817472038	-0.116870270884161	0.03714080923651	-0.0761115032078337	0.0577483148766953	-0.000826674530425102	0.0462713333634481	0.00143408526506925	-0.00323129384646243
0.146001354118686	0.0112144783015288	0.0400679748633405	-0.0317611590454416	0.00909311611019355	0.0137593664968419	-0.189527426688352	0.00303428012605688	-0.00458772825382356	-0.00191034322568843	-0.000809047818050332	0.00216155998507043	0.00861919595772352	0.00557561505686724	0.00525950175800921	-0.00243265827287861	-0.00348773540774382	-0.000306056284839864	0.00326250274693384	0.00339675408048809
0.165272093095117	0.0166219508420358	0.0405424679396837	-0.0203214113891145	0.0145566577845395	0.00961291283004903	0.101252504059894	-0.00326770594738909	-0.00895147726594345	0.00273073501537148	0.000522606610889308	-0.00178317260185802	-0.00194513618391303	0.00877661072304306	-0.0031141482217862	0.00292047039571147	-0.0110270664357351	0.00614575284581264	0.0046848259547537	-0.00549966000940673
0.166241254385873	0.0208258347878874	0.0442006368167248	-0.0248666291864999	0.0163625751689615	0.00972762465525903	0.168954261341602	0.00393500692120871	-0.0166153564050138	0.00445079132245499	0.00203728569817091	-0.000890252169664202	-0.00332593100924638	0.0101741601907096	-0.00997800845030514	0.000989241729493889	-0.00916501704683132	0.00979937180939929	0.000802968299795015	-0.00171899542205798
-0.0170868010382371	0.00191065341595291	-0.0217122171614908	0.0286068919063758	-0.0245120468673105	-0.0227325506939638	0.0043835304238206	0.0238066969226259	0.069480117696226	-0.0317624405824213	0.0094746092045828	0.0407725530576598	0.00486827634409688	0.0746363440234061	-0.0726209909489433	-0.271111947363829	-0.338181049274836	-0.19942686725002	-0.0805701944566507	0.0413506168221411
-0.0292922516237166	-0.00906611673960011	-0.142933750985371	-0.162676990697048	0.0398833133251267	0.0280094136269318	0.00741980234715412	0.00102468210385733	-0.0307003707162287	-0.00621745096206448	0.0142102253694556	-0.000639830723455383	-0.0473742269254874	-0.082761780277532	0.0310395014316909	-0.0218096895784088	-0.0018203438954032	-0.0187173128678273	0.00747592176860038	-0.00230201464110625
-0.0106843969169567	0.00559336859981632	-0.0139841943511989	0.0310872004580626	-0.0243838101189983	-0.0233486568615625	-0.00946002026570523	0.0166609832793157	0.034920005260282	-0.00710981878747478	-0.0261440593580844	0.0157210491773395	0.0140777156154869	-0.015938363455981	-0.00786946608885353	-0.0116016522730528	0.0231358247553419	0.0391556119433646	-0.0101992967886123	-0.183658663436553
-0.0587547360798834	-0.158869428339829	0.126173083473147	-0.0478608515583929	0.0305114270287216	0.0254875738303945	0.000572092949584455	0.00490362258677376	-0.0134758198717154	-0.000812894112361567	-0.00327337322429793	-0.0074605896541713	-0.00278412042417895	0.00392461835742382	-0.00430005965695678	-0.00178105737057841	-0.00182737231704079	-0.00647878853775334	-0.00170840682253094	0.0114118461285688
-0.0164156595842372	-0.00891750407449272	-0.0208088597235784	0.0356426646871156	-0.0300137034634057	-0.0485931114695604	0.00242114189885655	-0.00894691068814889	0.125284068204128	0.301836049915233	0.157143138102838	0.0683838836486724	-0.0277259508893769	-0.0342583517898928	0.0145449203940663	0.0438370497681029	-0.000152311943206886	-0.0266824920344185	0.0573599601933268	0.0271700496693604
-0.0163356507088479	-0.00805751143588604	-0.044974350521558	0.0920600834305291	-0.156877951401595	0.215934420931148	0.00352507346712275	0.00367088386286573	-0.0808709917472769	0.00958735575628587	0.00572666701307878	0.00251987914776719	-0.00681477599138714	0.00212433012809702	0.000471730612478888	0.00120298734416225	-0.00485561545658044	-0.00808898955546325	0.00119009871904448	0.00541488520612534
-0.0160027265118872	-0.00988612664914129	-0.0289811699555634	0.0584054232318174	-0.0560321409403039	-0.141301322379376	-0.00966657656866734	-0.228761331368758	-0.157659080575154	-0.000991973542658863	0.0109122172981248	0.0203568475023498	-0.0129533906925098	0.00904755444216259	-0.00127101255766154	-0.00752138138283032	-0.0142205738336868	-0.00805401077830942	0.012723007947745	0.0151360603422037
-0.00644553689080454	-0.00476697155239078	-0.0175056200479307	0.0221055203929811	-0.0178374869614164	-0.0228336255112125	0.0132321321377689	0.00278316876897959	0.0480531449250341	0.00204696415322229	-0.00880646761015322	0.0135593763026102	0.0405075553051118	-0.0259302887071338	0.0143989245184222	-0.104473877592427	0.119293455238979	0.029708763998246	-0.120826202888992	0.0185218903152222
-0.0145198440217028	0.00271005259941375	-0.0269056138715528	0.0306804828405325	-0.0183157973374966	-0.0396046787888121	0.00831874639887468	0.00757675293908992	0.0572208550149593	0.0546190895996456	-0.135406733775713	-0.179617351867667	-0.105874312004294	-0.00211601739622201	0.0252894620899749	0.000558334597963582	-0.023102927480661	0.0119530223294602	-0.0029643105469196	0.0189888210345443
-0.0114949088281329	-0.00679108141700539	-0.0402867626887386	0.0899471179917576	-0.156851110251506	0.234091438194214	-0.00431401056288275	-0.00264183605830547	-0.0858724694665728	0.0154452048499259	0.0093350009357375	-0.00691536377133263	-0.00570384587776164	0.00230221532438284	0.00736074483665134	0.0168834496665794	-0.00804865775928928	-0.0114264537290227	0.0063969056204535	0.0135237806128925
-0.00690037447751733	-0.0076461583197858	-0.0254268750592286	0.0275183625411872	-0.0395277201841921	-0.0311206323374678	0.00367786220524815	-0.000716605809888375	0.0684380855223622	-0.0030977266442591	-0.0151386642068766	0.012700180899639	0.086852293623594	-0.0386795107042293	-0.00688283697618381	-0.147649540326715	0.229516571915188	0.0554449333163222	-0.298687109033526	0.16367686586832
-0.0228605663863114	-8.49801957252606e-05	-0.0946888382352021	-0.0885841747746566	0.0106069139991329	0.0133087406792883	-0.00117740442494377	-0.000313532543521792	0.00742450260199923	0.0126894630989979	-0.00776788054614953	-0.0228829595828766	0.0287096443373891	0.061523690303066	-0.0124240723060133	0.010701766665013	-0.00604086880708353	0.0245087497486206	0.00719726192409804	0.00599091310903092
-0.0266298646159932	-0.00127409644905048	-0.112498120058316	-0.120273717869676	0.011253925830052	0.0125131761082313	-0.0109108042235269	-0.0196025978368027	0.000584519700077585	0.045163737090993	-0.0285038989216954	-0.04528903280202	0.140539479516398	0.268108598903409	-0.0759855332792743	0.0871579764037797	0.000863061521818722	0.0125305769723594	0.000382653702294308	0.0209856645392688
-0.0566016983606852	-0.159563491409545	0.119906803858316	-0.0431905991198133	0.0288726746742313	0.0175772973638433	-0.00197847348854485	-1.93870481365779e-06	-0.0203412487139167	0.00401847813195388	0.00696290458001346	-0.00021849440468496	-0.00913108783624979	0.00480323030598159	0.00351439036319891	0.00331850918630367	9.15381874096767e-05	0.00686001604624208	-0.00255575626323251	-0.000811605587941829
-0.0089503907761326	0.00302046938761661	-0.0214315132895261	0.0342164454908481	-0.0198534462116989	-0.041629457656378	-0.0135036919256576	-0.00789072051415744	0.107313236586718	0.225700477318589	0.122037626697482	0.0620296682912419	-0.022952636155213	-0.0238180233038817	-0.0193835352392758	0.0315248870586994	-0.0251277121140221	-0.00869293983149063	0.03574994339719	0.0258257776956282
-0.0112313554920119	-0.00937224464008768	-0.0242763848533102	0.0351257462481817	-0.0121909221591505	-0.030418219807326	-0.0038885539315159	0.0110890038976909	0.0690434296271656	-0.0890657849877002	-0.102434964714567	0.256577906785776	-0.264037473679197	0.120182750288615	0.00298135869146711	0.107707678222769	0.0194036818009918	0.03635039409345	-0.0413217669168552	0.0151481732376578
-0.0105245356781277	-0.00461297327849585	-0.0159321287472421	0.0336738369497398	-0.0253349821389528	-0.0465407293950721	-0.00188095490246261	-0.0112644174477707	0.122278830614188	0.321610551198696	0.141100562365465	0.062794255413831	-0.0339217676193917	-0.0299456430169474	0.0105218011527415	0.0386427281553876	-0.00380882017535906	-0.0125758221619016	0.035446800308525	0.0197462134993627
-0.0604188569070001	-0.153484135799779	0.122601374961599	-0.0422596760463979	0.0281946709728211	0.0170175139370508	0.00910234699310266	0.00066762228069623	-0.0188792756415179	-0.00505552075341042	-0.00307128529994128	-0.00535022207541815	0.00487970066846978	-0.00173814563952983	-0.00363866804674217	0.00282071719541184	-0.00250720930897348	0.00388151210060184	-0.00681950402713537	0.00559803964200568
-0.013137719589063	-0.00494590678028608	-0.0295231457825066	0.0358220850134699	-0.0226721266601142	-0.0328551182229562	0.0046139165138444	-0.00979511705064148	0.0980171341567882	-0.1803188732451	0.260002523533908	-0.157963216411673	-0.103626535059369	0.0193755310738294	-0.0699257486150311	0.0527840923201987	0.00340700838508592	0.0261455005570296	-0.0130129314222427	0.00563198247139887
-0.0121492888906162	-0.00475071495708441	-0.0289451628424137	0.0587889513789805	-0.0522683257813956	-0.152556167245758	-0.0016929532009447	-0.254025932847856	-0.172532197973991	0.00165205656384455	0.0101834883412997	0.00112623817411474	0.000928762236808125	-0.00240771173350164	0.00712579038787743	-0.00556941294955938	-0.00810873552362136	-0.0170723794525314	0.000375296083263012	0.00490760202229482
-0.064364195377985	-0.156496996408792	0.122388178471418	-0.0466552597696899	0.0236765687298681	0.00909220157065725	0.00840277759735832	-0.00376651060295447	-0.0231915847947383	-0.000468237976797608	0.0115299743402744	-0.00707276131522057	0.0024346015101881	-0.000295385496789051	-0.00478867286964044	4.10807301656564e-05	0.00099758842551825	0.00686139413919573	0.00122378707516887	-0.00491692501315709
-0.000161514941550644	-0.00750569179053861	-0.0342753317986323	0.0412459971579274	-0.0497276743715903	-0.145541847273416	-0.00529915466715973	0.258990864226078	-0.17718283705191	0.00553680119121811	0.0302447196645495	0.0189484418369893	0.0218248978576212	0.0032053712225544	0.0080212288279259	0.0247976191501949	-0.00960229053820186	0.0188813687850491	0.00942663220893683	0.0300759311105333
-0.0566421405866166	-0.157307620720333	0.121436856922343	-0.0461370734430897	0.0278665445466462	0.0185871444238106	0.00268376325232869	-0.000362318214250014	-0.0105439657217385	0.00113450408984783	0.00571105096630084	-0.00975173693665195	0.00100387334893246	0.00322893659797511	0.000666980125955174	-0.0148941336218635	-0.00961427804864158	0.0119801353783544	-0.00341783193711057	0.0166260947914428
-0.0115159083190887	-0.00498337764775906	-0.0250660516868015	0.0348082688681117	-0.0181445890867488	-0.0296226466678588	0.0241674907632888	0.00663130167826499	0.0802725824636146	-0.0572642680125114	-0.0238056509512537	0.0182019534290486	0.103070744744459	-0.0363229999163426	0.101268748060938	0.119436020849089	0.0405679181127192	-0.171719761865968	0.0313092994147153	0.0210389116629721
-0.00950257579052478	-0.00324927039850917	-0.0197851130775927	0.0297739063837457	-0.0369972446718121	-0.0404567852244573	0.0248108938719918	0.0158979572968261	0.0532267900202085	-0.0170889301652943	-0.0105364429171431	0.0138639584491408	0.0616442814249844	-0.00863853187787662	0.0235367618057563	0.0090038738748406	0.0912314493877582	-0.0219466744455471	-0.116953293270993	0.0687895587161708
-0.00490149540322407	-0.00995881887927123	-0.0311317675086076	0.0480108092316959	-0.0534716437850681	-0.158422398312702	-0.00800207263135001	0.266716895949693	-0.191794351642987	0.00680902703921309	0.0333329275076825	0.00678085864307651	0.00803138374480015	0.0101165083012336	0.000974333062708973	0.0126224347944936	-0.00456237692524283	0.011145870468849	0.0154558842461596	0.0223029783574109
-0.0294463258956597	-0.00302951614846082	-0.145200592614621	-0.172266012556922	0.0396325547941108	0.0337406374235959	0.00872841306754513	0.00351249056683528	-0.0362836645296693	-0.00917491756418751	0.00701365141983882	0.0212631756630207	-0.0610829000755597	-0.100513083358375	0.0301330785749077	-0.0232620005309985	-0.00272397033821845	-0.020634559199076	0.0121193519175747	-0.00244818378887886
-0.0183338608183493	-0.0102473340159359	-0.0414961014987408	0.0860351950861789	-0.162646306567022	0.230485054115016	-0.00162961622217506	-0.00191020939494486	-0.0760736316805049	0.0105145884646431	0.0136828494440828	-0.0183083493424899	-0.0027431778006439	-0.0143149664863279	0.00800588319321052	0.0156486831770179	-0.00544008012010522	-0.00378736723971205	0.00813870457347276	0.0157531548809538
-0.0125663466339764	-0.00955545744009812	-0.0415680840215909	0.0831726679437519	-0.154812091039253	0.225435152744735	0.00342392204681173	-0.00550549134069327	-0.0811169634062896	0.019801614515737	0.0252786240870037	-0.0134883155427349	-0.00867876229729696	-0.0133309697269936	0.00302458310481438	0.0115361619304463	6.61326300197174e-05	-0.0167389603335341	0.0035649453084646	0.0258008882734049
-0.0192338190915932	-0.00576303438001983	-0.0214140290522346	0.0294191735823941	-0.0247636325697518	-0.0167088676825829	0.00186619553518487	0.0323894171978694	0.064000751713077	-0.0286811919275739	-0.00541181751586236	0.0437017380018644	0.00526752483755702	0.0675677232237381	-0.0668951590113307	-0.26192075377072	-0.321371053245158	-0.201342806189614	-0.0688273552989172	0.0317568081531101
-0.0604361505139115	-0.158871569098656	0.121300920390566	-0.0491727371441399	0.0252626616561674	0.0239177419034786	0.00742421893059118	0.00186341437572113	-0.0207306185812455	-0.000178411289071938	0.0139645198758049	-0.0042994218851036	0.0022802048829369	-0.00552281356090211	0.00619060619955257	-0.012759248632209	-0.00122139447702184	0.00211834367364457	-0.0140838711146105	0.00793459123877595
-0.0108450037056874	-0.00788692565568958	-0.027438050998624	0.0552229374091728	-0.0445391031597035	-0.13533641842042	-0.00877927207515352	-0.232259132112733	-0.168751938048484	0.00396005894240608	-0.000798896701004574	-0.0108231373396068	-0.00595933324882598	-0.0039979399117583	0.00378213666041168	-0.00514621540905751	0.00145105307590817	-0.00993094372846569	-0.000816317015547092	0.000722868841485608
-0.00408589782775106	-0.00397641918587228	-0.0315549793342573	0.0453669050111956	-0.0494415557420646	-0.150415905217959	-0.00772389239122234	0.272608631111265	-0.192767168705137	0.0099601030104996	0.0362581450230575	0.000816229456735092	0.00801341868007773	0.00659954699468495	0.00632980832212437	0.0196067651292317	-0.0081071901321124	0.00679244515921644	0.0108912655234497	0.0251477846487826
-0.00754332342977806	-6.33114030520587e-06	-0.0121047919248914	0.0336178953703738	-0.0216930240471948	-0.0376688801466433	-0.0203508993371942	-0.00688607581485836	0.096971057016572	0.223060098657599	0.110152895337253	0.0600984425406826	-0.0202693829823	-0.0279590821453648	-0.0164148834700599	0.0377164024383428	-0.0215861165862728	-0.011267954710993	0.0214487233049452	0.0162965500446271
0.155580927130648	0.0167317917552961	0.0355856091421378	-0.0122426767997889	0.0187151729262346	0.00194618950358562	0.166064499979271	0.001677273486969	-0.01641945830948	0.0145379206150654	0.00124848288438261	-0.00510077275642434	-0.00891466286934116	0.00301901423090147	-0.00865803266051998	0.0101024930291451	-0.0108394898121656	0.00400922380775385	0.00890250961872234	0.0138777086150851
-0.00182718671679038	-0.00433037089777027	-0.0336816564643378	0.0440570603339711	-0.0534020991523496	-0.148317024722819	-0.00358138332571106	0.268461864170029	-0.196955538243844	0.00169920216550035	0.0339117422678751	0.0093282217565075	0.0126610678216228	0.00815119827439539	0.000822903684688139	0.0152277615396473	-0.00218903611532769	0.00504842225852365	0.0123424160247602	0.0137230689168625
-0.0553596673868787	-0.152400311493024	0.111708711507761	-0.0428121881401113	0.0249956435381629	0.0151966614798767	0.00547058594886186	-0.00058432343333833	-0.0135082338360952	-0.000506297560304778	0.00427774061566362	-0.0072254978296832	0.000859583988953087	0.0152231946466417	-2.78002266109623e-05	0.00179425522555454	0.0169817047402775	-0.00317769758348172	-0.00502422055352229	0.000867842944996838
-0.0105619605536086	-0.00923476116895718	-0.0281632004516678	0.0593718190378241	-0.0471799799577924	-0.149824619942496	-0.00787368161900313	-0.248616695571252	-0.180389012075335	0.00629625710032394	0.00397610047957279	0.00861346621092323	-0.00326516987110509	-0.00351733073260704	0.0133072900729839	-0.0157917631119863	-0.0136205683131149	-0.00432891951887854	0.0111201995922457	-0.00180715181949605
-0.0761270731961057	0.164667303973528	0.108400180065638	-0.0409919705442517	0.00851148007239023	0.0134876917283544	-0.00130580122402818	0.00228286109532878	-0.0122239341790164	-0.00154198410818144	0.00413560908513464	0.0037732334841295	-0.00927899673003829	0.0070599574051578	-0.00480453088564281	-0.00593245512746439	0.00536195284636841	-0.00930495977350346	0.00653046267697567	0.00789204171208779
-0.0173743614360265	-0.0115185656138753	-0.0387109380738702	0.0884820433685748	-0.162824952345067	0.23582597369538	0.00868765438832795	0.00119849277017014	-0.0750509763741772	0.0164949554448321	0.0068862817053323	-0.00931402714351342	-0.011867091689389	-0.00200697245656154	0.00138262025425159	0.00511531217314176	-0.00361358881079331	-0.00933680870211417	0.0120455789954428	0.00706103059946893
0.000890939041674143	0.000689660548843593	-0.0192149189249598	0.0271833260139507	-0.0150061778805022	-0.0197603044208061	0.011041508871861	0.00352521361606614	0.0476316100621056	-0.00855357387529139	-0.00451269410291059	0.0112123493162312	0.0467506204565342	-0.0169908390772217	0.00998300409529742	-0.106244933697459	0.1358166668027	0.037852008360695	-0.14713480750022	0.0451840712850405
0.150907321520881	0.0114602180503054	0.0423006769509076	-0.0295163111518835	0.00761210985249635	0.0155087379728134	-0.195041246881997	-0.00630940394781382	-0.00516158227082837	-0.00437041032610734	0.0101079934855601	-0.0023626311031308	0.00624199356084818	-0.000639525749196199	0.00630126977018265	0.0071964405911875	-0.0044008105164709	-0.0086907580426375	0.008676272064391	0.0234178468434952
-0.0573710232162906	-0.163773525212836	0.127928305709487	-0.0459201662399763	0.0314407801798165	0.018547184706654	0.00796283317404551	0.0017158925072124	-0.0206955154558621	-0.00196708404740158	6.2994296488931e-05	-0.0064241976707156	-0.00287290584969943	0.00929090383292133	-0.000754115265286562	0.00447294799647697	0.00513230797140187	-0.0043735466645568	0.00626684559525882	0.0153115257437666
-0.0155416022189305	-0.00470463252760862	-0.0313308257642128	0.0374761034921437	-0.0266185756797028	-0.0490518722308194	0.00107707305451657	0.0252203561359804	0.0677942639285507	0.0983491964097441	-0.191669587984541	-0.245902603681579	-0.142455677040885	0.00288785321426112	0.0767363850213318	-0.00223156998527341	-0.0250824900651897	0.0152871471335346	0.00615576499735561	0.0219124958537215
-0.080312781086843	0.162291697902528	0.115864983099452	-0.0442457744661883	0.00958808871622733	0.0151050474611552	0.00468587862818707	-0.00102865885114058	-0.016408436840251	0.00453241649525671	0.00574068117292628	-0.00188814908642319	0.0030127317290228	0.00806968331277749	0.00245193978623941	0.014192915465332	0.0058796779105001	0.000400350740940299	-0.0146240924507847	0.00626646911331709
-0.011897858736276	-0.0082269460758943	-0.0244722490963258	0.0437141403238052	-0.0331880860119763	-0.0447597228378883	0.0206538393472707	0.00336121845023324	0.108999162634491	-0.115682129854416	-0.0365586316341807	0.0132787947751131	0.126823627245163	-0.0413559968045594	0.161450272046639	0.137423053009805	0.0409336592025182	-0.219997199836934	0.0706242071524969	0.0188926727032034
-0.0802676009683407	0.16462173127337	0.106058379249109	-0.038986887196358	0.00418134867226784	0.0129034838396349	0.00222060515853343	0.00988752429885935	-0.013475059023183	0.000306869298377483	0.008642234872401	-0.000185434885127847	-0.0111909691993337	-0.00124251091608929	0.000540667311947505	-0.000289214294481941	0.00200366734222573	-0.0050695645412594	0.00355096625538725	-0.00248284796382761
-0.0585448169394859	-0.151423821431198	0.118479489693949	-0.0429072201996259	0.0194570739669008	0.0134128974908944	0.0075793349009138	-0.00335268570367859	-0.0177582885433566	0.000752257586311947	-0.0039360877359138	0.00248271035915594	0.00134450892728571	-0.00900111078686329	-0.000955724769737149	-0.000600561146572023	0.0141180916325402	-0.00107539247273386	-0.00344482451246669	-0.00426627955318699
-0.00857529909900175	-0.0043065134573047	-0.0288642571297037	0.0380420762951452	-0.0163884926378779	-0.0416103390109538	0.024502040357314	0.00197458749003318	0.097275292515359	-0.111094114899391	-0.0398686633807429	0.0108220953361727	0.145743601391343	-0.0358223545943076	0.177373271856226	0.154541575430786	0.0379338267209588	-0.256266006938583	0.0876763169067357	0.0320130339466707
-0.0137876375876771	0.00357738098224544	-0.0182471954032379	0.0300517293162416	-0.0244773384019288	-0.0446706545663632	0.00861840859908431	0.00143262005194855	0.063159248420115	-0.0916606094732487	-0.0263974271866015	0.00528493671844683	0.0745011506497924	-0.0324111422456518	0.107617366427817	0.0711315021681946	0.0394142716860798	-0.142803594785131	0.0548426036119184	0.00183501176175398
-0.011132680258349	-0.00432795626558302	-0.0290846651324359	0.0276412813158031	-0.0435338319348243	-0.0371926043189676	0.0229833530350887	0.00702087477903501	0.068250143394128	-0.00272899361677153	-0.00641046213760981	0.0226419929983581	0.070420224687718	-0.0274223372906735	-0.00331246391680384	-0.0969769792589517	0.182502034161778	0.0441550873464766	-0.27307120510269	0.143111395528703
-0.0060211536453881	-0.00395924878790394	-0.0305944310857457	0.0483982137117373	-0.0516403289142172	-0.152005131214241	-0.0161237020696222	0.267724394839621	-0.173199899380827	0.00580874988004448	0.0383371142096021	0.00474445378458672	0.0153239239219121	0.00435557553352716	0.0122606928008764	0.0228831032923456	-0.00986053767037493	0.0107056427425533	0.0121993803099158	0.0412966454622925
-0.00986235235978211	-0.00187230882648559	-0.0147341009612882	0.0225633229605187	-0.016515259649573	-0.0351390635538922	0.00125345217986193	0.015773883577908	0.0308518375752561	-0.00996304466466624	-0.00380535478492772	-0.00581807284965859	-0.000601304308124201	-0.00661040974119995	-0.00876192948122269	0.000361301028762921	-0.0115736746524751	-0.022958507810285	-0.012046515785942	-0.0637976759565204
-0.0243692444243376	-0.00277421904160603	-0.117924534869182	-0.124442633421312	0.0159777501373442	0.0194152115600981	-0.00562146416469232	-0.0154475138614577	0.00368555232099448	0.0446142791858607	-0.022998187801242	-0.0373233662495355	0.129355524715771	0.26290041504816	-0.0768254840737477	0.0658245095579676	-0.000657433775113675	0.0204835846074635	-0.00119824260468269	0.0157596521044449
-0.0104968417594596	-0.00704980478869248	-0.0279870980701933	0.0357919192160678	-0.0163493975275562	-0.0234676737120002	-0.0102138347372073	0.00901698391911022	0.0717930349466685	-0.0791723533376439	-0.103622139982051	0.25272625204741	-0.26172498106367	0.119380143518296	-0.00798769089953223	0.110012321066423	0.0209370410193036	0.036145846686781	-0.0336969115704846	0.015437572596608
-0.0155689334430781	-0.005990581831094	-0.0119899166477384	0.0292453561371615	-0.0189904370647392	-0.0248272679256487	-0.00402533962191969	0.0207160859938067	0.0590701152308287	-0.0221054396218233	0.00450567152368796	0.0304242977657876	0.000943769107727601	0.0367784727236315	-0.0327929214895276	-0.128127101560939	-0.189423423674593	-0.0953804740504255	-0.0595434134610168	0.013375180430155
-0.0188064788333588	-0.00728255694236247	-0.0157820963201391	0.0341446108701257	-0.021132519132689	-0.04889543626152	-0.00381043716373707	-0.00338434209307551	0.128667587774506	0.319419884668395	0.151763988301028	0.0737780058859745	-0.0226522997863057	-0.0364485056577545	0.0221955062159031	0.0432443065212152	-0.00914846995850022	-0.0291806492686395	0.0511959812365762	0.0184825121637513
-0.0171996243980913	-0.00382533943506588	-0.0403796199805737	0.0867338892954492	-0.149920408012677	0.2147782809523	0.0037188558580273	0.00256408741659593	-0.077105018990052	0.010280444588148	0.00638638884087331	0.00139142267988336	-0.00286458906347895	-0.00559954335460218	-0.00262148547814492	0.019458363710084	0.0100365042902744	0.00458895133398071	-0.00239309850723674	0.0110017368287501
-0.013221326104935	-0.00218807130606405	-0.0231493949941602	0.0546755474904097	-0.0471728167816838	-0.147659670153148	-0.00923808485112916	-0.249421551322363	-0.177794211291522	0.00873669547828976	0.00213654254829747	0.0125564593001348	-0.00718828488278306	0.00610617839655505	0.00307008307671957	-0.0100572591779218	-0.00986284351102863	-0.0186327762989296	0.00982159699751619	0.00214657997829645
-0.0106850653775218	-0.00908153298257908	-0.0385055094704199	0.0903502028061643	-0.15685933320792	0.218382732864075	-0.00551501532906868	0.00510054438049621	-0.0777391666103971	0.00590091467170761	-0.00201487879531448	0.00710035265853232	-0.00726806477831225	-0.00765079051206355	0.00201651956004577	0.0187125819124053	-0.00486691779636809	-0.0142457006728232	0.00695025953921852	0.0174613056348252
-0.0106820933134824	-0.0108927761596666	-0.0386656453929496	0.0886231985685964	-0.159283651129751	0.226964132428794	0.000937657026338089	0.00545831307489299	-0.0737791681125335	0.0181435915259217	6.95684316173657e-05	-0.00235226048827947	-0.0155034447444514	-0.00259914903688042	0.00197076359072918	0.0149067642350883	-0.00537159899559863	-0.0146238335833191	0.0199571688173031	0.0049501681906559
-0.0339714448973267	-0.0768712740722092	0.0538606246225335	-0.000383648851013873	0.00391436640676082	-0.00525573766946379	-0.00729831669719214	-0.00569398962271714	0.0112077412465643	0.00137211369966656	0.000449415227040036	-0.0130388433176001	-0.0018148978490559	0.0122187426261735	-0.0198752382793253	-0.00242188991869519	0.00363282203566647	0.0167214056155158	0.0159688907606179	-0.0313967757812884
-0.0183244325264944	-0.00646776054407807	-0.0217331557164564	0.0512633659850024	-0.0515931617897766	-0.144902923303773	-0.00865468264676285	-0.244810468759121	-0.176232561688404	0.00851450934757158	-0.00979782117366398	0.00450780426449395	-0.0158881450224788	-0.00155897673541486	0.0103214456502096	-0.00788738521982515	-0.0116668596724693	-0.0197593219148343	-0.00117287014914024	0.00845494151749467
-0.0114860919164656	9.36563080122582e-06	-0.0162259088183228	0.0221651551197216	-0.0100254361362199	-0.0226770858819148	0.00115015039096106	0.0186341115949645	0.0388918916048087	0.000295674806328083	-0.0112335522727672	0.0195166370611712	0.0241271706538297	-0.0098212349711655	0.00480827173093036	-0.0200159362494421	0.0263457041644242	0.0131389806012506	-0.0145153993359487	-0.184403145025125
-0.0150216817732431	-0.000878583198504152	-0.0330814005335907	0.0386365209014787	-0.0208297496458161	-0.0343480060807818	0.00607500272420928	-0.011547953731272	0.0900340536660359	-0.192642610345119	0.318104526778533	-0.200730900930997	-0.118833517226295	0.036455808822182	-0.0855435042471713	0.0748015692914514	0.00451577257821606	0.0292783480692871	-0.0136847198430811	0.0177950320865125
-0.0841377055834999	0.158452338842516	0.102518843598013	-0.0448023481221319	0.00978608960900823	0.0128822622436539	-0.00396234758328903	0.00640068789682932	-0.00754596490618331	-0.00615051650637014	0.00966401357427531	-0.000650408235265628	0.00818212089272927	-0.00242924160507126	0.0048124800035105	0.00427562621949409	-0.00189478428194912	-0.010205988337659	0.000106675302224815	-0.000393709634383936
-0.00911858697907269	-0.00594027338347048	-0.0288844861723826	0.034901764791818	-0.0135694975823601	-0.0311662871616919	-0.0161724680415158	0.0107123861882412	0.0702368552394628	-0.0891173607021285	-0.112094728975674	0.253682261863949	-0.237654015025218	0.128466962916651	-0.0143650878057821	0.101781824629434	0.00889374523353606	0.0367997424736248	-0.0474830730140615	0.0119493348751099
-0.0793339078474905	0.164552650616898	0.105161767166797	-0.044726658602297	0.00637456646467522	0.00885371285591624	0.000808077242366128	0.00350250761791389	-0.0219959701252293	-0.00340797649955314	0.00382972287238074	0.00635360401680303	-0.00574561982811257	0.00581543971619653	0.00724005766700967	-0.00825077090691769	0.00593827476730427	-0.00127550622471729	0.00832832288242534	0.00902556890506326
-0.0554839724671895	-0.150594977673668	0.12175876986858	-0.0441978316062935	0.0213784632076696	0.0134921798536649	0.0124949819376187	0.00721590924041667	-0.0170245155435797	-0.00265488174054936	-0.00529927821612045	0.00585649444977068	-0.00235506197053575	-0.00472540561394355	0.00239373593143759	0.0039131602692474	0.00464382199331847	-0.00439713176811441	0.00391186110210109	0.00132695841608998
-0.0110613412536916	-0.00385651714615707	-0.0300588030464981	0.0346760377229458	-0.0283419520822061	-0.0353303102264783	0.0269254351346096	0.0030018201973356	0.109290037841528	-0.102094330011998	-0.0418225991253664	0.0136735308118877	0.136417066831004	-0.0400611388264635	0.1642125384177	0.134050510830176	0.0346779861325536	-0.224054452463341	0.0747339836626459	0.0148795241301392
-0.00637704374430634	-0.00584397227138254	-0.0335150736658247	0.0461325310502364	-0.0488085866033977	-0.151609608489076	-0.0145792871247299	0.265238348113919	-0.186742863446407	0.0107660048980536	0.0361844816547034	0.0082536972296437	0.0106075595491249	0.00840963065255089	0.00995853427792001	0.0181523479078297	0.00449974587918909	0.0100389558946343	0.0158140073088094	0.0311173681622963
-0.00863206158640146	-0.00287571637431583	-0.0123932814410494	0.0271478762038756	-0.0252657641071312	-0.0301446482206407	-0.0120037082422516	0.0031875373272196	0.0488506121119973	0.00488627568067131	-0.0013725940138713	-0.00102629353859602	0.0380903520342584	-0.00655129953458436	-0.0102668138314073	-0.0317564086563684	0.00519452880833102	0.0316151464017358	-0.0357242351361708	-0.25861607179986
-0.00150593589409358	-0.00806243464279545	-0.0329580727012989	0.049866342041057	-0.0514430871536866	-0.157449785582231	-0.00775314637110036	0.26765496726061	-0.192552913913434	0.0155672178052488	0.043498590738412	0.0055453607850842	0.0113380387116352	0.00428592304654648	0.00738704254476444	0.0313535618933009	-0.00587885176878869	0.0145521833268452	0.0254607000646676	0.030231557782763
-0.00969331213362144	-0.00229073027299962	-0.0250060858245304	0.0242982946918701	-0.0412599517663104	-0.0338473703694676	0.0115840328200249	0.00544913911628288	0.058863394706976	-0.0117651423082548	-0.010399661508661	0.00151518923205325	0.0637431525821032	-0.0245429820186497	0.000232151877147524	-0.0797060158454952	0.143360497503003	0.0337362183871575	-0.215973925306727	0.117387186682792
0.150653765901166	0.0133201704993539	0.0376368634651806	-0.0302744272884943	0.00558098621062359	0.0132981621245318	-0.179225185775591	-0.00149433266005231	0.0021740274365653	-0.00924067609338611	0.000225349039089998	-0.000226019881155257	0.000689810831767737	-0.0011464260805646	-0.00366123042246467	-0.0109312676201516	0.00743075552534013	-0.0179501246911531	-0.00205930724706831	-0.00628595526217997
-0.012747591859354	0.00246877123077008	-0.0122924791515788	0.0206511034297178	-0.0187652976500319	-0.0249775528392318	-0.00059965054070749	-0.0110988195041972	0.0130133108476245	-0.0103624116758242	-0.00652152075718611	0.0116612206364985	0.00359421620794245	0.00124749994404558	0.00846912894173504	-0.0155340440617231	-0.000637726994635628	0.0205939456640578	-0.00813463877725368	-0.0214268519324607
-0.0083528501561847	-0.00553388074097236	-0.025534625227623	0.0421120632112855	-0.0310192503233763	-0.035078654900381	0.0276201790658632	-0.00024942659414829	0.101244199666011	-0.118571687445225	-0.0371274895117347	0.0230530098066497	0.115474993808649	-0.0352557658419939	0.149646753737127	0.133079297437861	0.0318523219644295	-0.212621988333198	0.0617244574251915	0.0234394032446848
-0.0168920326822374	-0.0028242308371831	-0.0245267037525434	0.027207409452452	-0.0166835992291833	-0.0257010934244695	-0.00426737392681466	0.0246591417054244	0.0752494898928129	-0.0376572850730261	-0.00469961259996674	0.042799332442605	0.00751217036604812	0.0744366513781096	-0.071250128727971	-0.266717216803798	-0.330982136462776	-0.195327233151772	-0.0805174489183807	0.042400244686113
-0.016459795356421	-0.00408926260607745	-0.0216813299264183	0.032822054106094	-0.0192804606336601	-0.0422472093872936	3.02196708861112e-05	-0.00903681716973837	0.115599740448053	0.296194481586513	0.153890963058859	0.0707180607299871	-0.0349576835706001	-0.0359871593882147	0.0120140078786975	0.0513781125553167	0.00431681290468304	-0.0191608539663764	0.0640386983036375	0.0286129969697543
-0.0609685111223842	-0.1550314357512	0.122309569520152	-0.0461041257792764	0.0221468666604876	0.0158809155090443	0.0137000621143356	0.00662646747378152	-0.0215621066356065	-0.0014251935871782	-0.000174709717385399	-0.00566927958629933	0.00645225076058566	-0.00439943987397219	0.00449009592424765	0.00631296623467809	0.000282430846413335	-0.00761049963435479	-0.00176012623423029	0.00567321372301437
-0.013830348545021	-0.0109756864976359	-0.0395725472639694	0.0861940654935535	-0.146357908978939	0.213367653172448	-0.00155236406855227	0.000516863089637514	-0.081361950053736	0.0140392404380993	0.0184552647333499	0.00508421472027579	-0.00454856861145231	-0.005821275304248	-0.000241147341713678	0.00944529069124997	0.00149236617416786	-0.0132420163293383	0.0035124466393426	0.0199261649960572
0.150728257369582	0.0104872589717161	0.0416732093126028	-0.0298732273178449	0.0127863688850873	0.0163284811694367	-0.188873888630945	-0.00123592863451161	-0.000589439827911479	-0.00633492104897661	0.000784335079436201	-0.00517701623804412	0.0132322995414472	-0.0126880180922205	0.0023430217492289	-0.00398067546700727	0.00840347322005278	-0.0101879483294982	-4.47006983317197e-05	0.0179615619365427
-0.0834959744412537	0.16869774053462	0.11131322327794	-0.0466972083885294	0.00778009693104533	0.0157786024144351	0.0011669220044887	0.00250786772931381	-0.0191621767417482	-0.00599056430997916	-0.000538485322811262	0.0010973710376598	0.00351049554045994	0.0115355971169372	0.000261410277672184	-0.00300941643295271	0.00834995726204816	0.0051703385223597	-0.00302092131110766	0.0119379947091923
-0.0556199466675625	-0.156379577615475	0.120125473777378	-0.0397789803392559	0.0287735373291966	0.00826342413124088	0.00535087812251186	-0.00497807470477153	-0.0123181636919888	-0.000934608468668264	0.00159103076771746	0.00453192361412886	-0.00625288802999094	-0.00206249703141288	-0.00953428260171994	0.000888963728420718	0.00433699002344305	-0.00444967073190866	0.00933310117833237	-0.00345019487101107
-0.0272529815127805	-0.00246480315812627	-0.12607795538293	-0.130949829105106	0.0191222944622667	0.0168614813190447	-0.00687351777507954	-0.00891516129805313	-0.00317153505648542	0.0433560539633538	-0.0241392778664005	-0.0413615284115484	0.132594539836589	0.261961177103631	-0.0710394110320916	0.0836119018068834	0.00282963526059143	0.0194802953240008	-0.00370747312863309	0.0197918028090116
-0.0125994809180939	-0.0048533694000014	-0.0185637356973693	0.0439172012870948	-0.0303318124218465	-0.0372655496826887	-0.00666687638466158	0.0128788881654766	0.063364929248116	-0.0378753039035567	-0.05082861642527	0.0218613145769628	0.00117567695217449	0.017563841295171	-0.150814845874012	-0.204376142574978	0.183717801543774	-0.0151961785511562	0.297174320951501	0.0234709965156128
-0.0208400555810432	-0.00399208441695947	-0.0221147588996694	0.0365788970394736	-0.0288675502812624	-0.0485543092806859	0.00214069364271641	0.020561994853123	0.0707727529147166	0.0903712873299499	-0.235659904674669	-0.30186174724657	-0.173326368714379	-0.000747812635095179	0.0899077671803537	0.0141397195708805	-0.0169678028536145	0.029701311968556	0.00932720100824267	0.0387332174234483
-0.00984532885843432	-0.000965226695732044	-0.0208070982836544	0.0170900151551433	-0.00680621325439039	-0.0247783779141171	0.00217722796317366	-0.00210844190072135	0.0297937176483627	-0.00247188633219068	0.000558430474097921	-0.00707871125945978	-0.0116351058565724	0.0166804355157019	0.00598764335875584	-0.00245815548839827	-0.0206372436904809	0.00809421264608977	-0.0113602437711072	0.0237389058481105
-0.0287510140764364	-0.00357806980671998	-0.141929396698553	-0.170725475663848	0.0445428246106577	0.0291739670612923	0.0113332135058207	-0.00198388505018199	-0.0377679487733752	-0.0192977617315534	0.0244497484285377	0.0243073463338737	-0.0563490918615495	-0.119911794750179	0.0354068058996453	-0.0318258016396121	0.0116176838114024	-0.0147086309487926	0.00921144432212663	-0.0168314310561771
-0.0549809998940821	-0.159978950658372	0.123443220384932	-0.047293855027748	0.025590079822061	0.0153108562629252	0.00221827173094789	0.00137663479039936	-0.0227356251868283	-0.00264133192016782	-0.000371513049232591	-0.00181064315970284	-0.00465969822925528	0.00976487753049986	-0.00210985887564817	0.0185204229520762	0.00561009681075112	-0.00587510162073279	0.000381979389406236	0.00411971515741418
-0.0171791196037216	-0.00398465922767273	-0.0167369919086991	0.0336558205311523	-0.0155690049107276	-0.0513553250033678	0.000835132340109861	-0.0110601920076312	0.131315796631964	0.336508234495912	0.167797465129048	0.0682614432922504	-0.0328643447158628	-0.0323714023980806	0.0107451971982173	0.0546132356038633	-0.00107273391166405	-0.0225724273485609	0.0510387415321793	0.0273544655988799
-0.0180019933191117	-0.00917152364758439	-0.0405267448465809	0.0896556272325882	-0.158622980863981	0.228327224333586	0.00425047454001344	0.0023069404393979	-0.0734163037763072	0.0167030567324757	0.00947610657763307	-0.00759361896852517	-0.00955418469946744	0.000573318249967342	0.00289216624926167	0.0057029607114244	0.00604567825819674	0.00318177607833168	0.00650139837765752	0.00665029401481507
-0.0141508084587062	-0.00454576884698461	-0.0249620786225877	0.0590045541316564	-0.0964736126264528	0.102274671833324	0.00413598319592905	0.006849626427796	-0.0336629638425249	0.00283348942412852	0.000952668557253863	0.0159609746877159	0.0121052243496574	-0.00314669464727969	-0.00444998334999039	0.00904019637650692	-0.00337300553712212	0.0261871103569341	-0.0112514931510691	-0.0176283581134777
-0.0593962338332861	-0.156267388394236	0.123271021274988	-0.052363759505566	0.022698018433071	0.0119758152715412	0.00525184293184764	0.00221145380102082	-0.0101159283606949	0.0005117797831271	0.00943976977104631	0.0030600836245605	0.000642787289336092	-0.0116143934707983	0.00408992420399873	0.00342697041095666	-0.0136611021986895	-0.00586229988873227	0.00480979175689544	0.0119406249729477
-0.0150638207941617	-0.00353575022900507	-0.0285214189288915	0.0525437036265898	-0.0463796296632272	-0.148722600960849	-0.0139799070525773	-0.255153346200909	-0.177116483427797	0.0121048441061246	0.00278859053445238	0.00144935567585927	-0.00568503862704148	0.0167320370405601	0.00556831826653323	-0.0107192820735194	-0.00384563999089909	-0.0113964404603319	0.00613923508541661	0.00240458807908616
-0.0616276598899976	-0.159265294727142	0.118713742191893	-0.0443497185989522	0.0275854520598135	0.0211813531957126	0.00587217587653689	0.00811025692374087	-0.0122316903423096	-0.00329194510132047	-0.000730548283691873	-0.0106276805540712	0.00526410355077339	-0.000757954408261351	0.00805799023502818	-0.00347868123955833	0.00251504987983658	0.0027374762999833	-0.00708860690458775	0.00292487860471855
-0.00893114578619171	-0.00652677205921504	-0.0171330177526856	0.0252433630828244	-0.0134814817417237	-0.0294465570278143	-0.0142627089046669	0.00539764225454254	0.0435610638350526	0.00218722479508702	0.0092667347327805	-0.00458339084395896	0.0220111125049532	-0.00535045243524077	-0.00381502893844776	-0.0319356222856239	0.0163774662151595	0.0395931185037255	-0.0436049324364788	-0.270915578207436
-0.0137674532116572	-0.000809983475587017	-0.0175439407868771	0.0359760812014979	-0.0280666360809382	-0.028994377670809	0.00236195905271577	0.0153073151744438	0.0674870840182148	-0.0362282933669388	-0.067617095226016	0.0290579754895649	0.00665568754068311	0.0199684536149322	-0.163535378338613	-0.237905623927372	0.21599871404307	-0.00882448810114498	0.320222877949107	0.0186033846697249
-0.0142516978120487	-0.0033166960361216	-0.0192676535754648	0.0278178567858152	-0.026797137148584	-0.0297633735728307	-0.0184109405241308	0.000437900967706642	0.0485890223736426	-0.000647488088612447	0.0056399421938128	-0.0098876172768152	0.0293331146520707	-0.0161290880254854	-0.00825930606821467	-0.0355628769156035	0.00220968690419852	0.0400517263178491	-0.0284210143971715	-0.241111553371553
-0.0154143900155694	-0.00293549516808664	-0.0134697922749307	0.02434196899371	-0.0194695412824922	-0.0369984964067314	-0.00169368438327438	0.00037198920131474	0.0328506853818436	-0.0238594123931056	-0.0124188403347966	0.00500552043772922	0.0236537992400917	-0.0275461894184837	0.032799644657683	0.00959524417507474	0.0281682954691479	-0.0553290706595468	0.0114615061106432	-0.0154898298640118
-0.00870660718348577	-0.00487466272963795	-0.0210864036550022	0.0271877302446928	-0.0187719329897361	-0.0287568791790744	0.0283146030950123	0.00436142037934936	0.0795026471318214	-0.0621851120436873	-0.0262941450188805	0.0219618307719433	0.112528854930999	-0.0336681091809331	0.107271971590607	0.119129971010172	0.0415739419870156	-0.150684859204863	0.0291672149496093	0.017368210772849
-0.0140712111512836	-0.000636525878015563	-0.0237513256286152	0.037656319692896	-0.0257082875381078	-0.025558055033366	-0.00526068540532936	0.00752399805914728	0.0623259829252883	-0.0489893731612703	-0.0627446061495803	0.0257363414979859	0.012896524275552	0.0126946883116896	-0.17656357367876	-0.2378693836138	0.208975469864204	-0.0158599985015156	0.334712038479093	0.0252657804950231
-0.0180208067832971	-0.0064916306396594	-0.0190714130051734	0.0432621256311726	-0.0312966496063874	-0.0514424672273393	-0.00705609228442259	0.0250568652884343	0.0674877667395667	0.103195496770379	-0.236850657425452	-0.292332838128596	-0.169261721778913	0.0136718319786838	0.101434742749562	-0.00830531386107116	-0.0174304609091185	0.0215822115450815	0.0113261402695907	0.0338449137876136
-0.00854015444980198	-0.000939116881313759	-0.0197830666760178	0.031989653080512	-0.0368536343285669	-0.0390196482133723	0.0109617257871584	-0.00599281517131847	0.0587674655731792	-0.0819005697405664	-0.0332378287111426	0.0181218066569026	0.0881802979371939	-0.0329670602576852	0.136158806036462	0.0941297798344266	0.0355761314276769	-0.179099570860295	0.058063548698004	-0.00879687700604141
-0.00846107192535791	0.00262452271743686	-0.0166578016539399	0.0450357593945021	-0.0229913353965919	-0.0247816129820311	0.00721857922275322	0.0219247426083814	0.0743325684818934	-0.0467182458339921	-0.0673030403996179	0.0239992200065295	0.00244664007148702	0.0127023859349827	-0.172810655881016	-0.238814819554536	0.206054604719447	-0.00947572078104037	0.329423112577685	0.0185104239546686
-0.0140903812686395	-0.00503504049513605	-0.0235088815373764	0.0402138035564354	-0.0322206743996134	-0.0516289197726062	-0.00510817857644077	0.0255413577869132	0.0649950233060377	0.0932861861868551	-0.260673172805776	-0.342920809626304	-0.186826014992852	0.0117724473159093	0.111658267822124	0.00260985301903953	-0.0331717565352639	0.0299033938939818	0.00850809120576577	0.0416627666625975
-0.00540036080311082	-0.00166756521024927	-0.0294288012463216	0.0309264624871722	-0.0358924828179322	-0.0364746848353113	0.015594817181012	-0.0061687015887025	0.0786912517024406	-0.00352905364714905	-0.00577945588607247	0.0171745810722185	0.0807249701671038	-0.0311923692188426	0.00641373884212356	-0.141959981787499	0.203146375695441	0.0478945105716808	-0.270328800465172	0.154396113398961
-0.0118784575035344	-0.00547197376381139	-0.0246703667285563	0.0335188885338449	-0.00573795122019277	-0.0173084351709751	0.00250170635785589	0.00768161867443338	0.0209337998420565	-0.0259448731656065	0.00521488513197763	0.00520360668180521	0.015366499932429	0.00117728462888618	0.020847126219959	-0.0107240747955893	-0.0242095715008108	0.00700783177997358	-0.0159409623950086	-0.00598554757194128
-0.00754492873045938	-0.00195786942321664	-0.0268721109599108	0.0259852656371336	-0.0422681899743488	-0.040354407349133	0.0206356231112353	0.00357100038157536	0.0730027439414662	0.00329247631768425	-0.0131055435211594	0.0143986576124139	0.0802565640185542	-0.0330519956449064	-0.00295074932427702	-0.0953184414692059	0.192020576822453	0.0451143621981501	-0.283457048245537	0.159393065450645
-0.0103465129422708	-0.00204259348289697	-0.0225835419317497	0.0259192899504596	-0.0184541012725349	-0.0441197368107996	-0.00120528545774353	0.0133444503772267	0.0595027990819734	0.0603342509579705	-0.13776674874523	-0.192723819685563	-0.0990294836938857	0.0163364168544048	0.0403962280701291	-0.00958263801655049	-0.0363938500222755	0.0104179702397251	-0.0010831266365874	0.0204321594587632
