117 177555 0.222772277227723
117 17756 0.202970297029703
117 1776 0.158415841584158
117 200 0.103960396039604
117 199 0.108910891089109
117 198 0.123762376237624
117 197 0.123762376237624
117 196 0.123762376237624
117 195 0.113861386138614
117 194 0.103960396039604
117 193 0.108910891089109
117 192 0.113861386138614
117 191 0.123762376237624
117 190 0.108910891089109
117 189 0.118811881188119
117 188 0.103960396039604
117 187 0.118811881188119
117 186 0.108910891089109
117 185 0.118811881188119
117 184 0.123762376237624
117 183 0.108910891089109
117 182 0.118811881188119
117 181 0.108910891089109
117 180 0.103960396039604
117 179 0.108910891089109
117 178 0.118811881188119
117 177 0.123762376237624
117 176 0.123762376237624
117 175 0.123762376237624
117 174 0.103960396039604
117 173 0.118811881188119
117 172 0.113861386138614
117 171 0.118811881188119
117 170 0.103960396039604
117 169 0.113861386138614
117 168 0.103960396039604
117 167 0.113861386138614
117 166 0.103960396039604
117 165 0.103960396039604
117 164 0.099009900990099
117 163 0.103960396039604
117 162 0.113861386138614
117 161 0.103960396039604
117 160 0.118811881188119
117 159 0.108910891089109
117 158 0.108910891089109
117 157 0.103960396039604
117 156 0.103960396039604
117 155 0.108910891089109
117 154 0.099009900990099
117 153 0.113861386138614
117 152 0.0940594059405941
117 151 0.099009900990099
117 150 0.099009900990099
117 149 0.099009900990099
117 148 0.099009900990099
117 147 0.103960396039604
117 146 0.103960396039604
117 145 0.099009900990099
117 144 0.103960396039604
117 143 0.099009900990099
117 142 0.099009900990099
117 141 0.0940594059405941
117 140 0.113861386138614
117 139 0.103960396039604
117 138 0.103960396039604
117 137 0.099009900990099
117 136 0.103960396039604
117 135 0.113861386138614
117 134 0.103960396039604
117 133 0.108910891089109
117 132 0.099009900990099
117 131 0.113861386138614
117 130 0.103960396039604
117 129 0.113861386138614
117 128 0.108910891089109
117 127 0.103960396039604
117 126 0.103960396039604
117 125 0.103960396039604
117 124 0.099009900990099
117 123 0.108910891089109
117 122 0.0940594059405941
117 121 0.0940594059405941
117 120 0.0940594059405941
117 119 0.103960396039604
117 118 0.123762376237624
117 117 0.108910891089109
117 116 0.103960396039604
117 115 0.099009900990099
117 114 0.103960396039604
117 113 0.103960396039604
117 112 0.099009900990099
117 111 0.103960396039604
117 110 0.103960396039604
117 109 0.103960396039604
117 108 0.113861386138614
117 107 0.113861386138614
117 106 0.099009900990099
117 105 0.103960396039604
117 104 0.103960396039604
117 103 0.0940594059405941
117 102 0.108910891089109
117 101 0.118811881188119
117 100 0.099009900990099
117 99 0.113861386138614
117 98 0.108910891089109
117 97 0.099009900990099
117 96 0.099009900990099
117 95 0.0940594059405941
117 94 0.108910891089109
117 93 0.0940594059405941
117 92 0.113861386138614
117 91 0.099009900990099
117 90 0.099009900990099
117 89 0.103960396039604
117 88 0.0940594059405941
117 87 0.0940594059405941
117 86 0.0940594059405941
117 85 0.099009900990099
117 84 0.0940594059405941
117 83 0.099009900990099
117 82 0.103960396039604
117 81 0.103960396039604
117 80 0.113861386138614
117 79 0.0940594059405941
117 78 0.103960396039604
117 77 0.099009900990099
117 76 0.099009900990099
117 75 0.0940594059405941
117 74 0.108910891089109
117 73 0.0891089108910891
117 72 0.0891089108910891
117 71 0.0940594059405941
117 70 0.0891089108910891
117 69 0.0940594059405941
117 68 0.0841584158415842
117 67 0.0792079207920792
117 66 0.099009900990099
117 65 0.0940594059405941
117 64 0.099009900990099
117 63 0.0891089108910891
117 62 0.0940594059405941
117 61 0.0841584158415842
117 60 0.0841584158415842
117 59 0.0891089108910891
117 58 0.0841584158415842
117 57 0.099009900990099
117 56 0.0891089108910891
117 55 0.0940594059405941
117 54 0.099009900990099
117 53 0.103960396039604
117 52 0.103960396039604
117 51 0.0940594059405941
117 50 0.113861386138614
117 49 0.099009900990099
117 48 0.099009900990099
117 47 0.099009900990099
117 46 0.113861386138614
117 45 0.108910891089109
117 44 0.108910891089109
117 43 0.103960396039604
117 42 0.103960396039604
117 41 0.118811881188119
117 40 0.103960396039604
117 39 0.099009900990099
117 38 0.113861386138614
117 37 0.103960396039604
117 36 0.099009900990099
117 35 0.099009900990099
117 34 0.108910891089109
117 33 0.0940594059405941
117 32 0.103960396039604
117 31 0.099009900990099
117 30 0.0940594059405941
117 29 0.0940594059405941
117 28 0.0940594059405941
117 27 0.0940594059405941
117 26 0.0891089108910891
117 25 0.0940594059405941
117 24 0.0940594059405941
117 23 0.0891089108910891
117 22 0.118811881188119
117 21 0.113861386138614
117 20 0.133663366336634
117 19 0.133663366336634
117 18 0.123762376237624
117 17 0.113861386138614
117 16 0.128712871287129
117 15 0.113861386138614
117 14 0.118811881188119
117 13 0.148514851485149
117 12 0.128712871287129
117 11 0.158415841584158
117 10 0.158415841584158
117 9 0.118811881188119
117 8 0.148514851485149
117 7 0.133663366336634
117 6 0.217821782178218
117 5 0.158415841584158
117 4 0.193069306930693
117 3 0.232673267326733
117 2 0.202970297029703
117 1 0.217821782178218
