65 177555 0.252475247524752
65 17756 0.222772277227723
65 1776 0.163366336633663
65 200 0.123762376237624
65 199 0.133663366336634
65 198 0.123762376237624
65 197 0.118811881188119
65 196 0.128712871287129
65 195 0.133663366336634
65 194 0.123762376237624
65 193 0.118811881188119
65 192 0.128712871287129
65 191 0.133663366336634
65 190 0.123762376237624
65 189 0.128712871287129
65 188 0.138613861386139
65 187 0.133663366336634
65 186 0.123762376237624
65 185 0.123762376237624
65 184 0.123762376237624
65 183 0.118811881188119
65 182 0.118811881188119
65 181 0.118811881188119
65 180 0.128712871287129
65 179 0.128712871287129
65 178 0.118811881188119
65 177 0.123762376237624
65 176 0.118811881188119
65 175 0.118811881188119
65 174 0.118811881188119
65 173 0.128712871287129
65 172 0.113861386138614
65 171 0.123762376237624
65 170 0.118811881188119
65 169 0.118811881188119
65 168 0.123762376237624
65 167 0.118811881188119
65 166 0.118811881188119
65 165 0.118811881188119
65 164 0.133663366336634
65 163 0.113861386138614
65 162 0.113861386138614
65 161 0.118811881188119
65 160 0.113861386138614
65 159 0.123762376237624
65 158 0.133663366336634
65 157 0.128712871287129
65 156 0.118811881188119
65 155 0.123762376237624
65 154 0.123762376237624
65 153 0.128712871287129
65 152 0.123762376237624
65 151 0.118811881188119
65 150 0.113861386138614
65 149 0.123762376237624
65 148 0.108910891089109
65 147 0.118811881188119
65 146 0.113861386138614
65 145 0.113861386138614
65 144 0.123762376237624
65 143 0.123762376237624
65 142 0.113861386138614
65 141 0.128712871287129
65 140 0.113861386138614
65 139 0.118811881188119
65 138 0.128712871287129
65 137 0.108910891089109
65 136 0.118811881188119
65 135 0.118811881188119
65 134 0.108910891089109
65 133 0.113861386138614
65 132 0.113861386138614
65 131 0.113861386138614
65 130 0.113861386138614
65 129 0.113861386138614
65 128 0.118811881188119
65 127 0.123762376237624
65 126 0.113861386138614
65 125 0.123762376237624
65 124 0.123762376237624
65 123 0.103960396039604
65 122 0.118811881188119
65 121 0.123762376237624
65 120 0.118811881188119
65 119 0.113861386138614
65 118 0.123762376237624
65 117 0.113861386138614
65 116 0.118811881188119
65 115 0.118811881188119
65 114 0.118811881188119
65 113 0.113861386138614
65 112 0.108910891089109
65 111 0.118811881188119
65 110 0.118811881188119
65 109 0.118811881188119
65 108 0.123762376237624
65 107 0.123762376237624
65 106 0.123762376237624
65 105 0.118811881188119
65 104 0.123762376237624
65 103 0.123762376237624
65 102 0.118811881188119
65 101 0.123762376237624
65 100 0.113861386138614
65 99 0.123762376237624
65 98 0.123762376237624
65 97 0.118811881188119
65 96 0.123762376237624
65 95 0.118811881188119
65 94 0.123762376237624
65 93 0.133663366336634
65 92 0.123762376237624
65 91 0.108910891089109
65 90 0.113861386138614
65 89 0.133663366336634
65 88 0.113861386138614
65 87 0.118811881188119
65 86 0.113861386138614
65 85 0.123762376237624
65 84 0.108910891089109
65 83 0.123762376237624
65 82 0.108910891089109
65 81 0.128712871287129
65 80 0.123762376237624
65 79 0.128712871287129
65 78 0.113861386138614
65 77 0.099009900990099
65 76 0.123762376237624
65 75 0.123762376237624
65 74 0.123762376237624
65 73 0.113861386138614
65 72 0.108910891089109
65 71 0.118811881188119
65 70 0.123762376237624
65 69 0.123762376237624
65 68 0.123762376237624
65 67 0.113861386138614
65 66 0.118811881188119
65 65 0.118811881188119
65 64 0.113861386138614
65 63 0.103960396039604
65 62 0.128712871287129
65 61 0.138613861386139
65 60 0.118811881188119
65 59 0.128712871287129
65 58 0.118811881188119
65 57 0.118811881188119
65 56 0.108910891089109
65 55 0.113861386138614
65 54 0.113861386138614
65 53 0.108910891089109
65 52 0.113861386138614
65 51 0.103960396039604
65 50 0.118811881188119
65 49 0.108910891089109
65 48 0.108910891089109
65 47 0.113861386138614
65 46 0.118811881188119
65 45 0.108910891089109
65 44 0.113861386138614
65 43 0.099009900990099
65 42 0.118811881188119
65 41 0.103960396039604
65 40 0.099009900990099
65 39 0.0940594059405941
65 38 0.108910891089109
65 37 0.0940594059405941
65 36 0.0940594059405941
65 35 0.103960396039604
65 34 0.0891089108910891
65 33 0.099009900990099
65 32 0.0940594059405941
65 31 0.099009900990099
65 30 0.103960396039604
65 29 0.128712871287129
65 28 0.103960396039604
65 27 0.128712871287129
65 26 0.118811881188119
65 25 0.113861386138614
65 24 0.113861386138614
65 23 0.099009900990099
65 22 0.099009900990099
65 21 0.108910891089109
65 20 0.113861386138614
65 19 0.108910891089109
65 18 0.118811881188119
65 17 0.108910891089109
65 16 0.123762376237624
65 15 0.123762376237624
65 14 0.123762376237624
65 13 0.103960396039604
65 12 0.108910891089109
65 11 0.108910891089109
65 10 0.128712871287129
65 9 0.153465346534653
65 8 0.143564356435644
65 7 0.138613861386139
65 6 0.153465346534653
65 5 0.163366336633663
65 4 0.222772277227723
65 3 0.193069306930693
65 2 0.168316831683168
65 1 0.247524752475248
