192 177555 0.227722772277228
192 17756 0.193069306930693
192 1776 0.168316831683168
192 200 0.118811881188119
192 199 0.138613861386139
192 198 0.128712871287129
192 197 0.118811881188119
192 196 0.118811881188119
192 195 0.128712871287129
192 194 0.133663366336634
192 193 0.113861386138614
192 192 0.128712871287129
192 191 0.123762376237624
192 190 0.113861386138614
192 189 0.123762376237624
192 188 0.123762376237624
192 187 0.128712871287129
192 186 0.133663366336634
192 185 0.113861386138614
192 184 0.123762376237624
192 183 0.123762376237624
192 182 0.123762376237624
192 181 0.123762376237624
192 180 0.118811881188119
192 179 0.133663366336634
192 178 0.118811881188119
192 177 0.123762376237624
192 176 0.118811881188119
192 175 0.108910891089109
192 174 0.118811881188119
192 173 0.123762376237624
192 172 0.118811881188119
192 171 0.123762376237624
192 170 0.123762376237624
192 169 0.118811881188119
192 168 0.123762376237624
192 167 0.123762376237624
192 166 0.113861386138614
192 165 0.113861386138614
192 164 0.113861386138614
192 163 0.123762376237624
192 162 0.118811881188119
192 161 0.123762376237624
192 160 0.113861386138614
192 159 0.123762376237624
192 158 0.108910891089109
192 157 0.108910891089109
192 156 0.113861386138614
192 155 0.118811881188119
192 154 0.108910891089109
192 153 0.118811881188119
192 152 0.113861386138614
192 151 0.118811881188119
192 150 0.128712871287129
192 149 0.113861386138614
192 148 0.118811881188119
192 147 0.113861386138614
192 146 0.123762376237624
192 145 0.113861386138614
192 144 0.103960396039604
192 143 0.113861386138614
192 142 0.118811881188119
192 141 0.099009900990099
192 140 0.118811881188119
192 139 0.108910891089109
192 138 0.103960396039604
192 137 0.118811881188119
192 136 0.103960396039604
192 135 0.123762376237624
192 134 0.113861386138614
192 133 0.113861386138614
192 132 0.113861386138614
192 131 0.113861386138614
192 130 0.108910891089109
192 129 0.113861386138614
192 128 0.113861386138614
192 127 0.108910891089109
192 126 0.108910891089109
192 125 0.103960396039604
192 124 0.113861386138614
192 123 0.118811881188119
192 122 0.113861386138614
192 121 0.113861386138614
192 120 0.108910891089109
192 119 0.113861386138614
192 118 0.108910891089109
192 117 0.108910891089109
192 116 0.108910891089109
192 115 0.108910891089109
192 114 0.108910891089109
192 113 0.103960396039604
192 112 0.099009900990099
192 111 0.099009900990099
192 110 0.099009900990099
192 109 0.103960396039604
192 108 0.099009900990099
192 107 0.099009900990099
192 106 0.099009900990099
192 105 0.108910891089109
192 104 0.099009900990099
192 103 0.103960396039604
192 102 0.103960396039604
192 101 0.103960396039604
192 100 0.103960396039604
192 99 0.108910891089109
192 98 0.103960396039604
192 97 0.113861386138614
192 96 0.108910891089109
192 95 0.108910891089109
192 94 0.103960396039604
192 93 0.099009900990099
192 92 0.108910891089109
192 91 0.099009900990099
192 90 0.108910891089109
192 89 0.103960396039604
192 88 0.113861386138614
192 87 0.103960396039604
192 86 0.108910891089109
192 85 0.113861386138614
192 84 0.113861386138614
192 83 0.108910891089109
192 82 0.113861386138614
192 81 0.103960396039604
192 80 0.108910891089109
192 79 0.108910891089109
192 78 0.108910891089109
192 77 0.113861386138614
192 76 0.108910891089109
192 75 0.103960396039604
192 74 0.103960396039604
192 73 0.103960396039604
192 72 0.099009900990099
192 71 0.099009900990099
192 70 0.103960396039604
192 69 0.108910891089109
192 68 0.103960396039604
192 67 0.0891089108910891
192 66 0.103960396039604
192 65 0.108910891089109
192 64 0.0891089108910891
192 63 0.099009900990099
192 62 0.108910891089109
192 61 0.108910891089109
192 60 0.103960396039604
192 59 0.099009900990099
192 58 0.0891089108910891
192 57 0.099009900990099
192 56 0.0940594059405941
192 55 0.0940594059405941
192 54 0.0940594059405941
192 53 0.099009900990099
192 52 0.0891089108910891
192 51 0.0841584158415842
192 50 0.099009900990099
192 49 0.0891089108910891
192 48 0.0792079207920792
192 47 0.0742574257425743
192 46 0.103960396039604
192 45 0.108910891089109
192 44 0.108910891089109
192 43 0.103960396039604
192 42 0.113861386138614
192 41 0.099009900990099
192 40 0.103960396039604
192 39 0.118811881188119
192 38 0.099009900990099
192 37 0.113861386138614
192 36 0.113861386138614
192 35 0.113861386138614
192 34 0.108910891089109
192 33 0.103960396039604
192 32 0.103960396039604
192 31 0.113861386138614
192 30 0.103960396039604
192 29 0.108910891089109
192 28 0.108910891089109
192 27 0.108910891089109
192 26 0.099009900990099
192 25 0.099009900990099
192 24 0.118811881188119
192 23 0.099009900990099
192 22 0.108910891089109
192 21 0.113861386138614
192 20 0.118811881188119
192 19 0.123762376237624
192 18 0.113861386138614
192 17 0.118811881188119
192 16 0.128712871287129
192 15 0.113861386138614
192 14 0.123762376237624
192 13 0.099009900990099
192 12 0.103960396039604
192 11 0.108910891089109
192 10 0.128712871287129
192 9 0.123762376237624
192 8 0.123762376237624
192 7 0.178217821782178
192 6 0.148514851485149
192 5 0.158415841584158
192 4 0.188118811881188
192 3 0.168316831683168
192 2 0.198019801980198
192 1 0.232673267326733
