104 177555 0.242574257425743
104 17756 0.217821782178218
104 1776 0.173267326732673
104 200 0.138613861386139
104 199 0.138613861386139
104 198 0.148514851485149
104 197 0.133663366336634
104 196 0.143564356435644
104 195 0.148514851485149
104 194 0.138613861386139
104 193 0.128712871287129
104 192 0.133663366336634
104 191 0.148514851485149
104 190 0.128712871287129
104 189 0.138613861386139
104 188 0.133663366336634
104 187 0.133663366336634
104 186 0.133663366336634
104 185 0.123762376237624
104 184 0.133663366336634
104 183 0.118811881188119
104 182 0.138613861386139
104 181 0.123762376237624
104 180 0.118811881188119
104 179 0.128712871287129
104 178 0.123762376237624
104 177 0.123762376237624
104 176 0.123762376237624
104 175 0.123762376237624
104 174 0.128712871287129
104 173 0.128712871287129
104 172 0.133663366336634
104 171 0.133663366336634
104 170 0.128712871287129
104 169 0.123762376237624
104 168 0.128712871287129
104 167 0.128712871287129
104 166 0.128712871287129
104 165 0.133663366336634
104 164 0.123762376237624
104 163 0.123762376237624
104 162 0.123762376237624
104 161 0.128712871287129
104 160 0.123762376237624
104 159 0.118811881188119
104 158 0.118811881188119
104 157 0.123762376237624
104 156 0.128712871287129
104 155 0.118811881188119
104 154 0.128712871287129
104 153 0.128712871287129
104 152 0.128712871287129
104 151 0.123762376237624
104 150 0.118811881188119
104 149 0.123762376237624
104 148 0.123762376237624
104 147 0.103960396039604
104 146 0.118811881188119
104 145 0.123762376237624
104 144 0.138613861386139
104 143 0.128712871287129
104 142 0.123762376237624
104 141 0.123762376237624
104 140 0.128712871287129
104 139 0.118811881188119
104 138 0.118811881188119
104 137 0.118811881188119
104 136 0.128712871287129
104 135 0.113861386138614
104 134 0.108910891089109
104 133 0.123762376237624
104 132 0.118811881188119
104 131 0.113861386138614
104 130 0.128712871287129
104 129 0.123762376237624
104 128 0.118811881188119
104 127 0.108910891089109
104 126 0.103960396039604
104 125 0.118811881188119
104 124 0.113861386138614
104 123 0.103960396039604
104 122 0.133663366336634
104 121 0.113861386138614
104 120 0.118811881188119
104 119 0.113861386138614
104 118 0.113861386138614
104 117 0.099009900990099
104 116 0.123762376237624
104 115 0.113861386138614
104 114 0.123762376237624
104 113 0.103960396039604
104 112 0.113861386138614
104 111 0.113861386138614
104 110 0.103960396039604
104 109 0.113861386138614
104 108 0.0891089108910891
104 107 0.118811881188119
104 106 0.108910891089109
104 105 0.108910891089109
104 104 0.103960396039604
104 103 0.099009900990099
104 102 0.099009900990099
104 101 0.118811881188119
104 100 0.108910891089109
104 99 0.108910891089109
104 98 0.099009900990099
104 97 0.103960396039604
104 96 0.118811881188119
104 95 0.113861386138614
104 94 0.103960396039604
104 93 0.113861386138614
104 92 0.103960396039604
104 91 0.123762376237624
104 90 0.133663366336634
104 89 0.113861386138614
104 88 0.103960396039604
104 87 0.099009900990099
104 86 0.108910891089109
104 85 0.0940594059405941
104 84 0.108910891089109
104 83 0.103960396039604
104 82 0.0940594059405941
104 81 0.108910891089109
104 80 0.099009900990099
104 79 0.0891089108910891
104 78 0.108910891089109
104 77 0.0891089108910891
104 76 0.108910891089109
104 75 0.0940594059405941
104 74 0.099009900990099
104 73 0.0792079207920792
104 72 0.108910891089109
104 71 0.0940594059405941
104 70 0.103960396039604
104 69 0.103960396039604
104 68 0.118811881188119
104 67 0.108910891089109
104 66 0.108910891089109
104 65 0.103960396039604
104 64 0.099009900990099
104 63 0.118811881188119
104 62 0.103960396039604
104 61 0.0940594059405941
104 60 0.103960396039604
104 59 0.103960396039604
104 58 0.0940594059405941
104 57 0.099009900990099
104 56 0.103960396039604
104 55 0.103960396039604
104 54 0.108910891089109
104 53 0.0940594059405941
104 52 0.0940594059405941
104 51 0.113861386138614
104 50 0.103960396039604
104 49 0.123762376237624
104 48 0.108910891089109
104 47 0.099009900990099
104 46 0.113861386138614
104 45 0.103960396039604
104 44 0.108910891089109
104 43 0.123762376237624
104 42 0.118811881188119
104 41 0.108910891089109
104 40 0.108910891089109
104 39 0.0940594059405941
104 38 0.108910891089109
104 37 0.108910891089109
104 36 0.0940594059405941
104 35 0.113861386138614
104 34 0.0940594059405941
104 33 0.103960396039604
104 32 0.0891089108910891
104 31 0.103960396039604
104 30 0.118811881188119
104 29 0.113861386138614
104 28 0.108910891089109
104 27 0.113861386138614
104 26 0.108910891089109
104 25 0.108910891089109
104 24 0.128712871287129
104 23 0.113861386138614
104 22 0.103960396039604
104 21 0.128712871287129
104 20 0.118811881188119
104 19 0.133663366336634
104 18 0.143564356435644
104 17 0.138613861386139
104 16 0.103960396039604
104 15 0.133663366336634
104 14 0.128712871287129
104 13 0.128712871287129
104 12 0.118811881188119
104 11 0.138613861386139
104 10 0.148514851485149
104 9 0.143564356435644
104 8 0.108910891089109
104 7 0.133663366336634
104 6 0.108910891089109
104 5 0.163366336633663
104 4 0.123762376237624
104 3 0.133663366336634
104 2 0.188118811881188
104 1 0.311881188118812
