113 177555 0.247524752475248
113 17756 0.207920792079208
113 1776 0.168316831683168
113 200 0.123762376237624
113 199 0.113861386138614
113 198 0.113861386138614
113 197 0.118811881188119
113 196 0.123762376237624
113 195 0.118811881188119
113 194 0.113861386138614
113 193 0.108910891089109
113 192 0.113861386138614
113 191 0.108910891089109
113 190 0.113861386138614
113 189 0.108910891089109
113 188 0.118811881188119
113 187 0.108910891089109
113 186 0.108910891089109
113 185 0.113861386138614
113 184 0.103960396039604
113 183 0.108910891089109
113 182 0.108910891089109
113 181 0.113861386138614
113 180 0.108910891089109
113 179 0.103960396039604
113 178 0.103960396039604
113 177 0.103960396039604
113 176 0.103960396039604
113 175 0.108910891089109
113 174 0.108910891089109
113 173 0.103960396039604
113 172 0.113861386138614
113 171 0.103960396039604
113 170 0.103960396039604
113 169 0.108910891089109
113 168 0.108910891089109
113 167 0.103960396039604
113 166 0.099009900990099
113 165 0.108910891089109
113 164 0.113861386138614
113 163 0.103960396039604
113 162 0.108910891089109
113 161 0.108910891089109
113 160 0.103960396039604
113 159 0.103960396039604
113 158 0.103960396039604
113 157 0.099009900990099
113 156 0.103960396039604
113 155 0.103960396039604
113 154 0.103960396039604
113 153 0.103960396039604
113 152 0.118811881188119
113 151 0.103960396039604
113 150 0.108910891089109
113 149 0.099009900990099
113 148 0.103960396039604
113 147 0.099009900990099
113 146 0.103960396039604
113 145 0.099009900990099
113 144 0.113861386138614
113 143 0.099009900990099
113 142 0.103960396039604
113 141 0.103960396039604
113 140 0.103960396039604
113 139 0.113861386138614
113 138 0.108910891089109
113 137 0.103960396039604
113 136 0.113861386138614
113 135 0.108910891089109
113 134 0.103960396039604
113 133 0.103960396039604
113 132 0.108910891089109
113 131 0.103960396039604
113 130 0.103960396039604
113 129 0.108910891089109
113 128 0.099009900990099
113 127 0.103960396039604
113 126 0.103960396039604
113 125 0.103960396039604
113 124 0.108910891089109
113 123 0.103960396039604
113 122 0.103960396039604
113 121 0.108910891089109
113 120 0.103960396039604
113 119 0.108910891089109
113 118 0.108910891089109
113 117 0.108910891089109
113 116 0.103960396039604
113 115 0.103960396039604
113 114 0.108910891089109
113 113 0.103960396039604
113 112 0.099009900990099
113 111 0.108910891089109
113 110 0.108910891089109
113 109 0.103960396039604
113 108 0.108910891089109
113 107 0.103960396039604
113 106 0.0841584158415842
113 105 0.103960396039604
113 104 0.103960396039604
113 103 0.099009900990099
113 102 0.099009900990099
113 101 0.108910891089109
113 100 0.103960396039604
113 99 0.103960396039604
113 98 0.103960396039604
113 97 0.099009900990099
113 96 0.099009900990099
113 95 0.103960396039604
113 94 0.0940594059405941
113 93 0.099009900990099
113 92 0.099009900990099
113 91 0.099009900990099
113 90 0.103960396039604
113 89 0.099009900990099
113 88 0.103960396039604
113 87 0.0940594059405941
113 86 0.113861386138614
113 85 0.103960396039604
113 84 0.099009900990099
113 83 0.099009900990099
113 82 0.113861386138614
113 81 0.0940594059405941
113 80 0.0940594059405941
113 79 0.0940594059405941
113 78 0.0940594059405941
113 77 0.113861386138614
113 76 0.108910891089109
113 75 0.099009900990099
113 74 0.103960396039604
113 73 0.0891089108910891
113 72 0.0940594059405941
113 71 0.0891089108910891
113 70 0.103960396039604
113 69 0.0891089108910891
113 68 0.099009900990099
113 67 0.099009900990099
113 66 0.0940594059405941
113 65 0.099009900990099
113 64 0.0841584158415842
113 63 0.0891089108910891
113 62 0.0940594059405941
113 61 0.0940594059405941
113 60 0.0891089108910891
113 59 0.0792079207920792
113 58 0.108910891089109
113 57 0.0891089108910891
113 56 0.0891089108910891
113 55 0.0841584158415842
113 54 0.0940594059405941
113 53 0.0940594059405941
113 52 0.0940594059405941
113 51 0.0841584158415842
113 50 0.0841584158415842
113 49 0.0940594059405941
113 48 0.099009900990099
113 47 0.103960396039604
113 46 0.0940594059405941
113 45 0.099009900990099
113 44 0.103960396039604
113 43 0.118811881188119
113 42 0.113861386138614
113 41 0.108910891089109
113 40 0.103960396039604
113 39 0.108910891089109
113 38 0.108910891089109
113 37 0.099009900990099
113 36 0.099009900990099
113 35 0.118811881188119
113 34 0.118811881188119
113 33 0.118811881188119
113 32 0.123762376237624
113 31 0.108910891089109
113 30 0.123762376237624
113 29 0.113861386138614
113 28 0.118811881188119
113 27 0.118811881188119
113 26 0.113861386138614
113 25 0.108910891089109
113 24 0.118811881188119
113 23 0.113861386138614
113 22 0.108910891089109
113 21 0.118811881188119
113 20 0.118811881188119
113 19 0.123762376237624
113 18 0.123762376237624
113 17 0.123762376237624
113 16 0.108910891089109
113 15 0.123762376237624
113 14 0.103960396039604
113 13 0.123762376237624
113 12 0.133663366336634
113 11 0.123762376237624
113 10 0.118811881188119
113 9 0.163366336633663
113 8 0.163366336633663
113 7 0.108910891089109
113 6 0.103960396039604
113 5 0.118811881188119
113 4 0.133663366336634
113 3 0.168316831683168
113 2 0.163366336633663
113 1 0.193069306930693
