168 177555 0.252475247524752
168 17756 0.212871287128713
168 1776 0.178217821782178
168 200 0.133663366336634
168 199 0.123762376237624
168 198 0.128712871287129
168 197 0.118811881188119
168 196 0.128712871287129
168 195 0.128712871287129
168 194 0.133663366336634
168 193 0.128712871287129
168 192 0.128712871287129
168 191 0.133663366336634
168 190 0.128712871287129
168 189 0.123762376237624
168 188 0.128712871287129
168 187 0.128712871287129
168 186 0.123762376237624
168 185 0.118811881188119
168 184 0.128712871287129
168 183 0.133663366336634
168 182 0.123762376237624
168 181 0.128712871287129
168 180 0.113861386138614
168 179 0.128712871287129
168 178 0.128712871287129
168 177 0.123762376237624
168 176 0.123762376237624
168 175 0.128712871287129
168 174 0.133663366336634
168 173 0.128712871287129
168 172 0.123762376237624
168 171 0.128712871287129
168 170 0.123762376237624
168 169 0.133663366336634
168 168 0.123762376237624
168 167 0.123762376237624
168 166 0.123762376237624
168 165 0.133663366336634
168 164 0.123762376237624
168 163 0.123762376237624
168 162 0.123762376237624
168 161 0.128712871287129
168 160 0.123762376237624
168 159 0.118811881188119
168 158 0.128712871287129
168 157 0.123762376237624
168 156 0.123762376237624
168 155 0.123762376237624
168 154 0.118811881188119
168 153 0.118811881188119
168 152 0.118811881188119
168 151 0.123762376237624
168 150 0.118811881188119
168 149 0.128712871287129
168 148 0.118811881188119
168 147 0.128712871287129
168 146 0.128712871287129
168 145 0.118811881188119
168 144 0.123762376237624
168 143 0.128712871287129
168 142 0.123762376237624
168 141 0.118811881188119
168 140 0.133663366336634
168 139 0.128712871287129
168 138 0.123762376237624
168 137 0.118811881188119
168 136 0.118811881188119
168 135 0.118811881188119
168 134 0.118811881188119
168 133 0.118811881188119
168 132 0.118811881188119
168 131 0.113861386138614
168 130 0.123762376237624
168 129 0.128712871287129
168 128 0.123762376237624
168 127 0.123762376237624
168 126 0.118811881188119
168 125 0.123762376237624
168 124 0.118811881188119
168 123 0.128712871287129
168 122 0.128712871287129
168 121 0.128712871287129
168 120 0.118811881188119
168 119 0.118811881188119
168 118 0.118811881188119
168 117 0.118811881188119
168 116 0.118811881188119
168 115 0.118811881188119
168 114 0.123762376237624
168 113 0.123762376237624
168 112 0.118811881188119
168 111 0.108910891089109
168 110 0.108910891089109
168 109 0.123762376237624
168 108 0.118811881188119
168 107 0.113861386138614
168 106 0.118811881188119
168 105 0.118811881188119
168 104 0.118811881188119
168 103 0.123762376237624
168 102 0.128712871287129
168 101 0.123762376237624
168 100 0.118811881188119
168 99 0.118811881188119
168 98 0.123762376237624
168 97 0.118811881188119
168 96 0.113861386138614
168 95 0.118811881188119
168 94 0.118811881188119
168 93 0.118811881188119
168 92 0.113861386138614
168 91 0.113861386138614
168 90 0.118811881188119
168 89 0.123762376237624
168 88 0.123762376237624
168 87 0.133663366336634
168 86 0.118811881188119
168 85 0.113861386138614
168 84 0.118811881188119
168 83 0.113861386138614
168 82 0.113861386138614
168 81 0.113861386138614
168 80 0.113861386138614
168 79 0.118811881188119
168 78 0.118811881188119
168 77 0.113861386138614
168 76 0.113861386138614
168 75 0.113861386138614
168 74 0.108910891089109
168 73 0.108910891089109
168 72 0.118811881188119
168 71 0.118811881188119
168 70 0.113861386138614
168 69 0.113861386138614
168 68 0.118811881188119
168 67 0.113861386138614
168 66 0.113861386138614
168 65 0.108910891089109
168 64 0.108910891089109
168 63 0.113861386138614
168 62 0.118811881188119
168 61 0.113861386138614
168 60 0.118811881188119
168 59 0.123762376237624
168 58 0.123762376237624
168 57 0.128712871287129
168 56 0.128712871287129
168 55 0.123762376237624
168 54 0.123762376237624
168 53 0.123762376237624
168 52 0.123762376237624
168 51 0.138613861386139
168 50 0.128712871287129
168 49 0.133663366336634
168 48 0.113861386138614
168 47 0.123762376237624
168 46 0.133663366336634
168 45 0.118811881188119
168 44 0.138613861386139
168 43 0.118811881188119
168 42 0.123762376237624
168 41 0.113861386138614
168 40 0.128712871287129
168 39 0.128712871287129
168 38 0.113861386138614
168 37 0.113861386138614
168 36 0.113861386138614
168 35 0.103960396039604
168 34 0.108910891089109
168 33 0.123762376237624
168 32 0.099009900990099
168 31 0.123762376237624
168 30 0.103960396039604
168 29 0.108910891089109
168 28 0.103960396039604
168 27 0.113861386138614
168 26 0.113861386138614
168 25 0.103960396039604
168 24 0.108910891089109
168 23 0.123762376237624
168 22 0.113861386138614
168 21 0.099009900990099
168 20 0.0940594059405941
168 19 0.113861386138614
168 18 0.103960396039604
168 17 0.123762376237624
168 16 0.108910891089109
168 15 0.128712871287129
168 14 0.103960396039604
168 13 0.103960396039604
168 12 0.128712871287129
168 11 0.118811881188119
168 10 0.123762376237624
168 9 0.138613861386139
168 8 0.168316831683168
168 7 0.178217821782178
168 6 0.178217821782178
168 5 0.173267326732673
168 4 0.183168316831683
168 3 0.183168316831683
168 2 0.227722772277228
168 1 0.252475247524752
