17 177555 0.242574257425743
17 17756 0.217821782178218
17 1776 0.153465346534653
17 200 0.128712871287129
17 199 0.123762376237624
17 198 0.118811881188119
17 197 0.118811881188119
17 196 0.118811881188119
17 195 0.113861386138614
17 194 0.118811881188119
17 193 0.123762376237624
17 192 0.123762376237624
17 191 0.113861386138614
17 190 0.128712871287129
17 189 0.118811881188119
17 188 0.123762376237624
17 187 0.128712871287129
17 186 0.103960396039604
17 185 0.123762376237624
17 184 0.133663366336634
17 183 0.113861386138614
17 182 0.123762376237624
17 181 0.118811881188119
17 180 0.123762376237624
17 179 0.128712871287129
17 178 0.123762376237624
17 177 0.138613861386139
17 176 0.108910891089109
17 175 0.108910891089109
17 174 0.123762376237624
17 173 0.108910891089109
17 172 0.118811881188119
17 171 0.108910891089109
17 170 0.128712871287129
17 169 0.123762376237624
17 168 0.118811881188119
17 167 0.108910891089109
17 166 0.118811881188119
17 165 0.123762376237624
17 164 0.103960396039604
17 163 0.118811881188119
17 162 0.113861386138614
17 161 0.113861386138614
17 160 0.113861386138614
17 159 0.118811881188119
17 158 0.108910891089109
17 157 0.113861386138614
17 156 0.128712871287129
17 155 0.118811881188119
17 154 0.108910891089109
17 153 0.118811881188119
17 152 0.103960396039604
17 151 0.108910891089109
17 150 0.118811881188119
17 149 0.123762376237624
17 148 0.123762376237624
17 147 0.128712871287129
17 146 0.113861386138614
17 145 0.113861386138614
17 144 0.123762376237624
17 143 0.113861386138614
17 142 0.128712871287129
17 141 0.128712871287129
17 140 0.108910891089109
17 139 0.108910891089109
17 138 0.113861386138614
17 137 0.113861386138614
17 136 0.108910891089109
17 135 0.108910891089109
17 134 0.108910891089109
17 133 0.118811881188119
17 132 0.103960396039604
17 131 0.118811881188119
17 130 0.118811881188119
17 129 0.108910891089109
17 128 0.108910891089109
17 127 0.113861386138614
17 126 0.113861386138614
17 125 0.118811881188119
17 124 0.103960396039604
17 123 0.113861386138614
17 122 0.108910891089109
17 121 0.108910891089109
17 120 0.108910891089109
17 119 0.103960396039604
17 118 0.118811881188119
17 117 0.099009900990099
17 116 0.113861386138614
17 115 0.0940594059405941
17 114 0.0940594059405941
17 113 0.118811881188119
17 112 0.103960396039604
17 111 0.113861386138614
17 110 0.108910891089109
17 109 0.108910891089109
17 108 0.103960396039604
17 107 0.113861386138614
17 106 0.113861386138614
17 105 0.103960396039604
17 104 0.118811881188119
17 103 0.113861386138614
17 102 0.103960396039604
17 101 0.118811881188119
17 100 0.108910891089109
17 99 0.108910891089109
17 98 0.103960396039604
17 97 0.099009900990099
17 96 0.103960396039604
17 95 0.099009900990099
17 94 0.103960396039604
17 93 0.108910891089109
17 92 0.118811881188119
17 91 0.099009900990099
17 90 0.108910891089109
17 89 0.103960396039604
17 88 0.0940594059405941
17 87 0.108910891089109
17 86 0.103960396039604
17 85 0.103960396039604
17 84 0.0940594059405941
17 83 0.103960396039604
17 82 0.103960396039604
17 81 0.103960396039604
17 80 0.099009900990099
17 79 0.103960396039604
17 78 0.108910891089109
17 77 0.123762376237624
17 76 0.108910891089109
17 75 0.103960396039604
17 74 0.108910891089109
17 73 0.113861386138614
17 72 0.118811881188119
17 71 0.113861386138614
17 70 0.118811881188119
17 69 0.099009900990099
17 68 0.108910891089109
17 67 0.108910891089109
17 66 0.108910891089109
17 65 0.108910891089109
17 64 0.103960396039604
17 63 0.099009900990099
17 62 0.103960396039604
17 61 0.103960396039604
17 60 0.113861386138614
17 59 0.103960396039604
17 58 0.108910891089109
17 57 0.113861386138614
17 56 0.113861386138614
17 55 0.123762376237624
17 54 0.123762376237624
17 53 0.118811881188119
17 52 0.108910891089109
17 51 0.113861386138614
17 50 0.108910891089109
17 49 0.123762376237624
17 48 0.118811881188119
17 47 0.113861386138614
17 46 0.118811881188119
17 45 0.128712871287129
17 44 0.113861386138614
17 43 0.123762376237624
17 42 0.123762376237624
17 41 0.113861386138614
17 40 0.133663366336634
17 39 0.103960396039604
17 38 0.123762376237624
17 37 0.128712871287129
17 36 0.118811881188119
17 35 0.123762376237624
17 34 0.128712871287129
17 33 0.118811881188119
17 32 0.118811881188119
17 31 0.128712871287129
17 30 0.128712871287129
17 29 0.128712871287129
17 28 0.128712871287129
17 27 0.123762376237624
17 26 0.133663366336634
17 25 0.118811881188119
17 24 0.123762376237624
17 23 0.128712871287129
17 22 0.133663366336634
17 21 0.128712871287129
17 20 0.113861386138614
17 19 0.123762376237624
17 18 0.138613861386139
17 17 0.133663366336634
17 16 0.143564356435644
17 15 0.143564356435644
17 14 0.123762376237624
17 13 0.123762376237624
17 12 0.138613861386139
17 11 0.143564356435644
17 10 0.123762376237624
17 9 0.118811881188119
17 8 0.138613861386139
17 7 0.123762376237624
17 6 0.153465346534653
17 5 0.148514851485149
17 4 0.168316831683168
17 3 0.163366336633663
17 2 0.163366336633663
17 1 0.188118811881188
