180 177555 0.242574257425743
180 17756 0.207920792079208
180 1776 0.173267326732673
180 200 0.118811881188119
180 199 0.128712871287129
180 198 0.118811881188119
180 197 0.113861386138614
180 196 0.113861386138614
180 195 0.123762376237624
180 194 0.123762376237624
180 193 0.123762376237624
180 192 0.123762376237624
180 191 0.128712871287129
180 190 0.123762376237624
180 189 0.113861386138614
180 188 0.128712871287129
180 187 0.133663366336634
180 186 0.118811881188119
180 185 0.113861386138614
180 184 0.123762376237624
180 183 0.123762376237624
180 182 0.123762376237624
180 181 0.118811881188119
180 180 0.118811881188119
180 179 0.113861386138614
180 178 0.118811881188119
180 177 0.113861386138614
180 176 0.108910891089109
180 175 0.113861386138614
180 174 0.108910891089109
180 173 0.108910891089109
180 172 0.113861386138614
180 171 0.118811881188119
180 170 0.113861386138614
180 169 0.118811881188119
180 168 0.123762376237624
180 167 0.128712871287129
180 166 0.113861386138614
180 165 0.123762376237624
180 164 0.113861386138614
180 163 0.113861386138614
180 162 0.118811881188119
180 161 0.113861386138614
180 160 0.123762376237624
180 159 0.113861386138614
180 158 0.118811881188119
180 157 0.118811881188119
180 156 0.123762376237624
180 155 0.103960396039604
180 154 0.118811881188119
180 153 0.118811881188119
180 152 0.118811881188119
180 151 0.108910891089109
180 150 0.113861386138614
180 149 0.108910891089109
180 148 0.118811881188119
180 147 0.108910891089109
180 146 0.113861386138614
180 145 0.108910891089109
180 144 0.118811881188119
180 143 0.108910891089109
180 142 0.108910891089109
180 141 0.099009900990099
180 140 0.103960396039604
180 139 0.108910891089109
180 138 0.103960396039604
180 137 0.108910891089109
180 136 0.108910891089109
180 135 0.113861386138614
180 134 0.113861386138614
180 133 0.103960396039604
180 132 0.108910891089109
180 131 0.103960396039604
180 130 0.099009900990099
180 129 0.099009900990099
180 128 0.113861386138614
180 127 0.0940594059405941
180 126 0.118811881188119
180 125 0.0940594059405941
180 124 0.099009900990099
180 123 0.113861386138614
180 122 0.103960396039604
180 121 0.099009900990099
180 120 0.103960396039604
180 119 0.099009900990099
180 118 0.0940594059405941
180 117 0.0940594059405941
180 116 0.099009900990099
180 115 0.0940594059405941
180 114 0.099009900990099
180 113 0.0940594059405941
180 112 0.099009900990099
180 111 0.0940594059405941
180 110 0.103960396039604
180 109 0.0940594059405941
180 108 0.0891089108910891
180 107 0.099009900990099
180 106 0.0940594059405941
180 105 0.0891089108910891
180 104 0.0940594059405941
180 103 0.099009900990099
180 102 0.0891089108910891
180 101 0.103960396039604
180 100 0.118811881188119
180 99 0.103960396039604
180 98 0.099009900990099
180 97 0.099009900990099
180 96 0.0891089108910891
180 95 0.099009900990099
180 94 0.099009900990099
180 93 0.0940594059405941
180 92 0.0940594059405941
180 91 0.0940594059405941
180 90 0.0940594059405941
180 89 0.0940594059405941
180 88 0.113861386138614
180 87 0.0940594059405941
180 86 0.099009900990099
180 85 0.099009900990099
180 84 0.099009900990099
180 83 0.0940594059405941
180 82 0.0940594059405941
180 81 0.099009900990099
180 80 0.0940594059405941
180 79 0.0841584158415842
180 78 0.108910891089109
180 77 0.099009900990099
180 76 0.0940594059405941
180 75 0.0891089108910891
180 74 0.103960396039604
180 73 0.113861386138614
180 72 0.0940594059405941
180 71 0.0940594059405941
180 70 0.0841584158415842
180 69 0.0841584158415842
180 68 0.0891089108910891
180 67 0.0841584158415842
180 66 0.0841584158415842
180 65 0.0940594059405941
180 64 0.0940594059405941
180 63 0.103960396039604
180 62 0.0940594059405941
180 61 0.0940594059405941
180 60 0.0792079207920792
180 59 0.108910891089109
180 58 0.0940594059405941
180 57 0.108910891089109
180 56 0.108910891089109
180 55 0.099009900990099
180 54 0.108910891089109
180 53 0.108910891089109
180 52 0.099009900990099
180 51 0.113861386138614
180 50 0.103960396039604
180 49 0.103960396039604
180 48 0.103960396039604
180 47 0.113861386138614
180 46 0.103960396039604
180 45 0.118811881188119
180 44 0.103960396039604
180 43 0.108910891089109
180 42 0.099009900990099
180 41 0.0940594059405941
180 40 0.108910891089109
180 39 0.099009900990099
180 38 0.108910891089109
180 37 0.099009900990099
180 36 0.108910891089109
180 35 0.103960396039604
180 34 0.108910891089109
180 33 0.113861386138614
180 32 0.123762376237624
180 31 0.128712871287129
180 30 0.113861386138614
180 29 0.108910891089109
180 28 0.143564356435644
180 27 0.118811881188119
180 26 0.123762376237624
180 25 0.118811881188119
180 24 0.118811881188119
180 23 0.0940594059405941
180 22 0.099009900990099
180 21 0.113861386138614
180 20 0.118811881188119
180 19 0.118811881188119
180 18 0.118811881188119
180 17 0.108910891089109
180 16 0.118811881188119
180 15 0.133663366336634
180 14 0.128712871287129
180 13 0.128712871287129
180 12 0.128712871287129
180 11 0.108910891089109
180 10 0.133663366336634
180 9 0.138613861386139
180 8 0.148514851485149
180 7 0.168316831683168
180 6 0.148514851485149
180 5 0.143564356435644
180 4 0.237623762376238
180 3 0.178217821782178
180 2 0.178217821782178
180 1 0.222772277227723
