80 177555 0.237623762376238
80 17756 0.217821782178218
80 1776 0.183168316831683
80 200 0.123762376237624
80 199 0.133663366336634
80 198 0.128712871287129
80 197 0.123762376237624
80 196 0.118811881188119
80 195 0.118811881188119
80 194 0.128712871287129
80 193 0.123762376237624
80 192 0.123762376237624
80 191 0.123762376237624
80 190 0.123762376237624
80 189 0.118811881188119
80 188 0.123762376237624
80 187 0.128712871287129
80 186 0.123762376237624
80 185 0.113861386138614
80 184 0.123762376237624
80 183 0.118811881188119
80 182 0.123762376237624
80 181 0.123762376237624
80 180 0.128712871287129
80 179 0.118811881188119
80 178 0.118811881188119
80 177 0.128712871287129
80 176 0.128712871287129
80 175 0.118811881188119
80 174 0.118811881188119
80 173 0.118811881188119
80 172 0.118811881188119
80 171 0.133663366336634
80 170 0.118811881188119
80 169 0.118811881188119
80 168 0.113861386138614
80 167 0.123762376237624
80 166 0.113861386138614
80 165 0.123762376237624
80 164 0.113861386138614
80 163 0.138613861386139
80 162 0.118811881188119
80 161 0.118811881188119
80 160 0.118811881188119
80 159 0.118811881188119
80 158 0.118811881188119
80 157 0.123762376237624
80 156 0.118811881188119
80 155 0.128712871287129
80 154 0.113861386138614
80 153 0.108910891089109
80 152 0.118811881188119
80 151 0.108910891089109
80 150 0.123762376237624
80 149 0.113861386138614
80 148 0.113861386138614
80 147 0.113861386138614
80 146 0.108910891089109
80 145 0.118811881188119
80 144 0.113861386138614
80 143 0.113861386138614
80 142 0.108910891089109
80 141 0.108910891089109
80 140 0.118811881188119
80 139 0.103960396039604
80 138 0.118811881188119
80 137 0.113861386138614
80 136 0.099009900990099
80 135 0.103960396039604
80 134 0.108910891089109
80 133 0.103960396039604
80 132 0.113861386138614
80 131 0.108910891089109
80 130 0.103960396039604
80 129 0.108910891089109
80 128 0.099009900990099
80 127 0.108910891089109
80 126 0.0940594059405941
80 125 0.108910891089109
80 124 0.108910891089109
80 123 0.108910891089109
80 122 0.103960396039604
80 121 0.103960396039604
80 120 0.113861386138614
80 119 0.0891089108910891
80 118 0.103960396039604
80 117 0.0940594059405941
80 116 0.103960396039604
80 115 0.103960396039604
80 114 0.0940594059405941
80 113 0.0940594059405941
80 112 0.0891089108910891
80 111 0.0841584158415842
80 110 0.0940594059405941
80 109 0.0891089108910891
80 108 0.0940594059405941
80 107 0.0940594059405941
80 106 0.113861386138614
80 105 0.0940594059405941
80 104 0.113861386138614
80 103 0.099009900990099
80 102 0.103960396039604
80 101 0.103960396039604
80 100 0.108910891089109
80 99 0.099009900990099
80 98 0.0940594059405941
80 97 0.0940594059405941
80 96 0.103960396039604
80 95 0.099009900990099
80 94 0.0940594059405941
80 93 0.099009900990099
80 92 0.099009900990099
80 91 0.103960396039604
80 90 0.099009900990099
80 89 0.099009900990099
80 88 0.0940594059405941
80 87 0.108910891089109
80 86 0.103960396039604
80 85 0.0940594059405941
80 84 0.0940594059405941
80 83 0.103960396039604
80 82 0.108910891089109
80 81 0.099009900990099
80 80 0.103960396039604
80 79 0.113861386138614
80 78 0.103960396039604
80 77 0.113861386138614
80 76 0.108910891089109
80 75 0.108910891089109
80 74 0.108910891089109
80 73 0.108910891089109
80 72 0.113861386138614
80 71 0.118811881188119
80 70 0.118811881188119
80 69 0.108910891089109
80 68 0.113861386138614
80 67 0.099009900990099
80 66 0.108910891089109
80 65 0.108910891089109
80 64 0.108910891089109
80 63 0.108910891089109
80 62 0.103960396039604
80 61 0.108910891089109
80 60 0.103960396039604
80 59 0.108910891089109
80 58 0.108910891089109
80 57 0.103960396039604
80 56 0.099009900990099
80 55 0.123762376237624
80 54 0.123762376237624
80 53 0.113861386138614
80 52 0.108910891089109
80 51 0.113861386138614
80 50 0.133663366336634
80 49 0.128712871287129
80 48 0.123762376237624
80 47 0.113861386138614
80 46 0.118811881188119
80 45 0.108910891089109
80 44 0.138613861386139
80 43 0.108910891089109
80 42 0.108910891089109
80 41 0.118811881188119
80 40 0.113861386138614
80 39 0.108910891089109
80 38 0.113861386138614
80 37 0.108910891089109
80 36 0.123762376237624
80 35 0.118811881188119
80 34 0.108910891089109
80 33 0.118811881188119
80 32 0.123762376237624
80 31 0.133663366336634
80 30 0.123762376237624
80 29 0.128712871287129
80 28 0.128712871287129
80 27 0.113861386138614
80 26 0.123762376237624
80 25 0.128712871287129
80 24 0.128712871287129
80 23 0.123762376237624
80 22 0.113861386138614
80 21 0.128712871287129
80 20 0.133663366336634
80 19 0.128712871287129
80 18 0.143564356435644
80 17 0.143564356435644
80 16 0.153465346534653
80 15 0.143564356435644
80 14 0.143564356435644
80 13 0.158415841584158
80 12 0.138613861386139
80 11 0.123762376237624
80 10 0.128712871287129
80 9 0.163366336633663
80 8 0.138613861386139
80 7 0.168316831683168
80 6 0.188118811881188
80 5 0.173267326732673
80 4 0.133663366336634
80 3 0.267326732673267
80 2 0.242574257425743
80 1 0.262376237623762
