200 177555 0.237623762376238
200 17756 0.217821782178218
200 1776 0.183168316831683
200 200 0.143564356435644
200 199 0.138613861386139
200 198 0.143564356435644
200 197 0.138613861386139
200 196 0.138613861386139
200 195 0.163366336633663
200 194 0.138613861386139
200 193 0.133663366336634
200 192 0.133663366336634
200 191 0.128712871287129
200 190 0.138613861386139
200 189 0.143564356435644
200 188 0.133663366336634
200 187 0.123762376237624
200 186 0.138613861386139
200 185 0.123762376237624
200 184 0.123762376237624
200 183 0.128712871287129
200 182 0.153465346534653
200 181 0.138613861386139
200 180 0.133663366336634
200 179 0.158415841584158
200 178 0.133663366336634
200 177 0.138613861386139
200 176 0.138613861386139
200 175 0.133663366336634
200 174 0.143564356435644
200 173 0.133663366336634
200 172 0.128712871287129
200 171 0.143564356435644
200 170 0.133663366336634
200 169 0.138613861386139
200 168 0.138613861386139
200 167 0.138613861386139
200 166 0.128712871287129
200 165 0.128712871287129
200 164 0.123762376237624
200 163 0.128712871287129
200 162 0.138613861386139
200 161 0.123762376237624
200 160 0.133663366336634
200 159 0.123762376237624
200 158 0.148514851485149
200 157 0.123762376237624
200 156 0.128712871287129
200 155 0.123762376237624
200 154 0.118811881188119
200 153 0.138613861386139
200 152 0.118811881188119
200 151 0.128712871287129
200 150 0.123762376237624
200 149 0.128712871287129
200 148 0.118811881188119
200 147 0.113861386138614
200 146 0.128712871287129
200 145 0.128712871287129
200 144 0.123762376237624
200 143 0.123762376237624
200 142 0.128712871287129
200 141 0.123762376237624
200 140 0.128712871287129
200 139 0.133663366336634
200 138 0.123762376237624
200 137 0.123762376237624
200 136 0.133663366336634
200 135 0.133663366336634
200 134 0.128712871287129
200 133 0.123762376237624
200 132 0.128712871287129
200 131 0.128712871287129
200 130 0.118811881188119
200 129 0.138613861386139
200 128 0.128712871287129
200 127 0.128712871287129
200 126 0.143564356435644
200 125 0.123762376237624
200 124 0.128712871287129
200 123 0.123762376237624
200 122 0.118811881188119
200 121 0.128712871287129
200 120 0.123762376237624
200 119 0.128712871287129
200 118 0.128712871287129
200 117 0.143564356435644
200 116 0.138613861386139
200 115 0.118811881188119
200 114 0.123762376237624
200 113 0.128712871287129
200 112 0.113861386138614
200 111 0.128712871287129
200 110 0.118811881188119
200 109 0.113861386138614
200 108 0.118811881188119
200 107 0.133663366336634
200 106 0.123762376237624
200 105 0.133663366336634
200 104 0.118811881188119
200 103 0.118811881188119
200 102 0.133663366336634
200 101 0.123762376237624
200 100 0.118811881188119
200 99 0.118811881188119
200 98 0.118811881188119
200 97 0.118811881188119
200 96 0.118811881188119
200 95 0.118811881188119
200 94 0.113861386138614
200 93 0.118811881188119
200 92 0.108910891089109
200 91 0.113861386138614
200 90 0.113861386138614
200 89 0.123762376237624
200 88 0.108910891089109
200 87 0.123762376237624
200 86 0.118811881188119
200 85 0.108910891089109
200 84 0.113861386138614
200 83 0.118811881188119
200 82 0.113861386138614
200 81 0.108910891089109
200 80 0.123762376237624
200 79 0.113861386138614
200 78 0.113861386138614
200 77 0.113861386138614
200 76 0.118811881188119
200 75 0.113861386138614
200 74 0.123762376237624
200 73 0.118811881188119
200 72 0.133663366336634
200 71 0.128712871287129
200 70 0.118811881188119
200 69 0.103960396039604
200 68 0.118811881188119
200 67 0.108910891089109
200 66 0.108910891089109
200 65 0.108910891089109
200 64 0.123762376237624
200 63 0.113861386138614
200 62 0.118811881188119
200 61 0.113861386138614
200 60 0.113861386138614
200 59 0.123762376237624
200 58 0.113861386138614
200 57 0.113861386138614
200 56 0.113861386138614
200 55 0.108910891089109
200 54 0.108910891089109
200 53 0.113861386138614
200 52 0.113861386138614
200 51 0.118811881188119
200 50 0.108910891089109
200 49 0.128712871287129
200 48 0.113861386138614
200 47 0.113861386138614
200 46 0.118811881188119
200 45 0.128712871287129
200 44 0.113861386138614
200 43 0.099009900990099
200 42 0.108910891089109
200 41 0.128712871287129
200 40 0.108910891089109
200 39 0.113861386138614
200 38 0.108910891089109
200 37 0.123762376237624
200 36 0.108910891089109
200 35 0.128712871287129
200 34 0.123762376237624
200 33 0.123762376237624
200 32 0.128712871287129
200 31 0.133663366336634
200 30 0.133663366336634
200 29 0.148514851485149
200 28 0.133663366336634
200 27 0.133663366336634
200 26 0.128712871287129
200 25 0.148514851485149
200 24 0.148514851485149
200 23 0.148514851485149
200 22 0.138613861386139
200 21 0.128712871287129
200 20 0.133663366336634
200 19 0.128712871287129
200 18 0.133663366336634
200 17 0.123762376237624
200 16 0.123762376237624
200 15 0.138613861386139
200 14 0.113861386138614
200 13 0.138613861386139
200 12 0.153465346534653
200 11 0.148514851485149
200 10 0.153465346534653
200 9 0.133663366336634
200 8 0.168316831683168
200 7 0.148514851485149
200 6 0.168316831683168
200 5 0.143564356435644
200 4 0.173267326732673
200 3 0.143564356435644
200 2 0.198019801980198
200 1 0.193069306930693
