87 177555 0.222772277227723
87 17756 0.212871287128713
87 1776 0.183168316831683
87 200 0.113861386138614
87 199 0.123762376237624
87 198 0.118811881188119
87 197 0.113861386138614
87 196 0.123762376237624
87 195 0.118811881188119
87 194 0.108910891089109
87 193 0.113861386138614
87 192 0.113861386138614
87 191 0.118811881188119
87 190 0.103960396039604
87 189 0.118811881188119
87 188 0.118811881188119
87 187 0.108910891089109
87 186 0.113861386138614
87 185 0.108910891089109
87 184 0.113861386138614
87 183 0.108910891089109
87 182 0.103960396039604
87 181 0.113861386138614
87 180 0.103960396039604
87 179 0.108910891089109
87 178 0.108910891089109
87 177 0.118811881188119
87 176 0.118811881188119
87 175 0.113861386138614
87 174 0.113861386138614
87 173 0.123762376237624
87 172 0.108910891089109
87 171 0.113861386138614
87 170 0.113861386138614
87 169 0.108910891089109
87 168 0.113861386138614
87 167 0.128712871287129
87 166 0.108910891089109
87 165 0.118811881188119
87 164 0.099009900990099
87 163 0.118811881188119
87 162 0.113861386138614
87 161 0.118811881188119
87 160 0.113861386138614
87 159 0.113861386138614
87 158 0.118811881188119
87 157 0.108910891089109
87 156 0.108910891089109
87 155 0.108910891089109
87 154 0.099009900990099
87 153 0.113861386138614
87 152 0.108910891089109
87 151 0.108910891089109
87 150 0.113861386138614
87 149 0.128712871287129
87 148 0.108910891089109
87 147 0.113861386138614
87 146 0.108910891089109
87 145 0.108910891089109
87 144 0.113861386138614
87 143 0.113861386138614
87 142 0.118811881188119
87 141 0.113861386138614
87 140 0.113861386138614
87 139 0.108910891089109
87 138 0.103960396039604
87 137 0.099009900990099
87 136 0.113861386138614
87 135 0.123762376237624
87 134 0.113861386138614
87 133 0.113861386138614
87 132 0.103960396039604
87 131 0.118811881188119
87 130 0.113861386138614
87 129 0.113861386138614
87 128 0.113861386138614
87 127 0.108910891089109
87 126 0.113861386138614
87 125 0.118811881188119
87 124 0.118811881188119
87 123 0.113861386138614
87 122 0.108910891089109
87 121 0.108910891089109
87 120 0.113861386138614
87 119 0.113861386138614
87 118 0.108910891089109
87 117 0.103960396039604
87 116 0.113861386138614
87 115 0.113861386138614
87 114 0.118811881188119
87 113 0.108910891089109
87 112 0.118811881188119
87 111 0.103960396039604
87 110 0.108910891089109
87 109 0.099009900990099
87 108 0.113861386138614
87 107 0.103960396039604
87 106 0.108910891089109
87 105 0.113861386138614
87 104 0.113861386138614
87 103 0.108910891089109
87 102 0.0940594059405941
87 101 0.099009900990099
87 100 0.103960396039604
87 99 0.103960396039604
87 98 0.099009900990099
87 97 0.103960396039604
87 96 0.103960396039604
87 95 0.103960396039604
87 94 0.099009900990099
87 93 0.0940594059405941
87 92 0.0940594059405941
87 91 0.0940594059405941
87 90 0.0940594059405941
87 89 0.099009900990099
87 88 0.099009900990099
87 87 0.108910891089109
87 86 0.0891089108910891
87 85 0.103960396039604
87 84 0.099009900990099
87 83 0.099009900990099
87 82 0.103960396039604
87 81 0.099009900990099
87 80 0.103960396039604
87 79 0.099009900990099
87 78 0.108910891089109
87 77 0.0940594059405941
87 76 0.099009900990099
87 75 0.0940594059405941
87 74 0.108910891089109
87 73 0.0940594059405941
87 72 0.099009900990099
87 71 0.099009900990099
87 70 0.099009900990099
87 69 0.099009900990099
87 68 0.099009900990099
87 67 0.099009900990099
87 66 0.103960396039604
87 65 0.103960396039604
87 64 0.103960396039604
87 63 0.0940594059405941
87 62 0.0940594059405941
87 61 0.103960396039604
87 60 0.113861386138614
87 59 0.0940594059405941
87 58 0.099009900990099
87 57 0.103960396039604
87 56 0.108910891089109
87 55 0.0891089108910891
87 54 0.108910891089109
87 53 0.099009900990099
87 52 0.108910891089109
87 51 0.108910891089109
87 50 0.103960396039604
87 49 0.103960396039604
87 48 0.113861386138614
87 47 0.108910891089109
87 46 0.118811881188119
87 45 0.103960396039604
87 44 0.0891089108910891
87 43 0.103960396039604
87 42 0.103960396039604
87 41 0.113861386138614
87 40 0.123762376237624
87 39 0.099009900990099
87 38 0.113861386138614
87 37 0.108910891089109
87 36 0.113861386138614
87 35 0.113861386138614
87 34 0.123762376237624
87 33 0.108910891089109
87 32 0.128712871287129
87 31 0.108910891089109
87 30 0.0891089108910891
87 29 0.108910891089109
87 28 0.103960396039604
87 27 0.0940594059405941
87 26 0.0940594059405941
87 25 0.103960396039604
87 24 0.099009900990099
87 23 0.113861386138614
87 22 0.103960396039604
87 21 0.0940594059405941
87 20 0.0891089108910891
87 19 0.0841584158415842
87 18 0.0891089108910891
87 17 0.0841584158415842
87 16 0.103960396039604
87 15 0.0940594059405941
87 14 0.103960396039604
87 13 0.103960396039604
87 12 0.113861386138614
87 11 0.123762376237624
87 10 0.128712871287129
87 9 0.143564356435644
87 8 0.123762376237624
87 7 0.138613861386139
87 6 0.198019801980198
87 5 0.188118811881188
87 4 0.183168316831683
87 3 0.202970297029703
87 2 0.252475247524752
87 1 0.252475247524752
