134 177555 0.237623762376238
134 17756 0.222772277227723
134 1776 0.168316831683168
134 200 0.103960396039604
134 199 0.103960396039604
134 198 0.118811881188119
134 197 0.108910891089109
134 196 0.108910891089109
134 195 0.099009900990099
134 194 0.103960396039604
134 193 0.108910891089109
134 192 0.108910891089109
134 191 0.113861386138614
134 190 0.108910891089109
134 189 0.099009900990099
134 188 0.118811881188119
134 187 0.108910891089109
134 186 0.108910891089109
134 185 0.113861386138614
134 184 0.099009900990099
134 183 0.099009900990099
134 182 0.108910891089109
134 181 0.108910891089109
134 180 0.103960396039604
134 179 0.113861386138614
134 178 0.108910891089109
134 177 0.108910891089109
134 176 0.108910891089109
134 175 0.108910891089109
134 174 0.099009900990099
134 173 0.103960396039604
134 172 0.099009900990099
134 171 0.099009900990099
134 170 0.103960396039604
134 169 0.108910891089109
134 168 0.099009900990099
134 167 0.0940594059405941
134 166 0.0940594059405941
134 165 0.0940594059405941
134 164 0.113861386138614
134 163 0.0940594059405941
134 162 0.099009900990099
134 161 0.103960396039604
134 160 0.099009900990099
134 159 0.108910891089109
134 158 0.099009900990099
134 157 0.0891089108910891
134 156 0.099009900990099
134 155 0.103960396039604
134 154 0.0940594059405941
134 153 0.108910891089109
134 152 0.0891089108910891
134 151 0.0841584158415842
134 150 0.0841584158415842
134 149 0.0891089108910891
134 148 0.099009900990099
134 147 0.0940594059405941
134 146 0.103960396039604
134 145 0.099009900990099
134 144 0.0940594059405941
134 143 0.0891089108910891
134 142 0.103960396039604
134 141 0.103960396039604
134 140 0.103960396039604
134 139 0.108910891089109
134 138 0.103960396039604
134 137 0.0940594059405941
134 136 0.0891089108910891
134 135 0.0841584158415842
134 134 0.0792079207920792
134 133 0.108910891089109
134 132 0.0940594059405941
134 131 0.099009900990099
134 130 0.0940594059405941
134 129 0.0940594059405941
134 128 0.099009900990099
134 127 0.0940594059405941
134 126 0.0940594059405941
134 125 0.0891089108910891
134 124 0.0940594059405941
134 123 0.099009900990099
134 122 0.0940594059405941
134 121 0.0940594059405941
134 120 0.0891089108910891
134 119 0.0841584158415842
134 118 0.0891089108910891
134 117 0.0891089108910891
134 116 0.0841584158415842
134 115 0.099009900990099
134 114 0.0891089108910891
134 113 0.0940594059405941
134 112 0.0940594059405941
134 111 0.0841584158415842
134 110 0.0891089108910891
134 109 0.0841584158415842
134 108 0.0891089108910891
134 107 0.0940594059405941
134 106 0.0792079207920792
134 105 0.0841584158415842
134 104 0.0792079207920792
134 103 0.0792079207920792
134 102 0.0841584158415842
134 101 0.0792079207920792
134 100 0.0841584158415842
134 99 0.0792079207920792
134 98 0.0841584158415842
134 97 0.0940594059405941
134 96 0.0742574257425743
134 95 0.0792079207920792
134 94 0.0841584158415842
134 93 0.0891089108910891
134 92 0.0940594059405941
134 91 0.0841584158415842
134 90 0.0742574257425743
134 89 0.0841584158415842
134 88 0.0841584158415842
134 87 0.0891089108910891
134 86 0.0841584158415842
134 85 0.0940594059405941
134 84 0.0792079207920792
134 83 0.0841584158415842
134 82 0.0742574257425743
134 81 0.0742574257425743
134 80 0.0940594059405941
134 79 0.0742574257425743
134 78 0.0841584158415842
134 77 0.0792079207920792
134 76 0.0841584158415842
134 75 0.0891089108910891
134 74 0.0792079207920792
134 73 0.0940594059405941
134 72 0.0792079207920792
134 71 0.0841584158415842
134 70 0.0841584158415842
134 69 0.0841584158415842
134 68 0.0841584158415842
134 67 0.0742574257425743
134 66 0.0742574257425743
134 65 0.0742574257425743
134 64 0.0792079207920792
134 63 0.0792079207920792
134 62 0.0841584158415842
134 61 0.0792079207920792
134 60 0.0643564356435644
134 59 0.0792079207920792
134 58 0.0792079207920792
134 57 0.0643564356435644
134 56 0.0693069306930693
134 55 0.0594059405940594
134 54 0.0693069306930693
134 53 0.0594059405940594
134 52 0.0742574257425743
134 51 0.0742574257425743
134 50 0.0693069306930693
134 49 0.0841584158415842
134 48 0.0693069306930693
134 47 0.0742574257425743
134 46 0.0643564356435644
134 45 0.0693069306930693
134 44 0.0742574257425743
134 43 0.0841584158415842
134 42 0.0742574257425743
134 41 0.0792079207920792
134 40 0.0742574257425743
134 39 0.0792079207920792
134 38 0.0742574257425743
134 37 0.0792079207920792
134 36 0.0891089108910891
134 35 0.0693069306930693
134 34 0.0742574257425743
134 33 0.0792079207920792
134 32 0.0891089108910891
134 31 0.0792079207920792
134 30 0.0841584158415842
134 29 0.0792079207920792
134 28 0.0891089108910891
134 27 0.0940594059405941
134 26 0.0940594059405941
134 25 0.0841584158415842
134 24 0.0891089108910891
134 23 0.099009900990099
134 22 0.0940594059405941
134 21 0.099009900990099
134 20 0.099009900990099
134 19 0.099009900990099
134 18 0.0891089108910891
134 17 0.103960396039604
134 16 0.103960396039604
134 15 0.118811881188119
134 14 0.099009900990099
134 13 0.118811881188119
134 12 0.118811881188119
134 11 0.108910891089109
134 10 0.123762376237624
134 9 0.148514851485149
134 8 0.138613861386139
134 7 0.153465346534653
134 6 0.153465346534653
134 5 0.148514851485149
134 4 0.183168316831683
134 3 0.193069306930693
134 2 0.242574257425743
134 1 0.188118811881188
