75 177555 0.242574257425743
75 17756 0.207920792079208
75 1776 0.163366336633663
75 200 0.123762376237624
75 199 0.128712871287129
75 198 0.123762376237624
75 197 0.123762376237624
75 196 0.133663366336634
75 195 0.123762376237624
75 194 0.113861386138614
75 193 0.123762376237624
75 192 0.123762376237624
75 191 0.118811881188119
75 190 0.118811881188119
75 189 0.123762376237624
75 188 0.123762376237624
75 187 0.118811881188119
75 186 0.113861386138614
75 185 0.118811881188119
75 184 0.113861386138614
75 183 0.113861386138614
75 182 0.123762376237624
75 181 0.128712871287129
75 180 0.099009900990099
75 179 0.113861386138614
75 178 0.118811881188119
75 177 0.113861386138614
75 176 0.128712871287129
75 175 0.113861386138614
75 174 0.108910891089109
75 173 0.108910891089109
75 172 0.123762376237624
75 171 0.108910891089109
75 170 0.108910891089109
75 169 0.113861386138614
75 168 0.103960396039604
75 167 0.108910891089109
75 166 0.108910891089109
75 165 0.108910891089109
75 164 0.108910891089109
75 163 0.113861386138614
75 162 0.113861386138614
75 161 0.108910891089109
75 160 0.108910891089109
75 159 0.108910891089109
75 158 0.113861386138614
75 157 0.108910891089109
75 156 0.103960396039604
75 155 0.108910891089109
75 154 0.103960396039604
75 153 0.099009900990099
75 152 0.118811881188119
75 151 0.108910891089109
75 150 0.099009900990099
75 149 0.099009900990099
75 148 0.103960396039604
75 147 0.103960396039604
75 146 0.103960396039604
75 145 0.103960396039604
75 144 0.099009900990099
75 143 0.099009900990099
75 142 0.103960396039604
75 141 0.0940594059405941
75 140 0.099009900990099
75 139 0.108910891089109
75 138 0.103960396039604
75 137 0.108910891089109
75 136 0.108910891089109
75 135 0.099009900990099
75 134 0.103960396039604
75 133 0.103960396039604
75 132 0.103960396039604
75 131 0.0940594059405941
75 130 0.099009900990099
75 129 0.103960396039604
75 128 0.0891089108910891
75 127 0.099009900990099
75 126 0.103960396039604
75 125 0.0940594059405941
75 124 0.0940594059405941
75 123 0.103960396039604
75 122 0.099009900990099
75 121 0.0891089108910891
75 120 0.099009900990099
75 119 0.103960396039604
75 118 0.0940594059405941
75 117 0.103960396039604
75 116 0.099009900990099
75 115 0.103960396039604
75 114 0.0841584158415842
75 113 0.0940594059405941
75 112 0.099009900990099
75 111 0.099009900990099
75 110 0.0940594059405941
75 109 0.099009900990099
75 108 0.099009900990099
75 107 0.099009900990099
75 106 0.099009900990099
75 105 0.0940594059405941
75 104 0.0940594059405941
75 103 0.0841584158415842
75 102 0.0940594059405941
75 101 0.0841584158415842
75 100 0.103960396039604
75 99 0.099009900990099
75 98 0.108910891089109
75 97 0.0891089108910891
75 96 0.0940594059405941
75 95 0.103960396039604
75 94 0.103960396039604
75 93 0.0940594059405941
75 92 0.103960396039604
75 91 0.0792079207920792
75 90 0.099009900990099
75 89 0.103960396039604
75 88 0.0940594059405941
75 87 0.0940594059405941
75 86 0.0891089108910891
75 85 0.113861386138614
75 84 0.103960396039604
75 83 0.108910891089109
75 82 0.0940594059405941
75 81 0.0940594059405941
75 80 0.099009900990099
75 79 0.0891089108910891
75 78 0.103960396039604
75 77 0.0940594059405941
75 76 0.103960396039604
75 75 0.099009900990099
75 74 0.0940594059405941
75 73 0.0940594059405941
75 72 0.099009900990099
75 71 0.103960396039604
75 70 0.099009900990099
75 69 0.103960396039604
75 68 0.099009900990099
75 67 0.103960396039604
75 66 0.103960396039604
75 65 0.103960396039604
75 64 0.103960396039604
75 63 0.103960396039604
75 62 0.103960396039604
75 61 0.099009900990099
75 60 0.108910891089109
75 59 0.103960396039604
75 58 0.103960396039604
75 57 0.099009900990099
75 56 0.099009900990099
75 55 0.099009900990099
75 54 0.099009900990099
75 53 0.108910891089109
75 52 0.103960396039604
75 51 0.108910891089109
75 50 0.103960396039604
75 49 0.113861386138614
75 48 0.118811881188119
75 47 0.099009900990099
75 46 0.108910891089109
75 45 0.099009900990099
75 44 0.099009900990099
75 43 0.0940594059405941
75 42 0.0891089108910891
75 41 0.0891089108910891
75 40 0.0841584158415842
75 39 0.0841584158415842
75 38 0.108910891089109
75 37 0.099009900990099
75 36 0.103960396039604
75 35 0.0940594059405941
75 34 0.0940594059405941
75 33 0.113861386138614
75 32 0.108910891089109
75 31 0.099009900990099
75 30 0.099009900990099
75 29 0.0940594059405941
75 28 0.099009900990099
75 27 0.108910891089109
75 26 0.113861386138614
75 25 0.103960396039604
75 24 0.103960396039604
75 23 0.0940594059405941
75 22 0.113861386138614
75 21 0.118811881188119
75 20 0.108910891089109
75 19 0.113861386138614
75 18 0.113861386138614
75 17 0.123762376237624
75 16 0.108910891089109
75 15 0.103960396039604
75 14 0.128712871287129
75 13 0.118811881188119
75 12 0.118811881188119
75 11 0.138613861386139
75 10 0.118811881188119
75 9 0.113861386138614
75 8 0.128712871287129
75 7 0.138613861386139
75 6 0.138613861386139
75 5 0.212871287128713
75 4 0.148514851485149
75 3 0.193069306930693
75 2 0.198019801980198
75 1 0.232673267326733
