174 177555 0.227722772277228
174 17756 0.217821782178218
174 1776 0.173267326732673
174 200 0.128712871287129
174 199 0.133663366336634
174 198 0.123762376237624
174 197 0.133663366336634
174 196 0.143564356435644
174 195 0.138613861386139
174 194 0.133663366336634
174 193 0.138613861386139
174 192 0.133663366336634
174 191 0.133663366336634
174 190 0.128712871287129
174 189 0.138613861386139
174 188 0.133663366336634
174 187 0.128712871287129
174 186 0.123762376237624
174 185 0.133663366336634
174 184 0.128712871287129
174 183 0.138613861386139
174 182 0.133663366336634
174 181 0.118811881188119
174 180 0.128712871287129
174 179 0.133663366336634
174 178 0.128712871287129
174 177 0.133663366336634
174 176 0.128712871287129
174 175 0.128712871287129
174 174 0.128712871287129
174 173 0.138613861386139
174 172 0.138613861386139
174 171 0.128712871287129
174 170 0.133663366336634
174 169 0.123762376237624
174 168 0.128712871287129
174 167 0.138613861386139
174 166 0.138613861386139
174 165 0.133663366336634
174 164 0.133663366336634
174 163 0.138613861386139
174 162 0.143564356435644
174 161 0.128712871287129
174 160 0.143564356435644
174 159 0.133663366336634
174 158 0.123762376237624
174 157 0.133663366336634
174 156 0.133663366336634
174 155 0.128712871287129
174 154 0.138613861386139
174 153 0.138613861386139
174 152 0.128712871287129
174 151 0.133663366336634
174 150 0.138613861386139
174 149 0.138613861386139
174 148 0.133663366336634
174 147 0.133663366336634
174 146 0.128712871287129
174 145 0.123762376237624
174 144 0.128712871287129
174 143 0.128712871287129
174 142 0.128712871287129
174 141 0.138613861386139
174 140 0.128712871287129
174 139 0.143564356435644
174 138 0.128712871287129
174 137 0.133663366336634
174 136 0.123762376237624
174 135 0.123762376237624
174 134 0.123762376237624
174 133 0.138613861386139
174 132 0.123762376237624
174 131 0.128712871287129
174 130 0.133663366336634
174 129 0.128712871287129
174 128 0.133663366336634
174 127 0.128712871287129
174 126 0.113861386138614
174 125 0.123762376237624
174 124 0.113861386138614
174 123 0.138613861386139
174 122 0.133663366336634
174 121 0.118811881188119
174 120 0.113861386138614
174 119 0.128712871287129
174 118 0.128712871287129
174 117 0.123762376237624
174 116 0.128712871287129
174 115 0.138613861386139
174 114 0.123762376237624
174 113 0.138613861386139
174 112 0.138613861386139
174 111 0.118811881188119
174 110 0.123762376237624
174 109 0.118811881188119
174 108 0.118811881188119
174 107 0.118811881188119
174 106 0.123762376237624
174 105 0.108910891089109
174 104 0.113861386138614
174 103 0.108910891089109
174 102 0.113861386138614
174 101 0.118811881188119
174 100 0.118811881188119
174 99 0.123762376237624
174 98 0.123762376237624
174 97 0.103960396039604
174 96 0.118811881188119
174 95 0.128712871287129
174 94 0.118811881188119
174 93 0.108910891089109
174 92 0.103960396039604
174 91 0.113861386138614
174 90 0.113861386138614
174 89 0.118811881188119
174 88 0.113861386138614
174 87 0.113861386138614
174 86 0.113861386138614
174 85 0.113861386138614
174 84 0.103960396039604
174 83 0.108910891089109
174 82 0.118811881188119
174 81 0.103960396039604
174 80 0.108910891089109
174 79 0.118811881188119
174 78 0.103960396039604
174 77 0.0940594059405941
174 76 0.099009900990099
174 75 0.0940594059405941
174 74 0.108910891089109
174 73 0.108910891089109
174 72 0.103960396039604
174 71 0.103960396039604
174 70 0.103960396039604
174 69 0.099009900990099
174 68 0.103960396039604
174 67 0.099009900990099
174 66 0.099009900990099
174 65 0.099009900990099
174 64 0.108910891089109
174 63 0.118811881188119
174 62 0.103960396039604
174 61 0.113861386138614
174 60 0.113861386138614
174 59 0.108910891089109
174 58 0.108910891089109
174 57 0.0940594059405941
174 56 0.108910891089109
174 55 0.103960396039604
174 54 0.103960396039604
174 53 0.103960396039604
174 52 0.0940594059405941
174 51 0.099009900990099
174 50 0.0940594059405941
174 49 0.0940594059405941
174 48 0.103960396039604
174 47 0.118811881188119
174 46 0.113861386138614
174 45 0.123762376237624
174 44 0.128712871287129
174 43 0.118811881188119
174 42 0.113861386138614
174 41 0.123762376237624
174 40 0.123762376237624
174 39 0.138613861386139
174 38 0.133663366336634
174 37 0.143564356435644
174 36 0.133663366336634
174 35 0.133663366336634
174 34 0.128712871287129
174 33 0.133663366336634
174 32 0.118811881188119
174 31 0.138613861386139
174 30 0.123762376237624
174 29 0.133663366336634
174 28 0.128712871287129
174 27 0.138613861386139
174 26 0.123762376237624
174 25 0.123762376237624
174 24 0.133663366336634
174 23 0.123762376237624
174 22 0.123762376237624
174 21 0.128712871287129
174 20 0.133663366336634
174 19 0.118811881188119
174 18 0.118811881188119
174 17 0.113861386138614
174 16 0.143564356435644
174 15 0.143564356435644
174 14 0.138613861386139
174 13 0.138613861386139
174 12 0.178217821782178
174 11 0.143564356435644
174 10 0.143564356435644
174 9 0.153465346534653
174 8 0.143564356435644
174 7 0.158415841584158
174 6 0.163366336633663
174 5 0.168316831683168
174 4 0.217821782178218
174 3 0.173267326732673
174 2 0.272277227722772
174 1 0.193069306930693
