183 177555 0.252475247524752
183 17756 0.212871287128713
183 1776 0.168316831683168
183 200 0.123762376237624
183 199 0.123762376237624
183 198 0.118811881188119
183 197 0.128712871287129
183 196 0.133663366336634
183 195 0.123762376237624
183 194 0.128712871287129
183 193 0.123762376237624
183 192 0.138613861386139
183 191 0.133663366336634
183 190 0.133663366336634
183 189 0.133663366336634
183 188 0.138613861386139
183 187 0.118811881188119
183 186 0.133663366336634
183 185 0.123762376237624
183 184 0.123762376237624
183 183 0.128712871287129
183 182 0.113861386138614
183 181 0.128712871287129
183 180 0.123762376237624
183 179 0.128712871287129
183 178 0.133663366336634
183 177 0.123762376237624
183 176 0.148514851485149
183 175 0.133663366336634
183 174 0.118811881188119
183 173 0.113861386138614
183 172 0.118811881188119
183 171 0.118811881188119
183 170 0.113861386138614
183 169 0.118811881188119
183 168 0.118811881188119
183 167 0.118811881188119
183 166 0.118811881188119
183 165 0.133663366336634
183 164 0.113861386138614
183 163 0.123762376237624
183 162 0.118811881188119
183 161 0.128712871287129
183 160 0.118811881188119
183 159 0.123762376237624
183 158 0.123762376237624
183 157 0.108910891089109
183 156 0.123762376237624
183 155 0.108910891089109
183 154 0.103960396039604
183 153 0.113861386138614
183 152 0.108910891089109
183 151 0.108910891089109
183 150 0.103960396039604
183 149 0.123762376237624
183 148 0.103960396039604
183 147 0.103960396039604
183 146 0.128712871287129
183 145 0.108910891089109
183 144 0.118811881188119
183 143 0.113861386138614
183 142 0.108910891089109
183 141 0.103960396039604
183 140 0.103960396039604
183 139 0.103960396039604
183 138 0.113861386138614
183 137 0.113861386138614
183 136 0.103960396039604
183 135 0.113861386138614
183 134 0.108910891089109
183 133 0.0940594059405941
183 132 0.099009900990099
183 131 0.108910891089109
183 130 0.099009900990099
183 129 0.123762376237624
183 128 0.103960396039604
183 127 0.103960396039604
183 126 0.103960396039604
183 125 0.108910891089109
183 124 0.099009900990099
183 123 0.103960396039604
183 122 0.099009900990099
183 121 0.099009900990099
183 120 0.103960396039604
183 119 0.103960396039604
183 118 0.113861386138614
183 117 0.123762376237624
183 116 0.108910891089109
183 115 0.108910891089109
183 114 0.113861386138614
183 113 0.103960396039604
183 112 0.103960396039604
183 111 0.099009900990099
183 110 0.108910891089109
183 109 0.108910891089109
183 108 0.108910891089109
183 107 0.128712871287129
183 106 0.0891089108910891
183 105 0.113861386138614
183 104 0.0940594059405941
183 103 0.0891089108910891
183 102 0.099009900990099
183 101 0.0891089108910891
183 100 0.103960396039604
183 99 0.0841584158415842
183 98 0.099009900990099
183 97 0.0841584158415842
183 96 0.108910891089109
183 95 0.108910891089109
183 94 0.108910891089109
183 93 0.099009900990099
183 92 0.099009900990099
183 91 0.099009900990099
183 90 0.103960396039604
183 89 0.108910891089109
183 88 0.0891089108910891
183 87 0.0792079207920792
183 86 0.103960396039604
183 85 0.0841584158415842
183 84 0.0940594059405941
183 83 0.0940594059405941
183 82 0.0940594059405941
183 81 0.099009900990099
183 80 0.099009900990099
183 79 0.0841584158415842
183 78 0.0891089108910891
183 77 0.0891089108910891
183 76 0.0940594059405941
183 75 0.0940594059405941
183 74 0.0891089108910891
183 73 0.0940594059405941
183 72 0.0940594059405941
183 71 0.099009900990099
183 70 0.0940594059405941
183 69 0.0891089108910891
183 68 0.0841584158415842
183 67 0.099009900990099
183 66 0.099009900990099
183 65 0.099009900990099
183 64 0.103960396039604
183 63 0.103960396039604
183 62 0.0940594059405941
183 61 0.0891089108910891
183 60 0.108910891089109
183 59 0.0891089108910891
183 58 0.099009900990099
183 57 0.099009900990099
183 56 0.099009900990099
183 55 0.0940594059405941
183 54 0.099009900990099
183 53 0.108910891089109
183 52 0.0841584158415842
183 51 0.0940594059405941
183 50 0.0841584158415842
183 49 0.0841584158415842
183 48 0.103960396039604
183 47 0.103960396039604
183 46 0.0792079207920792
183 45 0.0940594059405941
183 44 0.0841584158415842
183 43 0.099009900990099
183 42 0.0841584158415842
183 41 0.0891089108910891
183 40 0.0891089108910891
183 39 0.0891089108910891
183 38 0.0891089108910891
183 37 0.0940594059405941
183 36 0.0891089108910891
183 35 0.0891089108910891
183 34 0.099009900990099
183 33 0.0891089108910891
183 32 0.0940594059405941
183 31 0.0841584158415842
183 30 0.0891089108910891
183 29 0.0792079207920792
183 28 0.0841584158415842
183 27 0.0792079207920792
183 26 0.099009900990099
183 25 0.0940594059405941
183 24 0.099009900990099
183 23 0.0841584158415842
183 22 0.0891089108910891
183 21 0.0841584158415842
183 20 0.113861386138614
183 19 0.118811881188119
183 18 0.133663366336634
183 17 0.133663366336634
183 16 0.123762376237624
183 15 0.128712871287129
183 14 0.128712871287129
183 13 0.133663366336634
183 12 0.128712871287129
183 11 0.118811881188119
183 10 0.133663366336634
183 9 0.148514851485149
183 8 0.143564356435644
183 7 0.123762376237624
183 6 0.133663366336634
183 5 0.193069306930693
183 4 0.178217821782178
183 3 0.163366336633663
183 2 0.173267326732673
183 1 0.242574257425743
