85 177555 0.227722772277228
85 17756 0.202970297029703
85 1776 0.183168316831683
85 200 0.138613861386139
85 199 0.133663366336634
85 198 0.118811881188119
85 197 0.128712871287129
85 196 0.128712871287129
85 195 0.133663366336634
85 194 0.123762376237624
85 193 0.128712871287129
85 192 0.133663366336634
85 191 0.128712871287129
85 190 0.123762376237624
85 189 0.123762376237624
85 188 0.123762376237624
85 187 0.118811881188119
85 186 0.123762376237624
85 185 0.123762376237624
85 184 0.128712871287129
85 183 0.133663366336634
85 182 0.118811881188119
85 181 0.118811881188119
85 180 0.128712871287129
85 179 0.128712871287129
85 178 0.123762376237624
85 177 0.133663366336634
85 176 0.133663366336634
85 175 0.128712871287129
85 174 0.118811881188119
85 173 0.123762376237624
85 172 0.128712871287129
85 171 0.128712871287129
85 170 0.123762376237624
85 169 0.128712871287129
85 168 0.118811881188119
85 167 0.128712871287129
85 166 0.118811881188119
85 165 0.128712871287129
85 164 0.133663366336634
85 163 0.128712871287129
85 162 0.128712871287129
85 161 0.113861386138614
85 160 0.123762376237624
85 159 0.118811881188119
85 158 0.118811881188119
85 157 0.128712871287129
85 156 0.118811881188119
85 155 0.128712871287129
85 154 0.123762376237624
85 153 0.128712871287129
85 152 0.123762376237624
85 151 0.123762376237624
85 150 0.123762376237624
85 149 0.118811881188119
85 148 0.123762376237624
85 147 0.118811881188119
85 146 0.118811881188119
85 145 0.118811881188119
85 144 0.123762376237624
85 143 0.118811881188119
85 142 0.118811881188119
85 141 0.118811881188119
85 140 0.133663366336634
85 139 0.118811881188119
85 138 0.118811881188119
85 137 0.113861386138614
85 136 0.118811881188119
85 135 0.113861386138614
85 134 0.113861386138614
85 133 0.108910891089109
85 132 0.113861386138614
85 131 0.113861386138614
85 130 0.118811881188119
85 129 0.128712871287129
85 128 0.123762376237624
85 127 0.123762376237624
85 126 0.113861386138614
85 125 0.128712871287129
85 124 0.113861386138614
85 123 0.113861386138614
85 122 0.113861386138614
85 121 0.118811881188119
85 120 0.118811881188119
85 119 0.108910891089109
85 118 0.113861386138614
85 117 0.113861386138614
85 116 0.118811881188119
85 115 0.113861386138614
85 114 0.113861386138614
85 113 0.118811881188119
85 112 0.108910891089109
85 111 0.123762376237624
85 110 0.113861386138614
85 109 0.108910891089109
85 108 0.113861386138614
85 107 0.103960396039604
85 106 0.113861386138614
85 105 0.113861386138614
85 104 0.113861386138614
85 103 0.108910891089109
85 102 0.113861386138614
85 101 0.108910891089109
85 100 0.113861386138614
85 99 0.123762376237624
85 98 0.099009900990099
85 97 0.108910891089109
85 96 0.113861386138614
85 95 0.108910891089109
85 94 0.108910891089109
85 93 0.108910891089109
85 92 0.103960396039604
85 91 0.113861386138614
85 90 0.108910891089109
85 89 0.108910891089109
85 88 0.108910891089109
85 87 0.108910891089109
85 86 0.108910891089109
85 85 0.103960396039604
85 84 0.113861386138614
85 83 0.108910891089109
85 82 0.103960396039604
85 81 0.108910891089109
85 80 0.099009900990099
85 79 0.108910891089109
85 78 0.103960396039604
85 77 0.103960396039604
85 76 0.103960396039604
85 75 0.108910891089109
85 74 0.0940594059405941
85 73 0.0940594059405941
85 72 0.103960396039604
85 71 0.099009900990099
85 70 0.099009900990099
85 69 0.103960396039604
85 68 0.099009900990099
85 67 0.103960396039604
85 66 0.0940594059405941
85 65 0.0940594059405941
85 64 0.0940594059405941
85 63 0.0940594059405941
85 62 0.0891089108910891
85 61 0.0940594059405941
85 60 0.0940594059405941
85 59 0.099009900990099
85 58 0.099009900990099
85 57 0.0891089108910891
85 56 0.099009900990099
85 55 0.099009900990099
85 54 0.0940594059405941
85 53 0.0940594059405941
85 52 0.103960396039604
85 51 0.0940594059405941
85 50 0.0940594059405941
85 49 0.0940594059405941
85 48 0.0891089108910891
85 47 0.099009900990099
85 46 0.103960396039604
85 45 0.0940594059405941
85 44 0.103960396039604
85 43 0.103960396039604
85 42 0.099009900990099
85 41 0.099009900990099
85 40 0.0841584158415842
85 39 0.0891089108910891
85 38 0.099009900990099
85 37 0.0841584158415842
85 36 0.0891089108910891
85 35 0.099009900990099
85 34 0.0891089108910891
85 33 0.0891089108910891
85 32 0.0940594059405941
85 31 0.0891089108910891
85 30 0.099009900990099
85 29 0.103960396039604
85 28 0.0940594059405941
85 27 0.0891089108910891
85 26 0.099009900990099
85 25 0.103960396039604
85 24 0.0841584158415842
85 23 0.103960396039604
85 22 0.123762376237624
85 21 0.113861386138614
85 20 0.099009900990099
85 19 0.108910891089109
85 18 0.0940594059405941
85 17 0.103960396039604
85 16 0.103960396039604
85 15 0.113861386138614
85 14 0.118811881188119
85 13 0.103960396039604
85 12 0.113861386138614
85 11 0.128712871287129
85 10 0.133663366336634
85 9 0.123762376237624
85 8 0.0841584158415842
85 7 0.138613861386139
85 6 0.198019801980198
85 5 0.163366336633663
85 4 0.153465346534653
85 3 0.143564356435644
85 2 0.178217821782178
85 1 0.237623762376238
