31 177555 0.237623762376238
31 17756 0.212871287128713
31 1776 0.163366336633663
31 200 0.113861386138614
31 199 0.099009900990099
31 198 0.103960396039604
31 197 0.103960396039604
31 196 0.099009900990099
31 195 0.108910891089109
31 194 0.103960396039604
31 193 0.103960396039604
31 192 0.113861386138614
31 191 0.103960396039604
31 190 0.113861386138614
31 189 0.103960396039604
31 188 0.099009900990099
31 187 0.123762376237624
31 186 0.099009900990099
31 185 0.108910891089109
31 184 0.099009900990099
31 183 0.103960396039604
31 182 0.103960396039604
31 181 0.0940594059405941
31 180 0.0891089108910891
31 179 0.118811881188119
31 178 0.0891089108910891
31 177 0.099009900990099
31 176 0.0940594059405941
31 175 0.113861386138614
31 174 0.108910891089109
31 173 0.099009900990099
31 172 0.099009900990099
31 171 0.108910891089109
31 170 0.0940594059405941
31 169 0.0891089108910891
31 168 0.0891089108910891
31 167 0.099009900990099
31 166 0.099009900990099
31 165 0.0891089108910891
31 164 0.0891089108910891
31 163 0.099009900990099
31 162 0.0891089108910891
31 161 0.108910891089109
31 160 0.099009900990099
31 159 0.099009900990099
31 158 0.099009900990099
31 157 0.0940594059405941
31 156 0.103960396039604
31 155 0.0940594059405941
31 154 0.103960396039604
31 153 0.0940594059405941
31 152 0.0940594059405941
31 151 0.0940594059405941
31 150 0.099009900990099
31 149 0.0940594059405941
31 148 0.0891089108910891
31 147 0.099009900990099
31 146 0.0792079207920792
31 145 0.0940594059405941
31 144 0.0891089108910891
31 143 0.0891089108910891
31 142 0.0891089108910891
31 141 0.0940594059405941
31 140 0.0940594059405941
31 139 0.0940594059405941
31 138 0.0891089108910891
31 137 0.0891089108910891
31 136 0.0841584158415842
31 135 0.0841584158415842
31 134 0.0891089108910891
31 133 0.0940594059405941
31 132 0.0891089108910891
31 131 0.099009900990099
31 130 0.0841584158415842
31 129 0.0940594059405941
31 128 0.0891089108910891
31 127 0.0891089108910891
31 126 0.0891089108910891
31 125 0.0891089108910891
31 124 0.0891089108910891
31 123 0.0841584158415842
31 122 0.0891089108910891
31 121 0.0891089108910891
31 120 0.0891089108910891
31 119 0.0792079207920792
31 118 0.0792079207920792
31 117 0.0792079207920792
31 116 0.0891089108910891
31 115 0.0891089108910891
31 114 0.0792079207920792
31 113 0.0940594059405941
31 112 0.0792079207920792
31 111 0.0940594059405941
31 110 0.0891089108910891
31 109 0.0841584158415842
31 108 0.099009900990099
31 107 0.0940594059405941
31 106 0.0792079207920792
31 105 0.099009900990099
31 104 0.0891089108910891
31 103 0.0891089108910891
31 102 0.0891089108910891
31 101 0.0742574257425743
31 100 0.0940594059405941
31 99 0.0940594059405941
31 98 0.0693069306930693
31 97 0.0792079207920792
31 96 0.0891089108910891
31 95 0.0693069306930693
31 94 0.0792079207920792
31 93 0.0693069306930693
31 92 0.0792079207920792
31 91 0.0693069306930693
31 90 0.0693069306930693
31 89 0.0643564356435644
31 88 0.0841584158415842
31 87 0.0643564356435644
31 86 0.0643564356435644
31 85 0.0742574257425743
31 84 0.0643564356435644
31 83 0.0742574257425743
31 82 0.0693069306930693
31 81 0.0792079207920792
31 80 0.0792079207920792
31 79 0.0792079207920792
31 78 0.0792079207920792
31 77 0.0742574257425743
31 76 0.0792079207920792
31 75 0.0792079207920792
31 74 0.0742574257425743
31 73 0.0742574257425743
31 72 0.0643564356435644
31 71 0.0693069306930693
31 70 0.0643564356435644
31 69 0.0792079207920792
31 68 0.0693069306930693
31 67 0.0693069306930693
31 66 0.0693069306930693
31 65 0.0742574257425743
31 64 0.0742574257425743
31 63 0.0841584158415842
31 62 0.0891089108910891
31 61 0.0841584158415842
31 60 0.0841584158415842
31 59 0.0742574257425743
31 58 0.0891089108910891
31 57 0.0891089108910891
31 56 0.0940594059405941
31 55 0.0891089108910891
31 54 0.0792079207920792
31 53 0.0891089108910891
31 52 0.0841584158415842
31 51 0.0891089108910891
31 50 0.0940594059405941
31 49 0.0891089108910891
31 48 0.0841584158415842
31 47 0.0891089108910891
31 46 0.0841584158415842
31 45 0.0841584158415842
31 44 0.0742574257425743
31 43 0.0742574257425743
31 42 0.0940594059405941
31 41 0.0891089108910891
31 40 0.0792079207920792
31 39 0.0792079207920792
31 38 0.0841584158415842
31 37 0.0891089108910891
31 36 0.103960396039604
31 35 0.099009900990099
31 34 0.0891089108910891
31 33 0.103960396039604
31 32 0.103960396039604
31 31 0.0841584158415842
31 30 0.0841584158415842
31 29 0.0940594059405941
31 28 0.0891089108910891
31 27 0.0940594059405941
31 26 0.0841584158415842
31 25 0.113861386138614
31 24 0.108910891089109
31 23 0.108910891089109
31 22 0.0940594059405941
31 21 0.108910891089109
31 20 0.113861386138614
31 19 0.0841584158415842
31 18 0.113861386138614
31 17 0.099009900990099
31 16 0.103960396039604
31 15 0.113861386138614
31 14 0.108910891089109
31 13 0.103960396039604
31 12 0.113861386138614
31 11 0.138613861386139
31 10 0.138613861386139
31 9 0.128712871287129
31 8 0.138613861386139
31 7 0.123762376237624
31 6 0.138613861386139
31 5 0.133663366336634
31 4 0.163366336633663
31 3 0.168316831683168
31 2 0.178217821782178
31 1 0.237623762376238
