30 177555 0.242574257425743
30 17756 0.212871287128713
30 1776 0.173267326732673
30 200 0.113861386138614
30 199 0.123762376237624
30 198 0.108910891089109
30 197 0.108910891089109
30 196 0.123762376237624
30 195 0.118811881188119
30 194 0.118811881188119
30 193 0.123762376237624
30 192 0.113861386138614
30 191 0.108910891089109
30 190 0.113861386138614
30 189 0.103960396039604
30 188 0.118811881188119
30 187 0.099009900990099
30 186 0.108910891089109
30 185 0.108910891089109
30 184 0.099009900990099
30 183 0.099009900990099
30 182 0.113861386138614
30 181 0.099009900990099
30 180 0.108910891089109
30 179 0.118811881188119
30 178 0.099009900990099
30 177 0.103960396039604
30 176 0.113861386138614
30 175 0.099009900990099
30 174 0.108910891089109
30 173 0.103960396039604
30 172 0.118811881188119
30 171 0.103960396039604
30 170 0.113861386138614
30 169 0.103960396039604
30 168 0.118811881188119
30 167 0.108910891089109
30 166 0.0940594059405941
30 165 0.099009900990099
30 164 0.103960396039604
30 163 0.103960396039604
30 162 0.103960396039604
30 161 0.103960396039604
30 160 0.103960396039604
30 159 0.099009900990099
30 158 0.103960396039604
30 157 0.103960396039604
30 156 0.099009900990099
30 155 0.103960396039604
30 154 0.108910891089109
30 153 0.099009900990099
30 152 0.103960396039604
30 151 0.099009900990099
30 150 0.099009900990099
30 149 0.108910891089109
30 148 0.103960396039604
30 147 0.108910891089109
30 146 0.103960396039604
30 145 0.099009900990099
30 144 0.108910891089109
30 143 0.099009900990099
30 142 0.099009900990099
30 141 0.113861386138614
30 140 0.103960396039604
30 139 0.108910891089109
30 138 0.103960396039604
30 137 0.108910891089109
30 136 0.108910891089109
30 135 0.103960396039604
30 134 0.099009900990099
30 133 0.108910891089109
30 132 0.108910891089109
30 131 0.108910891089109
30 130 0.108910891089109
30 129 0.108910891089109
30 128 0.108910891089109
30 127 0.103960396039604
30 126 0.113861386138614
30 125 0.103960396039604
30 124 0.108910891089109
30 123 0.108910891089109
30 122 0.108910891089109
30 121 0.108910891089109
30 120 0.103960396039604
30 119 0.108910891089109
30 118 0.103960396039604
30 117 0.108910891089109
30 116 0.103960396039604
30 115 0.118811881188119
30 114 0.108910891089109
30 113 0.108910891089109
30 112 0.108910891089109
30 111 0.113861386138614
30 110 0.108910891089109
30 109 0.108910891089109
30 108 0.108910891089109
30 107 0.108910891089109
30 106 0.118811881188119
30 105 0.113861386138614
30 104 0.108910891089109
30 103 0.103960396039604
30 102 0.108910891089109
30 101 0.108910891089109
30 100 0.103960396039604
30 99 0.103960396039604
30 98 0.103960396039604
30 97 0.123762376237624
30 96 0.118811881188119
30 95 0.113861386138614
30 94 0.108910891089109
30 93 0.108910891089109
30 92 0.108910891089109
30 91 0.118811881188119
30 90 0.099009900990099
30 89 0.099009900990099
30 88 0.099009900990099
30 87 0.108910891089109
30 86 0.108910891089109
30 85 0.108910891089109
30 84 0.103960396039604
30 83 0.0940594059405941
30 82 0.103960396039604
30 81 0.0940594059405941
30 80 0.099009900990099
30 79 0.099009900990099
30 78 0.099009900990099
30 77 0.099009900990099
30 76 0.103960396039604
30 75 0.103960396039604
30 74 0.113861386138614
30 73 0.103960396039604
30 72 0.113861386138614
30 71 0.118811881188119
30 70 0.103960396039604
30 69 0.113861386138614
30 68 0.118811881188119
30 67 0.108910891089109
30 66 0.099009900990099
30 65 0.128712871287129
30 64 0.103960396039604
30 63 0.118811881188119
30 62 0.108910891089109
30 61 0.123762376237624
30 60 0.123762376237624
30 59 0.113861386138614
30 58 0.113861386138614
30 57 0.118811881188119
30 56 0.118811881188119
30 55 0.108910891089109
30 54 0.128712871287129
30 53 0.113861386138614
30 52 0.128712871287129
30 51 0.118811881188119
30 50 0.123762376237624
30 49 0.128712871287129
30 48 0.123762376237624
30 47 0.123762376237624
30 46 0.133663366336634
30 45 0.118811881188119
30 44 0.118811881188119
30 43 0.108910891089109
30 42 0.123762376237624
30 41 0.123762376237624
30 40 0.133663366336634
30 39 0.123762376237624
30 38 0.123762376237624
30 37 0.133663366336634
30 36 0.123762376237624
30 35 0.128712871287129
30 34 0.113861386138614
30 33 0.128712871287129
30 32 0.123762376237624
30 31 0.123762376237624
30 30 0.128712871287129
30 29 0.128712871287129
30 28 0.118811881188119
30 27 0.123762376237624
30 26 0.118811881188119
30 25 0.138613861386139
30 24 0.108910891089109
30 23 0.128712871287129
30 22 0.128712871287129
30 21 0.123762376237624
30 20 0.128712871287129
30 19 0.133663366336634
30 18 0.128712871287129
30 17 0.113861386138614
30 16 0.128712871287129
30 15 0.128712871287129
30 14 0.118811881188119
30 13 0.123762376237624
30 12 0.148514851485149
30 11 0.133663366336634
30 10 0.143564356435644
30 9 0.128712871287129
30 8 0.133663366336634
30 7 0.173267326732673
30 6 0.183168316831683
30 5 0.212871287128713
30 4 0.217821782178218
30 3 0.207920792079208
30 2 0.202970297029703
30 1 0.193069306930693
