35 177555 0.232673267326733
35 17756 0.207920792079208
35 1776 0.173267326732673
35 200 0.128712871287129
35 199 0.118811881188119
35 198 0.118811881188119
35 197 0.113861386138614
35 196 0.118811881188119
35 195 0.118811881188119
35 194 0.118811881188119
35 193 0.118811881188119
35 192 0.118811881188119
35 191 0.118811881188119
35 190 0.133663366336634
35 189 0.123762376237624
35 188 0.123762376237624
35 187 0.118811881188119
35 186 0.108910891089109
35 185 0.123762376237624
35 184 0.123762376237624
35 183 0.113861386138614
35 182 0.108910891089109
35 181 0.108910891089109
35 180 0.118811881188119
35 179 0.123762376237624
35 178 0.118811881188119
35 177 0.113861386138614
35 176 0.118811881188119
35 175 0.103960396039604
35 174 0.133663366336634
35 173 0.123762376237624
35 172 0.103960396039604
35 171 0.118811881188119
35 170 0.103960396039604
35 169 0.108910891089109
35 168 0.118811881188119
35 167 0.113861386138614
35 166 0.123762376237624
35 165 0.103960396039604
35 164 0.113861386138614
35 163 0.118811881188119
35 162 0.128712871287129
35 161 0.108910891089109
35 160 0.108910891089109
35 159 0.108910891089109
35 158 0.113861386138614
35 157 0.113861386138614
35 156 0.113861386138614
35 155 0.113861386138614
35 154 0.099009900990099
35 153 0.118811881188119
35 152 0.103960396039604
35 151 0.113861386138614
35 150 0.108910891089109
35 149 0.108910891089109
35 148 0.108910891089109
35 147 0.103960396039604
35 146 0.103960396039604
35 145 0.123762376237624
35 144 0.113861386138614
35 143 0.103960396039604
35 142 0.108910891089109
35 141 0.123762376237624
35 140 0.113861386138614
35 139 0.108910891089109
35 138 0.103960396039604
35 137 0.103960396039604
35 136 0.103960396039604
35 135 0.103960396039604
35 134 0.099009900990099
35 133 0.108910891089109
35 132 0.108910891089109
35 131 0.118811881188119
35 130 0.099009900990099
35 129 0.103960396039604
35 128 0.123762376237624
35 127 0.103960396039604
35 126 0.099009900990099
35 125 0.0940594059405941
35 124 0.108910891089109
35 123 0.103960396039604
35 122 0.099009900990099
35 121 0.108910891089109
35 120 0.108910891089109
35 119 0.108910891089109
35 118 0.108910891089109
35 117 0.103960396039604
35 116 0.113861386138614
35 115 0.103960396039604
35 114 0.103960396039604
35 113 0.108910891089109
35 112 0.108910891089109
35 111 0.103960396039604
35 110 0.113861386138614
35 109 0.103960396039604
35 108 0.099009900990099
35 107 0.103960396039604
35 106 0.103960396039604
35 105 0.099009900990099
35 104 0.103960396039604
35 103 0.103960396039604
35 102 0.103960396039604
35 101 0.103960396039604
35 100 0.118811881188119
35 99 0.0940594059405941
35 98 0.103960396039604
35 97 0.118811881188119
35 96 0.108910891089109
35 95 0.108910891089109
35 94 0.103960396039604
35 93 0.099009900990099
35 92 0.103960396039604
35 91 0.0940594059405941
35 90 0.099009900990099
35 89 0.099009900990099
35 88 0.0940594059405941
35 87 0.113861386138614
35 86 0.099009900990099
35 85 0.108910891089109
35 84 0.113861386138614
35 83 0.118811881188119
35 82 0.099009900990099
35 81 0.103960396039604
35 80 0.108910891089109
35 79 0.103960396039604
35 78 0.099009900990099
35 77 0.0940594059405941
35 76 0.108910891089109
35 75 0.108910891089109
35 74 0.108910891089109
35 73 0.113861386138614
35 72 0.099009900990099
35 71 0.103960396039604
35 70 0.0940594059405941
35 69 0.0891089108910891
35 68 0.0940594059405941
35 67 0.108910891089109
35 66 0.108910891089109
35 65 0.0891089108910891
35 64 0.099009900990099
35 63 0.103960396039604
35 62 0.0841584158415842
35 61 0.0940594059405941
35 60 0.0940594059405941
35 59 0.103960396039604
35 58 0.103960396039604
35 57 0.0940594059405941
35 56 0.0940594059405941
35 55 0.099009900990099
35 54 0.0891089108910891
35 53 0.103960396039604
35 52 0.103960396039604
35 51 0.103960396039604
35 50 0.118811881188119
35 49 0.118811881188119
35 48 0.108910891089109
35 47 0.0940594059405941
35 46 0.0940594059405941
35 45 0.0891089108910891
35 44 0.0891089108910891
35 43 0.0940594059405941
35 42 0.099009900990099
35 41 0.0940594059405941
35 40 0.0940594059405941
35 39 0.108910891089109
35 38 0.0891089108910891
35 37 0.099009900990099
35 36 0.0940594059405941
35 35 0.108910891089109
35 34 0.128712871287129
35 33 0.118811881188119
35 32 0.103960396039604
35 31 0.108910891089109
35 30 0.123762376237624
35 29 0.113861386138614
35 28 0.113861386138614
35 27 0.113861386138614
35 26 0.108910891089109
35 25 0.108910891089109
35 24 0.113861386138614
35 23 0.108910891089109
35 22 0.099009900990099
35 21 0.118811881188119
35 20 0.113861386138614
35 19 0.103960396039604
35 18 0.113861386138614
35 17 0.138613861386139
35 16 0.138613861386139
35 15 0.123762376237624
35 14 0.128712871287129
35 13 0.133663366336634
35 12 0.133663366336634
35 11 0.133663366336634
35 10 0.143564356435644
35 9 0.148514851485149
35 8 0.178217821782178
35 7 0.168316831683168
35 6 0.158415841584158
35 5 0.143564356435644
35 4 0.148514851485149
35 3 0.148514851485149
35 2 0.178217821782178
35 1 0.336633663366337
