92 177555 0.257425742574257
92 17756 0.217821782178218
92 1776 0.178217821782178
92 200 0.118811881188119
92 199 0.128712871287129
92 198 0.118811881188119
92 197 0.113861386138614
92 196 0.118811881188119
92 195 0.123762376237624
92 194 0.123762376237624
92 193 0.128712871287129
92 192 0.123762376237624
92 191 0.118811881188119
92 190 0.118811881188119
92 189 0.123762376237624
92 188 0.123762376237624
92 187 0.118811881188119
92 186 0.128712871287129
92 185 0.118811881188119
92 184 0.128712871287129
92 183 0.118811881188119
92 182 0.113861386138614
92 181 0.133663366336634
92 180 0.118811881188119
92 179 0.113861386138614
92 178 0.118811881188119
92 177 0.113861386138614
92 176 0.123762376237624
92 175 0.123762376237624
92 174 0.128712871287129
92 173 0.113861386138614
92 172 0.123762376237624
92 171 0.118811881188119
92 170 0.128712871287129
92 169 0.123762376237624
92 168 0.123762376237624
92 167 0.118811881188119
92 166 0.113861386138614
92 165 0.123762376237624
92 164 0.123762376237624
92 163 0.118811881188119
92 162 0.123762376237624
92 161 0.118811881188119
92 160 0.123762376237624
92 159 0.103960396039604
92 158 0.123762376237624
92 157 0.123762376237624
92 156 0.118811881188119
92 155 0.123762376237624
92 154 0.123762376237624
92 153 0.113861386138614
92 152 0.118811881188119
92 151 0.113861386138614
92 150 0.108910891089109
92 149 0.108910891089109
92 148 0.113861386138614
92 147 0.113861386138614
92 146 0.113861386138614
92 145 0.118811881188119
92 144 0.113861386138614
92 143 0.108910891089109
92 142 0.113861386138614
92 141 0.123762376237624
92 140 0.123762376237624
92 139 0.113861386138614
92 138 0.108910891089109
92 137 0.099009900990099
92 136 0.108910891089109
92 135 0.108910891089109
92 134 0.118811881188119
92 133 0.113861386138614
92 132 0.113861386138614
92 131 0.108910891089109
92 130 0.108910891089109
92 129 0.113861386138614
92 128 0.099009900990099
92 127 0.103960396039604
92 126 0.108910891089109
92 125 0.103960396039604
92 124 0.113861386138614
92 123 0.108910891089109
92 122 0.113861386138614
92 121 0.118811881188119
92 120 0.118811881188119
92 119 0.108910891089109
92 118 0.108910891089109
92 117 0.108910891089109
92 116 0.113861386138614
92 115 0.118811881188119
92 114 0.108910891089109
92 113 0.108910891089109
92 112 0.103960396039604
92 111 0.099009900990099
92 110 0.103960396039604
92 109 0.108910891089109
92 108 0.103960396039604
92 107 0.118811881188119
92 106 0.108910891089109
92 105 0.108910891089109
92 104 0.118811881188119
92 103 0.128712871287129
92 102 0.118811881188119
92 101 0.113861386138614
92 100 0.108910891089109
92 99 0.113861386138614
92 98 0.113861386138614
92 97 0.113861386138614
92 96 0.108910891089109
92 95 0.113861386138614
92 94 0.113861386138614
92 93 0.123762376237624
92 92 0.113861386138614
92 91 0.123762376237624
92 90 0.128712871287129
92 89 0.108910891089109
92 88 0.108910891089109
92 87 0.113861386138614
92 86 0.123762376237624
92 85 0.118811881188119
92 84 0.118811881188119
92 83 0.113861386138614
92 82 0.118811881188119
92 81 0.123762376237624
92 80 0.118811881188119
92 79 0.128712871287129
92 78 0.123762376237624
92 77 0.128712871287129
92 76 0.128712871287129
92 75 0.128712871287129
92 74 0.133663366336634
92 73 0.118811881188119
92 72 0.128712871287129
92 71 0.133663366336634
92 70 0.108910891089109
92 69 0.128712871287129
92 68 0.123762376237624
92 67 0.128712871287129
92 66 0.128712871287129
92 65 0.123762376237624
92 64 0.123762376237624
92 63 0.123762376237624
92 62 0.133663366336634
92 61 0.133663366336634
92 60 0.123762376237624
92 59 0.123762376237624
92 58 0.133663366336634
92 57 0.123762376237624
92 56 0.118811881188119
92 55 0.118811881188119
92 54 0.118811881188119
92 53 0.118811881188119
92 52 0.123762376237624
92 51 0.133663366336634
92 50 0.128712871287129
92 49 0.128712871287129
92 48 0.113861386138614
92 47 0.123762376237624
92 46 0.113861386138614
92 45 0.123762376237624
92 44 0.113861386138614
92 43 0.123762376237624
92 42 0.118811881188119
92 41 0.123762376237624
92 40 0.118811881188119
92 39 0.118811881188119
92 38 0.113861386138614
92 37 0.138613861386139
92 36 0.123762376237624
92 35 0.118811881188119
92 34 0.108910891089109
92 33 0.113861386138614
92 32 0.113861386138614
92 31 0.108910891089109
92 30 0.118811881188119
92 29 0.123762376237624
92 28 0.123762376237624
92 27 0.123762376237624
92 26 0.113861386138614
92 25 0.0841584158415842
92 24 0.113861386138614
92 23 0.103960396039604
92 22 0.113861386138614
92 21 0.123762376237624
92 20 0.118811881188119
92 19 0.123762376237624
92 18 0.133663366336634
92 17 0.138613861386139
92 16 0.133663366336634
92 15 0.128712871287129
92 14 0.128712871287129
92 13 0.128712871287129
92 12 0.138613861386139
92 11 0.148514851485149
92 10 0.138613861386139
92 9 0.138613861386139
92 8 0.128712871287129
92 7 0.123762376237624
92 6 0.128712871287129
92 5 0.178217821782178
92 4 0.143564356435644
92 3 0.168316831683168
92 2 0.163366336633663
92 1 0.247524752475248
