133 177555 0.252475247524752
133 17756 0.202970297029703
133 1776 0.173267326732673
133 200 0.113861386138614
133 199 0.118811881188119
133 198 0.123762376237624
133 197 0.108910891089109
133 196 0.113861386138614
133 195 0.103960396039604
133 194 0.118811881188119
133 193 0.123762376237624
133 192 0.118811881188119
133 191 0.108910891089109
133 190 0.113861386138614
133 189 0.123762376237624
133 188 0.113861386138614
133 187 0.123762376237624
133 186 0.118811881188119
133 185 0.118811881188119
133 184 0.108910891089109
133 183 0.123762376237624
133 182 0.118811881188119
133 181 0.118811881188119
133 180 0.108910891089109
133 179 0.128712871287129
133 178 0.128712871287129
133 177 0.123762376237624
133 176 0.118811881188119
133 175 0.113861386138614
133 174 0.118811881188119
133 173 0.118811881188119
133 172 0.113861386138614
133 171 0.123762376237624
133 170 0.113861386138614
133 169 0.123762376237624
133 168 0.118811881188119
133 167 0.123762376237624
133 166 0.113861386138614
133 165 0.123762376237624
133 164 0.099009900990099
133 163 0.113861386138614
133 162 0.113861386138614
133 161 0.118811881188119
133 160 0.118811881188119
133 159 0.113861386138614
133 158 0.103960396039604
133 157 0.113861386138614
133 156 0.123762376237624
133 155 0.113861386138614
133 154 0.103960396039604
133 153 0.103960396039604
133 152 0.113861386138614
133 151 0.113861386138614
133 150 0.118811881188119
133 149 0.113861386138614
133 148 0.113861386138614
133 147 0.113861386138614
133 146 0.118811881188119
133 145 0.108910891089109
133 144 0.118811881188119
133 143 0.113861386138614
133 142 0.118811881188119
133 141 0.118811881188119
133 140 0.113861386138614
133 139 0.113861386138614
133 138 0.113861386138614
133 137 0.113861386138614
133 136 0.113861386138614
133 135 0.108910891089109
133 134 0.113861386138614
133 133 0.113861386138614
133 132 0.103960396039604
133 131 0.113861386138614
133 130 0.099009900990099
133 129 0.0891089108910891
133 128 0.108910891089109
133 127 0.108910891089109
133 126 0.108910891089109
133 125 0.103960396039604
133 124 0.103960396039604
133 123 0.099009900990099
133 122 0.0940594059405941
133 121 0.099009900990099
133 120 0.0841584158415842
133 119 0.0841584158415842
133 118 0.099009900990099
133 117 0.0891089108910891
133 116 0.108910891089109
133 115 0.099009900990099
133 114 0.0940594059405941
133 113 0.099009900990099
133 112 0.103960396039604
133 111 0.108910891089109
133 110 0.103960396039604
133 109 0.099009900990099
133 108 0.108910891089109
133 107 0.108910891089109
133 106 0.103960396039604
133 105 0.108910891089109
133 104 0.0940594059405941
133 103 0.103960396039604
133 102 0.103960396039604
133 101 0.099009900990099
133 100 0.099009900990099
133 99 0.0940594059405941
133 98 0.113861386138614
133 97 0.108910891089109
133 96 0.103960396039604
133 95 0.0940594059405941
133 94 0.099009900990099
133 93 0.099009900990099
133 92 0.0940594059405941
133 91 0.099009900990099
133 90 0.108910891089109
133 89 0.099009900990099
133 88 0.103960396039604
133 87 0.0940594059405941
133 86 0.0940594059405941
133 85 0.103960396039604
133 84 0.0940594059405941
133 83 0.099009900990099
133 82 0.103960396039604
133 81 0.0940594059405941
133 80 0.099009900990099
133 79 0.099009900990099
133 78 0.0940594059405941
133 77 0.099009900990099
133 76 0.099009900990099
133 75 0.0940594059405941
133 74 0.0841584158415842
133 73 0.0940594059405941
133 72 0.0891089108910891
133 71 0.0940594059405941
133 70 0.0940594059405941
133 69 0.099009900990099
133 68 0.0841584158415842
133 67 0.0841584158415842
133 66 0.0891089108910891
133 65 0.0891089108910891
133 64 0.0792079207920792
133 63 0.0841584158415842
133 62 0.099009900990099
133 61 0.0792079207920792
133 60 0.099009900990099
133 59 0.0792079207920792
133 58 0.0940594059405941
133 57 0.0841584158415842
133 56 0.0891089108910891
133 55 0.0940594059405941
133 54 0.0891089108910891
133 53 0.0891089108910891
133 52 0.0940594059405941
133 51 0.099009900990099
133 50 0.103960396039604
133 49 0.103960396039604
133 48 0.108910891089109
133 47 0.0940594059405941
133 46 0.099009900990099
133 45 0.099009900990099
133 44 0.103960396039604
133 43 0.103960396039604
133 42 0.0891089108910891
133 41 0.099009900990099
133 40 0.103960396039604
133 39 0.103960396039604
133 38 0.0891089108910891
133 37 0.0891089108910891
133 36 0.0940594059405941
133 35 0.0891089108910891
133 34 0.099009900990099
133 33 0.0891089108910891
133 32 0.0940594059405941
133 31 0.0891089108910891
133 30 0.0940594059405941
133 29 0.099009900990099
133 28 0.0891089108910891
133 27 0.0841584158415842
133 26 0.108910891089109
133 25 0.0940594059405941
133 24 0.0841584158415842
133 23 0.103960396039604
133 22 0.103960396039604
133 21 0.103960396039604
133 20 0.123762376237624
133 19 0.118811881188119
133 18 0.133663366336634
133 17 0.103960396039604
133 16 0.123762376237624
133 15 0.133663366336634
133 14 0.118811881188119
133 13 0.133663366336634
133 12 0.113861386138614
133 11 0.128712871287129
133 10 0.128712871287129
133 9 0.158415841584158
133 8 0.158415841584158
133 7 0.153465346534653
133 6 0.153465346534653
133 5 0.138613861386139
133 4 0.168316831683168
133 3 0.153465346534653
133 2 0.237623762376238
133 1 0.262376237623762
