155 177555 0.267326732673267
155 17756 0.222772277227723
155 1776 0.173267326732673
155 200 0.128712871287129
155 199 0.138613861386139
155 198 0.128712871287129
155 197 0.128712871287129
155 196 0.118811881188119
155 195 0.128712871287129
155 194 0.123762376237624
155 193 0.133663366336634
155 192 0.103960396039604
155 191 0.118811881188119
155 190 0.108910891089109
155 189 0.108910891089109
155 188 0.118811881188119
155 187 0.108910891089109
155 186 0.123762376237624
155 185 0.133663366336634
155 184 0.113861386138614
155 183 0.123762376237624
155 182 0.133663366336634
155 181 0.118811881188119
155 180 0.128712871287129
155 179 0.133663366336634
155 178 0.128712871287129
155 177 0.118811881188119
155 176 0.118811881188119
155 175 0.118811881188119
155 174 0.118811881188119
155 173 0.118811881188119
155 172 0.108910891089109
155 171 0.113861386138614
155 170 0.108910891089109
155 169 0.118811881188119
155 168 0.128712871287129
155 167 0.108910891089109
155 166 0.118811881188119
155 165 0.108910891089109
155 164 0.113861386138614
155 163 0.108910891089109
155 162 0.133663366336634
155 161 0.113861386138614
155 160 0.113861386138614
155 159 0.108910891089109
155 158 0.113861386138614
155 157 0.103960396039604
155 156 0.113861386138614
155 155 0.118811881188119
155 154 0.099009900990099
155 153 0.108910891089109
155 152 0.103960396039604
155 151 0.099009900990099
155 150 0.108910891089109
155 149 0.103960396039604
155 148 0.099009900990099
155 147 0.113861386138614
155 146 0.103960396039604
155 145 0.103960396039604
155 144 0.113861386138614
155 143 0.0891089108910891
155 142 0.108910891089109
155 141 0.113861386138614
155 140 0.118811881188119
155 139 0.118811881188119
155 138 0.113861386138614
155 137 0.118811881188119
155 136 0.113861386138614
155 135 0.103960396039604
155 134 0.099009900990099
155 133 0.113861386138614
155 132 0.123762376237624
155 131 0.108910891089109
155 130 0.123762376237624
155 129 0.128712871287129
155 128 0.103960396039604
155 127 0.113861386138614
155 126 0.108910891089109
155 125 0.108910891089109
155 124 0.108910891089109
155 123 0.099009900990099
155 122 0.099009900990099
155 121 0.108910891089109
155 120 0.108910891089109
155 119 0.099009900990099
155 118 0.099009900990099
155 117 0.099009900990099
155 116 0.113861386138614
155 115 0.0940594059405941
155 114 0.108910891089109
155 113 0.0891089108910891
155 112 0.103960396039604
155 111 0.0940594059405941
155 110 0.099009900990099
155 109 0.099009900990099
155 108 0.103960396039604
155 107 0.118811881188119
155 106 0.099009900990099
155 105 0.103960396039604
155 104 0.0940594059405941
155 103 0.103960396039604
155 102 0.103960396039604
155 101 0.099009900990099
155 100 0.0940594059405941
155 99 0.0940594059405941
155 98 0.099009900990099
155 97 0.103960396039604
155 96 0.099009900990099
155 95 0.099009900990099
155 94 0.103960396039604
155 93 0.0940594059405941
155 92 0.099009900990099
155 91 0.099009900990099
155 90 0.099009900990099
155 89 0.0891089108910891
155 88 0.0940594059405941
155 87 0.099009900990099
155 86 0.103960396039604
155 85 0.0891089108910891
155 84 0.0940594059405941
155 83 0.099009900990099
155 82 0.099009900990099
155 81 0.0891089108910891
155 80 0.0841584158415842
155 79 0.0891089108910891
155 78 0.099009900990099
155 77 0.099009900990099
155 76 0.0792079207920792
155 75 0.0940594059405941
155 74 0.0841584158415842
155 73 0.099009900990099
155 72 0.099009900990099
155 71 0.0940594059405941
155 70 0.0792079207920792
155 69 0.0891089108910891
155 68 0.0891089108910891
155 67 0.0891089108910891
155 66 0.103960396039604
155 65 0.0940594059405941
155 64 0.0841584158415842
155 63 0.108910891089109
155 62 0.0940594059405941
155 61 0.0891089108910891
155 60 0.099009900990099
155 59 0.0841584158415842
155 58 0.099009900990099
155 57 0.0940594059405941
155 56 0.103960396039604
155 55 0.103960396039604
155 54 0.0891089108910891
155 53 0.0891089108910891
155 52 0.0891089108910891
155 51 0.0841584158415842
155 50 0.0940594059405941
155 49 0.099009900990099
155 48 0.0841584158415842
155 47 0.103960396039604
155 46 0.0792079207920792
155 45 0.0940594059405941
155 44 0.0940594059405941
155 43 0.0891089108910891
155 42 0.0891089108910891
155 41 0.118811881188119
155 40 0.113861386138614
155 39 0.0940594059405941
155 38 0.123762376237624
155 37 0.108910891089109
155 36 0.0940594059405941
155 35 0.103960396039604
155 34 0.108910891089109
155 33 0.113861386138614
155 32 0.108910891089109
155 31 0.123762376237624
155 30 0.108910891089109
155 29 0.118811881188119
155 28 0.123762376237624
155 27 0.133663366336634
155 26 0.138613861386139
155 25 0.138613861386139
155 24 0.103960396039604
155 23 0.123762376237624
155 22 0.133663366336634
155 21 0.118811881188119
155 20 0.143564356435644
155 19 0.133663366336634
155 18 0.153465346534653
155 17 0.153465346534653
155 16 0.148514851485149
155 15 0.153465346534653
155 14 0.128712871287129
155 13 0.158415841584158
155 12 0.173267326732673
155 11 0.138613861386139
155 10 0.148514851485149
155 9 0.178217821782178
155 8 0.143564356435644
155 7 0.138613861386139
155 6 0.133663366336634
155 5 0.138613861386139
155 4 0.143564356435644
155 3 0.158415841584158
155 2 0.158415841584158
155 1 0.207920792079208
