159 177555 0.237623762376238
159 17756 0.202970297029703
159 1776 0.158415841584158
159 200 0.108910891089109
159 199 0.113861386138614
159 198 0.128712871287129
159 197 0.123762376237624
159 196 0.118811881188119
159 195 0.108910891089109
159 194 0.113861386138614
159 193 0.123762376237624
159 192 0.118811881188119
159 191 0.118811881188119
159 190 0.128712871287129
159 189 0.103960396039604
159 188 0.113861386138614
159 187 0.108910891089109
159 186 0.118811881188119
159 185 0.128712871287129
159 184 0.108910891089109
159 183 0.099009900990099
159 182 0.113861386138614
159 181 0.118811881188119
159 180 0.133663366336634
159 179 0.113861386138614
159 178 0.108910891089109
159 177 0.103960396039604
159 176 0.118811881188119
159 175 0.113861386138614
159 174 0.113861386138614
159 173 0.123762376237624
159 172 0.118811881188119
159 171 0.108910891089109
159 170 0.113861386138614
159 169 0.113861386138614
159 168 0.108910891089109
159 167 0.118811881188119
159 166 0.108910891089109
159 165 0.103960396039604
159 164 0.118811881188119
159 163 0.118811881188119
159 162 0.108910891089109
159 161 0.113861386138614
159 160 0.118811881188119
159 159 0.118811881188119
159 158 0.113861386138614
159 157 0.108910891089109
159 156 0.113861386138614
159 155 0.118811881188119
159 154 0.113861386138614
159 153 0.108910891089109
159 152 0.108910891089109
159 151 0.118811881188119
159 150 0.108910891089109
159 149 0.099009900990099
159 148 0.108910891089109
159 147 0.113861386138614
159 146 0.123762376237624
159 145 0.108910891089109
159 144 0.103960396039604
159 143 0.099009900990099
159 142 0.103960396039604
159 141 0.108910891089109
159 140 0.103960396039604
159 139 0.113861386138614
159 138 0.103960396039604
159 137 0.0891089108910891
159 136 0.0891089108910891
159 135 0.099009900990099
159 134 0.0940594059405941
159 133 0.099009900990099
159 132 0.108910891089109
159 131 0.103960396039604
159 130 0.103960396039604
159 129 0.103960396039604
159 128 0.099009900990099
159 127 0.099009900990099
159 126 0.113861386138614
159 125 0.108910891089109
159 124 0.103960396039604
159 123 0.0940594059405941
159 122 0.099009900990099
159 121 0.103960396039604
159 120 0.099009900990099
159 119 0.103960396039604
159 118 0.099009900990099
159 117 0.103960396039604
159 116 0.0841584158415842
159 115 0.103960396039604
159 114 0.108910891089109
159 113 0.099009900990099
159 112 0.0940594059405941
159 111 0.099009900990099
159 110 0.103960396039604
159 109 0.0940594059405941
159 108 0.0891089108910891
159 107 0.099009900990099
159 106 0.099009900990099
159 105 0.0940594059405941
159 104 0.099009900990099
159 103 0.0940594059405941
159 102 0.0940594059405941
159 101 0.0891089108910891
159 100 0.099009900990099
159 99 0.0891089108910891
159 98 0.0940594059405941
159 97 0.0891089108910891
159 96 0.0891089108910891
159 95 0.0940594059405941
159 94 0.108910891089109
159 93 0.0841584158415842
159 92 0.099009900990099
159 91 0.0891089108910891
159 90 0.099009900990099
159 89 0.0891089108910891
159 88 0.0940594059405941
159 87 0.0940594059405941
159 86 0.0940594059405941
159 85 0.0940594059405941
159 84 0.099009900990099
159 83 0.113861386138614
159 82 0.0940594059405941
159 81 0.099009900990099
159 80 0.0940594059405941
159 79 0.0891089108910891
159 78 0.0940594059405941
159 77 0.108910891089109
159 76 0.0891089108910891
159 75 0.099009900990099
159 74 0.103960396039604
159 73 0.0841584158415842
159 72 0.0940594059405941
159 71 0.108910891089109
159 70 0.103960396039604
159 69 0.0891089108910891
159 68 0.118811881188119
159 67 0.099009900990099
159 66 0.099009900990099
159 65 0.0940594059405941
159 64 0.099009900990099
159 63 0.099009900990099
159 62 0.0891089108910891
159 61 0.108910891089109
159 60 0.0891089108910891
159 59 0.099009900990099
159 58 0.0891089108910891
159 57 0.0891089108910891
159 56 0.099009900990099
159 55 0.0742574257425743
159 54 0.0940594059405941
159 53 0.0891089108910891
159 52 0.099009900990099
159 51 0.108910891089109
159 50 0.0940594059405941
159 49 0.0841584158415842
159 48 0.0940594059405941
159 47 0.099009900990099
159 46 0.0891089108910891
159 45 0.0792079207920792
159 44 0.0891089108910891
159 43 0.099009900990099
159 42 0.0940594059405941
159 41 0.099009900990099
159 40 0.099009900990099
159 39 0.103960396039604
159 38 0.099009900990099
159 37 0.0940594059405941
159 36 0.103960396039604
159 35 0.099009900990099
159 34 0.103960396039604
159 33 0.0940594059405941
159 32 0.099009900990099
159 31 0.0841584158415842
159 30 0.0940594059405941
159 29 0.099009900990099
159 28 0.0891089108910891
159 27 0.0940594059405941
159 26 0.113861386138614
159 25 0.108910891089109
159 24 0.108910891089109
159 23 0.103960396039604
159 22 0.103960396039604
159 21 0.108910891089109
159 20 0.099009900990099
159 19 0.099009900990099
159 18 0.099009900990099
159 17 0.108910891089109
159 16 0.128712871287129
159 15 0.099009900990099
159 14 0.0940594059405941
159 13 0.0940594059405941
159 12 0.123762376237624
159 11 0.0891089108910891
159 10 0.103960396039604
159 9 0.128712871287129
159 8 0.138613861386139
159 7 0.173267326732673
159 6 0.118811881188119
159 5 0.143564356435644
159 4 0.212871287128713
159 3 0.168316831683168
159 2 0.173267326732673
159 1 0.207920792079208
