78 177555 0.232673267326733
78 17756 0.198019801980198
78 1776 0.163366336633663
78 200 0.113861386138614
78 199 0.103960396039604
78 198 0.099009900990099
78 197 0.103960396039604
78 196 0.113861386138614
78 195 0.108910891089109
78 194 0.108910891089109
78 193 0.108910891089109
78 192 0.113861386138614
78 191 0.113861386138614
78 190 0.113861386138614
78 189 0.113861386138614
78 188 0.108910891089109
78 187 0.103960396039604
78 186 0.103960396039604
78 185 0.113861386138614
78 184 0.118811881188119
78 183 0.103960396039604
78 182 0.108910891089109
78 181 0.113861386138614
78 180 0.108910891089109
78 179 0.103960396039604
78 178 0.108910891089109
78 177 0.108910891089109
78 176 0.108910891089109
78 175 0.099009900990099
78 174 0.103960396039604
78 173 0.113861386138614
78 172 0.108910891089109
78 171 0.108910891089109
78 170 0.108910891089109
78 169 0.113861386138614
78 168 0.108910891089109
78 167 0.108910891089109
78 166 0.099009900990099
78 165 0.103960396039604
78 164 0.113861386138614
78 163 0.099009900990099
78 162 0.099009900990099
78 161 0.113861386138614
78 160 0.108910891089109
78 159 0.108910891089109
78 158 0.103960396039604
78 157 0.108910891089109
78 156 0.113861386138614
78 155 0.113861386138614
78 154 0.113861386138614
78 153 0.113861386138614
78 152 0.103960396039604
78 151 0.118811881188119
78 150 0.118811881188119
78 149 0.108910891089109
78 148 0.108910891089109
78 147 0.108910891089109
78 146 0.113861386138614
78 145 0.118811881188119
78 144 0.118811881188119
78 143 0.113861386138614
78 142 0.108910891089109
78 141 0.113861386138614
78 140 0.108910891089109
78 139 0.118811881188119
78 138 0.108910891089109
78 137 0.118811881188119
78 136 0.113861386138614
78 135 0.108910891089109
78 134 0.108910891089109
78 133 0.113861386138614
78 132 0.113861386138614
78 131 0.108910891089109
78 130 0.108910891089109
78 129 0.108910891089109
78 128 0.113861386138614
78 127 0.103960396039604
78 126 0.108910891089109
78 125 0.108910891089109
78 124 0.108910891089109
78 123 0.118811881188119
78 122 0.108910891089109
78 121 0.113861386138614
78 120 0.0940594059405941
78 119 0.099009900990099
78 118 0.103960396039604
78 117 0.108910891089109
78 116 0.103960396039604
78 115 0.099009900990099
78 114 0.0940594059405941
78 113 0.0940594059405941
78 112 0.0940594059405941
78 111 0.0841584158415842
78 110 0.0841584158415842
78 109 0.0841584158415842
78 108 0.0841584158415842
78 107 0.0940594059405941
78 106 0.0891089108910891
78 105 0.0841584158415842
78 104 0.0841584158415842
78 103 0.0940594059405941
78 102 0.0841584158415842
78 101 0.103960396039604
78 100 0.0891089108910891
78 99 0.103960396039604
78 98 0.0792079207920792
78 97 0.0891089108910891
78 96 0.0841584158415842
78 95 0.0792079207920792
78 94 0.0940594059405941
78 93 0.0940594059405941
78 92 0.0940594059405941
78 91 0.0891089108910891
78 90 0.0891089108910891
78 89 0.0891089108910891
78 88 0.0841584158415842
78 87 0.0891089108910891
78 86 0.0841584158415842
78 85 0.0841584158415842
78 84 0.0891089108910891
78 83 0.099009900990099
78 82 0.0891089108910891
78 81 0.0891089108910891
78 80 0.0940594059405941
78 79 0.0940594059405941
78 78 0.0940594059405941
78 77 0.0841584158415842
78 76 0.0891089108910891
78 75 0.0841584158415842
78 74 0.0792079207920792
78 73 0.0841584158415842
78 72 0.0792079207920792
78 71 0.0792079207920792
78 70 0.0891089108910891
78 69 0.0891089108910891
78 68 0.0841584158415842
78 67 0.0792079207920792
78 66 0.0792079207920792
78 65 0.0792079207920792
78 64 0.0792079207920792
78 63 0.0891089108910891
78 62 0.0841584158415842
78 61 0.099009900990099
78 60 0.0891089108910891
78 59 0.0841584158415842
78 58 0.0841584158415842
78 57 0.0841584158415842
78 56 0.0841584158415842
78 55 0.0792079207920792
78 54 0.0742574257425743
78 53 0.0693069306930693
78 52 0.0841584158415842
78 51 0.0891089108910891
78 50 0.099009900990099
78 49 0.0940594059405941
78 48 0.0891089108910891
78 47 0.0792079207920792
78 46 0.0940594059405941
78 45 0.0940594059405941
78 44 0.103960396039604
78 43 0.0891089108910891
78 42 0.0891089108910891
78 41 0.103960396039604
78 40 0.0891089108910891
78 39 0.0891089108910891
78 38 0.0940594059405941
78 37 0.099009900990099
78 36 0.099009900990099
78 35 0.099009900990099
78 34 0.0841584158415842
78 33 0.0940594059405941
78 32 0.099009900990099
78 31 0.0940594059405941
78 30 0.0891089108910891
78 29 0.0841584158415842
78 28 0.103960396039604
78 27 0.108910891089109
78 26 0.108910891089109
78 25 0.108910891089109
78 24 0.099009900990099
78 23 0.103960396039604
78 22 0.099009900990099
78 21 0.108910891089109
78 20 0.103960396039604
78 19 0.103960396039604
78 18 0.113861386138614
78 17 0.108910891089109
78 16 0.118811881188119
78 15 0.148514851485149
78 14 0.099009900990099
78 13 0.108910891089109
78 12 0.113861386138614
78 11 0.099009900990099
78 10 0.103960396039604
78 9 0.113861386138614
78 8 0.128712871287129
78 7 0.113861386138614
78 6 0.153465346534653
78 5 0.138613861386139
78 4 0.138613861386139
78 3 0.178217821782178
78 2 0.198019801980198
78 1 0.212871287128713
