48 177555 0.252475247524752
48 17756 0.207920792079208
48 1776 0.173267326732673
48 200 0.123762376237624
48 199 0.113861386138614
48 198 0.123762376237624
48 197 0.118811881188119
48 196 0.123762376237624
48 195 0.123762376237624
48 194 0.108910891089109
48 193 0.108910891089109
48 192 0.118811881188119
48 191 0.123762376237624
48 190 0.108910891089109
48 189 0.123762376237624
48 188 0.118811881188119
48 187 0.118811881188119
48 186 0.123762376237624
48 185 0.123762376237624
48 184 0.123762376237624
48 183 0.118811881188119
48 182 0.103960396039604
48 181 0.118811881188119
48 180 0.128712871287129
48 179 0.128712871287129
48 178 0.123762376237624
48 177 0.118811881188119
48 176 0.108910891089109
48 175 0.113861386138614
48 174 0.108910891089109
48 173 0.108910891089109
48 172 0.123762376237624
48 171 0.118811881188119
48 170 0.113861386138614
48 169 0.118811881188119
48 168 0.103960396039604
48 167 0.118811881188119
48 166 0.118811881188119
48 165 0.113861386138614
48 164 0.113861386138614
48 163 0.108910891089109
48 162 0.113861386138614
48 161 0.118811881188119
48 160 0.103960396039604
48 159 0.103960396039604
48 158 0.118811881188119
48 157 0.103960396039604
48 156 0.118811881188119
48 155 0.113861386138614
48 154 0.108910891089109
48 153 0.108910891089109
48 152 0.118811881188119
48 151 0.113861386138614
48 150 0.113861386138614
48 149 0.108910891089109
48 148 0.128712871287129
48 147 0.128712871287129
48 146 0.128712871287129
48 145 0.118811881188119
48 144 0.113861386138614
48 143 0.118811881188119
48 142 0.118811881188119
48 141 0.118811881188119
48 140 0.118811881188119
48 139 0.128712871287129
48 138 0.118811881188119
48 137 0.128712871287129
48 136 0.113861386138614
48 135 0.118811881188119
48 134 0.113861386138614
48 133 0.108910891089109
48 132 0.108910891089109
48 131 0.113861386138614
48 130 0.118811881188119
48 129 0.113861386138614
48 128 0.123762376237624
48 127 0.113861386138614
48 126 0.118811881188119
48 125 0.118811881188119
48 124 0.108910891089109
48 123 0.123762376237624
48 122 0.118811881188119
48 121 0.118811881188119
48 120 0.108910891089109
48 119 0.118811881188119
48 118 0.123762376237624
48 117 0.113861386138614
48 116 0.113861386138614
48 115 0.118811881188119
48 114 0.118811881188119
48 113 0.123762376237624
48 112 0.108910891089109
48 111 0.113861386138614
48 110 0.118811881188119
48 109 0.113861386138614
48 108 0.118811881188119
48 107 0.113861386138614
48 106 0.113861386138614
48 105 0.123762376237624
48 104 0.113861386138614
48 103 0.118811881188119
48 102 0.123762376237624
48 101 0.118811881188119
48 100 0.128712871287129
48 99 0.128712871287129
48 98 0.128712871287129
48 97 0.118811881188119
48 96 0.123762376237624
48 95 0.113861386138614
48 94 0.128712871287129
48 93 0.128712871287129
48 92 0.128712871287129
48 91 0.128712871287129
48 90 0.123762376237624
48 89 0.128712871287129
48 88 0.128712871287129
48 87 0.128712871287129
48 86 0.123762376237624
48 85 0.123762376237624
48 84 0.123762376237624
48 83 0.113861386138614
48 82 0.123762376237624
48 81 0.123762376237624
48 80 0.123762376237624
48 79 0.118811881188119
48 78 0.113861386138614
48 77 0.123762376237624
48 76 0.108910891089109
48 75 0.123762376237624
48 74 0.113861386138614
48 73 0.108910891089109
48 72 0.123762376237624
48 71 0.113861386138614
48 70 0.113861386138614
48 69 0.123762376237624
48 68 0.123762376237624
48 67 0.103960396039604
48 66 0.133663366336634
48 65 0.108910891089109
48 64 0.118811881188119
48 63 0.118811881188119
48 62 0.113861386138614
48 61 0.113861386138614
48 60 0.113861386138614
48 59 0.108910891089109
48 58 0.123762376237624
48 57 0.103960396039604
48 56 0.108910891089109
48 55 0.103960396039604
48 54 0.108910891089109
48 53 0.103960396039604
48 52 0.113861386138614
48 51 0.103960396039604
48 50 0.099009900990099
48 49 0.113861386138614
48 48 0.113861386138614
48 47 0.099009900990099
48 46 0.103960396039604
48 45 0.099009900990099
48 44 0.099009900990099
48 43 0.099009900990099
48 42 0.103960396039604
48 41 0.0940594059405941
48 40 0.103960396039604
48 39 0.108910891089109
48 38 0.099009900990099
48 37 0.103960396039604
48 36 0.108910891089109
48 35 0.0891089108910891
48 34 0.103960396039604
48 33 0.113861386138614
48 32 0.123762376237624
48 31 0.118811881188119
48 30 0.108910891089109
48 29 0.099009900990099
48 28 0.108910891089109
48 27 0.113861386138614
48 26 0.113861386138614
48 25 0.113861386138614
48 24 0.108910891089109
48 23 0.113861386138614
48 22 0.113861386138614
48 21 0.138613861386139
48 20 0.128712871287129
48 19 0.123762376237624
48 18 0.103960396039604
48 17 0.113861386138614
48 16 0.103960396039604
48 15 0.108910891089109
48 14 0.128712871287129
48 13 0.118811881188119
48 12 0.133663366336634
48 11 0.148514851485149
48 10 0.128712871287129
48 9 0.143564356435644
48 8 0.128712871287129
48 7 0.158415841584158
48 6 0.158415841584158
48 5 0.143564356435644
48 4 0.153465346534653
48 3 0.158415841584158
48 2 0.163366336633663
48 1 0.217821782178218
