122 177555 0.232673267326733
122 17756 0.217821782178218
122 1776 0.168316831683168
122 200 0.108910891089109
122 199 0.113861386138614
122 198 0.108910891089109
122 197 0.113861386138614
122 196 0.108910891089109
122 195 0.113861386138614
122 194 0.113861386138614
122 193 0.103960396039604
122 192 0.113861386138614
122 191 0.113861386138614
122 190 0.108910891089109
122 189 0.118811881188119
122 188 0.103960396039604
122 187 0.103960396039604
122 186 0.108910891089109
122 185 0.113861386138614
122 184 0.113861386138614
122 183 0.108910891089109
122 182 0.099009900990099
122 181 0.108910891089109
122 180 0.103960396039604
122 179 0.103960396039604
122 178 0.113861386138614
122 177 0.113861386138614
122 176 0.103960396039604
122 175 0.113861386138614
122 174 0.108910891089109
122 173 0.108910891089109
122 172 0.103960396039604
122 171 0.113861386138614
122 170 0.113861386138614
122 169 0.118811881188119
122 168 0.103960396039604
122 167 0.113861386138614
122 166 0.108910891089109
122 165 0.099009900990099
122 164 0.108910891089109
122 163 0.108910891089109
122 162 0.113861386138614
122 161 0.0940594059405941
122 160 0.113861386138614
122 159 0.099009900990099
122 158 0.108910891089109
122 157 0.108910891089109
122 156 0.099009900990099
122 155 0.113861386138614
122 154 0.099009900990099
122 153 0.108910891089109
122 152 0.108910891089109
122 151 0.103960396039604
122 150 0.108910891089109
122 149 0.108910891089109
122 148 0.108910891089109
122 147 0.103960396039604
122 146 0.108910891089109
122 145 0.103960396039604
122 144 0.099009900990099
122 143 0.103960396039604
122 142 0.099009900990099
122 141 0.103960396039604
122 140 0.103960396039604
122 139 0.103960396039604
122 138 0.099009900990099
122 137 0.103960396039604
122 136 0.103960396039604
122 135 0.103960396039604
122 134 0.103960396039604
122 133 0.099009900990099
122 132 0.0940594059405941
122 131 0.103960396039604
122 130 0.108910891089109
122 129 0.103960396039604
122 128 0.113861386138614
122 127 0.103960396039604
122 126 0.113861386138614
122 125 0.103960396039604
122 124 0.108910891089109
122 123 0.0940594059405941
122 122 0.113861386138614
122 121 0.108910891089109
122 120 0.108910891089109
122 119 0.099009900990099
122 118 0.108910891089109
122 117 0.103960396039604
122 116 0.113861386138614
122 115 0.103960396039604
122 114 0.0940594059405941
122 113 0.103960396039604
122 112 0.108910891089109
122 111 0.113861386138614
122 110 0.118811881188119
122 109 0.113861386138614
122 108 0.099009900990099
122 107 0.099009900990099
122 106 0.118811881188119
122 105 0.113861386138614
122 104 0.118811881188119
122 103 0.113861386138614
122 102 0.113861386138614
122 101 0.113861386138614
122 100 0.118811881188119
122 99 0.113861386138614
122 98 0.113861386138614
122 97 0.103960396039604
122 96 0.118811881188119
122 95 0.118811881188119
122 94 0.118811881188119
122 93 0.113861386138614
122 92 0.118811881188119
122 91 0.113861386138614
122 90 0.128712871287129
122 89 0.123762376237624
122 88 0.118811881188119
122 87 0.128712871287129
122 86 0.108910891089109
122 85 0.123762376237624
122 84 0.103960396039604
122 83 0.103960396039604
122 82 0.113861386138614
122 81 0.118811881188119
122 80 0.128712871287129
122 79 0.133663366336634
122 78 0.118811881188119
122 77 0.128712871287129
122 76 0.103960396039604
122 75 0.118811881188119
122 74 0.118811881188119
122 73 0.108910891089109
122 72 0.118811881188119
122 71 0.123762376237624
122 70 0.108910891089109
122 69 0.123762376237624
122 68 0.113861386138614
122 67 0.123762376237624
122 66 0.108910891089109
122 65 0.108910891089109
122 64 0.123762376237624
122 63 0.118811881188119
122 62 0.118811881188119
122 61 0.113861386138614
122 60 0.113861386138614
122 59 0.103960396039604
122 58 0.108910891089109
122 57 0.108910891089109
122 56 0.128712871287129
122 55 0.118811881188119
122 54 0.123762376237624
122 53 0.118811881188119
122 52 0.128712871287129
122 51 0.118811881188119
122 50 0.118811881188119
122 49 0.128712871287129
122 48 0.123762376237624
122 47 0.128712871287129
122 46 0.123762376237624
122 45 0.118811881188119
122 44 0.118811881188119
122 43 0.128712871287129
122 42 0.113861386138614
122 41 0.108910891089109
122 40 0.128712871287129
122 39 0.123762376237624
122 38 0.118811881188119
122 37 0.113861386138614
122 36 0.113861386138614
122 35 0.113861386138614
122 34 0.113861386138614
122 33 0.118811881188119
122 32 0.113861386138614
122 31 0.133663366336634
122 30 0.113861386138614
122 29 0.118811881188119
122 28 0.099009900990099
122 27 0.123762376237624
122 26 0.113861386138614
122 25 0.108910891089109
122 24 0.118811881188119
122 23 0.099009900990099
122 22 0.128712871287129
122 21 0.113861386138614
122 20 0.103960396039604
122 19 0.108910891089109
122 18 0.108910891089109
122 17 0.118811881188119
122 16 0.123762376237624
122 15 0.123762376237624
122 14 0.113861386138614
122 13 0.103960396039604
122 12 0.113861386138614
122 11 0.128712871287129
122 10 0.138613861386139
122 9 0.123762376237624
122 8 0.143564356435644
122 7 0.173267326732673
122 6 0.143564356435644
122 5 0.188118811881188
122 4 0.188118811881188
122 3 0.153465346534653
122 2 0.207920792079208
122 1 0.232673267326733
