201 177555 0.247524752475248
201 17756 0.217821782178218
201 1776 0.168316831683168
201 200 0.123762376237624
201 199 0.123762376237624
201 198 0.128712871287129
201 197 0.133663366336634
201 196 0.113861386138614
201 195 0.133663366336634
201 194 0.123762376237624
201 193 0.133663366336634
201 192 0.118811881188119
201 191 0.128712871287129
201 190 0.123762376237624
201 189 0.123762376237624
201 188 0.123762376237624
201 187 0.118811881188119
201 186 0.118811881188119
201 185 0.123762376237624
201 184 0.113861386138614
201 183 0.123762376237624
201 182 0.123762376237624
201 181 0.123762376237624
201 180 0.118811881188119
201 179 0.128712871287129
201 178 0.128712871287129
201 177 0.118811881188119
201 176 0.118811881188119
201 175 0.118811881188119
201 174 0.123762376237624
201 173 0.118811881188119
201 172 0.118811881188119
201 171 0.108910891089109
201 170 0.118811881188119
201 169 0.113861386138614
201 168 0.123762376237624
201 167 0.118811881188119
201 166 0.113861386138614
201 165 0.108910891089109
201 164 0.133663366336634
201 163 0.108910891089109
201 162 0.113861386138614
201 161 0.113861386138614
201 160 0.108910891089109
201 159 0.108910891089109
201 158 0.099009900990099
201 157 0.113861386138614
201 156 0.108910891089109
201 155 0.113861386138614
201 154 0.113861386138614
201 153 0.113861386138614
201 152 0.118811881188119
201 151 0.123762376237624
201 150 0.113861386138614
201 149 0.113861386138614
201 148 0.103960396039604
201 147 0.103960396039604
201 146 0.108910891089109
201 145 0.113861386138614
201 144 0.113861386138614
201 143 0.118811881188119
201 142 0.108910891089109
201 141 0.0940594059405941
201 140 0.113861386138614
201 139 0.108910891089109
201 138 0.113861386138614
201 137 0.0891089108910891
201 136 0.108910891089109
201 135 0.113861386138614
201 134 0.103960396039604
201 133 0.108910891089109
201 132 0.113861386138614
201 131 0.0940594059405941
201 130 0.103960396039604
201 129 0.118811881188119
201 128 0.099009900990099
201 127 0.099009900990099
201 126 0.118811881188119
201 125 0.103960396039604
201 124 0.103960396039604
201 123 0.103960396039604
201 122 0.108910891089109
201 121 0.113861386138614
201 120 0.099009900990099
201 119 0.103960396039604
201 118 0.108910891089109
201 117 0.113861386138614
201 116 0.103960396039604
201 115 0.108910891089109
201 114 0.108910891089109
201 113 0.118811881188119
201 112 0.103960396039604
201 111 0.103960396039604
201 110 0.099009900990099
201 109 0.103960396039604
201 108 0.103960396039604
201 107 0.103960396039604
201 106 0.103960396039604
201 105 0.118811881188119
201 104 0.118811881188119
201 103 0.118811881188119
201 102 0.113861386138614
201 101 0.108910891089109
201 100 0.128712871287129
201 99 0.113861386138614
201 98 0.118811881188119
201 97 0.123762376237624
201 96 0.128712871287129
201 95 0.118811881188119
201 94 0.113861386138614
201 93 0.108910891089109
201 92 0.108910891089109
201 91 0.113861386138614
201 90 0.118811881188119
201 89 0.113861386138614
201 88 0.118811881188119
201 87 0.108910891089109
201 86 0.113861386138614
201 85 0.108910891089109
201 84 0.118811881188119
201 83 0.108910891089109
201 82 0.113861386138614
201 81 0.113861386138614
201 80 0.103960396039604
201 79 0.113861386138614
201 78 0.113861386138614
201 77 0.113861386138614
201 76 0.103960396039604
201 75 0.103960396039604
201 74 0.108910891089109
201 73 0.108910891089109
201 72 0.103960396039604
201 71 0.113861386138614
201 70 0.113861386138614
201 69 0.118811881188119
201 68 0.108910891089109
201 67 0.108910891089109
201 66 0.108910891089109
201 65 0.123762376237624
201 64 0.099009900990099
201 63 0.0940594059405941
201 62 0.113861386138614
201 61 0.128712871287129
201 60 0.113861386138614
201 59 0.128712871287129
201 58 0.118811881188119
201 57 0.108910891089109
201 56 0.113861386138614
201 55 0.113861386138614
201 54 0.108910891089109
201 53 0.113861386138614
201 52 0.123762376237624
201 51 0.103960396039604
201 50 0.108910891089109
201 49 0.113861386138614
201 48 0.118811881188119
201 47 0.113861386138614
201 46 0.113861386138614
201 45 0.108910891089109
201 44 0.108910891089109
201 43 0.113861386138614
201 42 0.108910891089109
201 41 0.118811881188119
201 40 0.103960396039604
201 39 0.103960396039604
201 38 0.123762376237624
201 37 0.123762376237624
201 36 0.118811881188119
201 35 0.118811881188119
201 34 0.103960396039604
201 33 0.123762376237624
201 32 0.108910891089109
201 31 0.118811881188119
201 30 0.108910891089109
201 29 0.138613861386139
201 28 0.118811881188119
201 27 0.113861386138614
201 26 0.128712871287129
201 25 0.118811881188119
201 24 0.103960396039604
201 23 0.123762376237624
201 22 0.113861386138614
201 21 0.123762376237624
201 20 0.128712871287129
201 19 0.128712871287129
201 18 0.128712871287129
201 17 0.118811881188119
201 16 0.133663366336634
201 15 0.138613861386139
201 14 0.148514851485149
201 13 0.158415841584158
201 12 0.158415841584158
201 11 0.158415841584158
201 10 0.163366336633663
201 9 0.168316831683168
201 8 0.173267326732673
201 7 0.183168316831683
201 6 0.188118811881188
201 5 0.163366336633663
201 4 0.217821782178218
201 3 0.193069306930693
201 2 0.158415841584158
201 1 0.212871287128713
