71 177555 0.257425742574257
71 17756 0.207920792079208
71 1776 0.163366336633663
71 200 0.123762376237624
71 199 0.113861386138614
71 198 0.128712871287129
71 197 0.123762376237624
71 196 0.123762376237624
71 195 0.128712871287129
71 194 0.128712871287129
71 193 0.118811881188119
71 192 0.133663366336634
71 191 0.128712871287129
71 190 0.118811881188119
71 189 0.128712871287129
71 188 0.123762376237624
71 187 0.128712871287129
71 186 0.138613861386139
71 185 0.138613861386139
71 184 0.108910891089109
71 183 0.133663366336634
71 182 0.113861386138614
71 181 0.138613861386139
71 180 0.133663366336634
71 179 0.128712871287129
71 178 0.138613861386139
71 177 0.128712871287129
71 176 0.128712871287129
71 175 0.118811881188119
71 174 0.128712871287129
71 173 0.118811881188119
71 172 0.123762376237624
71 171 0.118811881188119
71 170 0.118811881188119
71 169 0.118811881188119
71 168 0.128712871287129
71 167 0.118811881188119
71 166 0.123762376237624
71 165 0.118811881188119
71 164 0.118811881188119
71 163 0.118811881188119
71 162 0.113861386138614
71 161 0.133663366336634
71 160 0.118811881188119
71 159 0.123762376237624
71 158 0.118811881188119
71 157 0.133663366336634
71 156 0.118811881188119
71 155 0.113861386138614
71 154 0.128712871287129
71 153 0.128712871287129
71 152 0.128712871287129
71 151 0.123762376237624
71 150 0.123762376237624
71 149 0.123762376237624
71 148 0.128712871287129
71 147 0.118811881188119
71 146 0.118811881188119
71 145 0.118811881188119
71 144 0.128712871287129
71 143 0.118811881188119
71 142 0.118811881188119
71 141 0.123762376237624
71 140 0.118811881188119
71 139 0.113861386138614
71 138 0.108910891089109
71 137 0.118811881188119
71 136 0.118811881188119
71 135 0.123762376237624
71 134 0.118811881188119
71 133 0.123762376237624
71 132 0.128712871287129
71 131 0.113861386138614
71 130 0.118811881188119
71 129 0.118811881188119
71 128 0.118811881188119
71 127 0.118811881188119
71 126 0.113861386138614
71 125 0.113861386138614
71 124 0.113861386138614
71 123 0.108910891089109
71 122 0.123762376237624
71 121 0.113861386138614
71 120 0.113861386138614
71 119 0.123762376237624
71 118 0.113861386138614
71 117 0.118811881188119
71 116 0.118811881188119
71 115 0.113861386138614
71 114 0.123762376237624
71 113 0.118811881188119
71 112 0.108910891089109
71 111 0.113861386138614
71 110 0.113861386138614
71 109 0.103960396039604
71 108 0.113861386138614
71 107 0.118811881188119
71 106 0.113861386138614
71 105 0.123762376237624
71 104 0.118811881188119
71 103 0.128712871287129
71 102 0.123762376237624
71 101 0.118811881188119
71 100 0.118811881188119
71 99 0.118811881188119
71 98 0.108910891089109
71 97 0.118811881188119
71 96 0.108910891089109
71 95 0.113861386138614
71 94 0.103960396039604
71 93 0.123762376237624
71 92 0.118811881188119
71 91 0.123762376237624
71 90 0.123762376237624
71 89 0.108910891089109
71 88 0.113861386138614
71 87 0.118811881188119
71 86 0.118811881188119
71 85 0.118811881188119
71 84 0.123762376237624
71 83 0.103960396039604
71 82 0.123762376237624
71 81 0.133663366336634
71 80 0.133663366336634
71 79 0.118811881188119
71 78 0.123762376237624
71 77 0.113861386138614
71 76 0.123762376237624
71 75 0.118811881188119
71 74 0.123762376237624
71 73 0.118811881188119
71 72 0.113861386138614
71 71 0.113861386138614
71 70 0.123762376237624
71 69 0.108910891089109
71 68 0.108910891089109
71 67 0.113861386138614
71 66 0.123762376237624
71 65 0.118811881188119
71 64 0.113861386138614
71 63 0.118811881188119
71 62 0.113861386138614
71 61 0.123762376237624
71 60 0.128712871287129
71 59 0.103960396039604
71 58 0.128712871287129
71 57 0.118811881188119
71 56 0.123762376237624
71 55 0.118811881188119
71 54 0.123762376237624
71 53 0.128712871287129
71 52 0.123762376237624
71 51 0.123762376237624
71 50 0.133663366336634
71 49 0.108910891089109
71 48 0.108910891089109
71 47 0.123762376237624
71 46 0.118811881188119
71 45 0.108910891089109
71 44 0.128712871287129
71 43 0.138613861386139
71 42 0.123762376237624
71 41 0.118811881188119
71 40 0.143564356435644
71 39 0.148514851485149
71 38 0.138613861386139
71 37 0.133663366336634
71 36 0.118811881188119
71 35 0.123762376237624
71 34 0.128712871287129
71 33 0.128712871287129
71 32 0.143564356435644
71 31 0.158415841584158
71 30 0.123762376237624
71 29 0.108910891089109
71 28 0.138613861386139
71 27 0.118811881188119
71 26 0.123762376237624
71 25 0.148514851485149
71 24 0.143564356435644
71 23 0.138613861386139
71 22 0.128712871287129
71 21 0.133663366336634
71 20 0.143564356435644
71 19 0.148514851485149
71 18 0.138613861386139
71 17 0.123762376237624
71 16 0.138613861386139
71 15 0.133663366336634
71 14 0.133663366336634
71 13 0.158415841584158
71 12 0.148514851485149
71 11 0.158415841584158
71 10 0.148514851485149
71 9 0.143564356435644
71 8 0.148514851485149
71 7 0.123762376237624
71 6 0.153465346534653
71 5 0.168316831683168
71 4 0.158415841584158
71 3 0.232673267326733
71 2 0.237623762376238
71 1 0.217821782178218
