144 177555 0.242574257425743
144 17756 0.207920792079208
144 1776 0.178217821782178
144 200 0.128712871287129
144 199 0.128712871287129
144 198 0.128712871287129
144 197 0.128712871287129
144 196 0.128712871287129
144 195 0.133663366336634
144 194 0.128712871287129
144 193 0.128712871287129
144 192 0.133663366336634
144 191 0.123762376237624
144 190 0.128712871287129
144 189 0.128712871287129
144 188 0.118811881188119
144 187 0.123762376237624
144 186 0.133663366336634
144 185 0.128712871287129
144 184 0.128712871287129
144 183 0.128712871287129
144 182 0.128712871287129
144 181 0.128712871287129
144 180 0.128712871287129
144 179 0.128712871287129
144 178 0.128712871287129
144 177 0.128712871287129
144 176 0.128712871287129
144 175 0.128712871287129
144 174 0.123762376237624
144 173 0.128712871287129
144 172 0.128712871287129
144 171 0.128712871287129
144 170 0.128712871287129
144 169 0.128712871287129
144 168 0.123762376237624
144 167 0.133663366336634
144 166 0.123762376237624
144 165 0.128712871287129
144 164 0.123762376237624
144 163 0.118811881188119
144 162 0.128712871287129
144 161 0.128712871287129
144 160 0.128712871287129
144 159 0.123762376237624
144 158 0.128712871287129
144 157 0.123762376237624
144 156 0.123762376237624
144 155 0.123762376237624
144 154 0.128712871287129
144 153 0.133663366336634
144 152 0.128712871287129
144 151 0.128712871287129
144 150 0.133663366336634
144 149 0.133663366336634
144 148 0.133663366336634
144 147 0.118811881188119
144 146 0.128712871287129
144 145 0.128712871287129
144 144 0.128712871287129
144 143 0.128712871287129
144 142 0.128712871287129
144 141 0.128712871287129
144 140 0.128712871287129
144 139 0.128712871287129
144 138 0.118811881188119
144 137 0.123762376237624
144 136 0.123762376237624
144 135 0.118811881188119
144 134 0.118811881188119
144 133 0.123762376237624
144 132 0.128712871287129
144 131 0.128712871287129
144 130 0.138613861386139
144 129 0.133663366336634
144 128 0.133663366336634
144 127 0.118811881188119
144 126 0.123762376237624
144 125 0.133663366336634
144 124 0.128712871287129
144 123 0.143564356435644
144 122 0.138613861386139
144 121 0.133663366336634
144 120 0.133663366336634
144 119 0.128712871287129
144 118 0.128712871287129
144 117 0.123762376237624
144 116 0.138613861386139
144 115 0.133663366336634
144 114 0.123762376237624
144 113 0.128712871287129
144 112 0.123762376237624
144 111 0.128712871287129
144 110 0.138613861386139
144 109 0.128712871287129
144 108 0.138613861386139
144 107 0.128712871287129
144 106 0.128712871287129
144 105 0.118811881188119
144 104 0.133663366336634
144 103 0.118811881188119
144 102 0.128712871287129
144 101 0.128712871287129
144 100 0.123762376237624
144 99 0.128712871287129
144 98 0.138613861386139
144 97 0.128712871287129
144 96 0.128712871287129
144 95 0.123762376237624
144 94 0.128712871287129
144 93 0.118811881188119
144 92 0.118811881188119
144 91 0.128712871287129
144 90 0.128712871287129
144 89 0.123762376237624
144 88 0.123762376237624
144 87 0.133663366336634
144 86 0.118811881188119
144 85 0.123762376237624
144 84 0.123762376237624
144 83 0.123762376237624
144 82 0.118811881188119
144 81 0.123762376237624
144 80 0.133663366336634
144 79 0.143564356435644
144 78 0.128712871287129
144 77 0.118811881188119
144 76 0.118811881188119
144 75 0.118811881188119
144 74 0.118811881188119
144 73 0.113861386138614
144 72 0.118811881188119
144 71 0.118811881188119
144 70 0.128712871287129
144 69 0.113861386138614
144 68 0.113861386138614
144 67 0.118811881188119
144 66 0.123762376237624
144 65 0.108910891089109
144 64 0.113861386138614
144 63 0.118811881188119
144 62 0.113861386138614
144 61 0.123762376237624
144 60 0.118811881188119
144 59 0.128712871287129
144 58 0.128712871287129
144 57 0.113861386138614
144 56 0.108910891089109
144 55 0.103960396039604
144 54 0.108910891089109
144 53 0.118811881188119
144 52 0.103960396039604
144 51 0.113861386138614
144 50 0.108910891089109
144 49 0.123762376237624
144 48 0.123762376237624
144 47 0.118811881188119
144 46 0.103960396039604
144 45 0.118811881188119
144 44 0.108910891089109
144 43 0.108910891089109
144 42 0.118811881188119
144 41 0.099009900990099
144 40 0.103960396039604
144 39 0.108910891089109
144 38 0.103960396039604
144 37 0.108910891089109
144 36 0.099009900990099
144 35 0.108910891089109
144 34 0.108910891089109
144 33 0.108910891089109
144 32 0.123762376237624
144 31 0.113861386138614
144 30 0.118811881188119
144 29 0.133663366336634
144 28 0.138613861386139
144 27 0.133663366336634
144 26 0.128712871287129
144 25 0.138613861386139
144 24 0.118811881188119
144 23 0.148514851485149
144 22 0.123762376237624
144 21 0.143564356435644
144 20 0.143564356435644
144 19 0.133663366336634
144 18 0.133663366336634
144 17 0.128712871287129
144 16 0.128712871287129
144 15 0.128712871287129
144 14 0.133663366336634
144 13 0.133663366336634
144 12 0.153465346534653
144 11 0.123762376237624
144 10 0.163366336633663
144 9 0.148514851485149
144 8 0.158415841584158
144 7 0.148514851485149
144 6 0.148514851485149
144 5 0.153465346534653
144 4 0.198019801980198
144 3 0.193069306930693
144 2 0.222772277227723
144 1 0.227722772277228
