7 177555 0.242574257425743
7 17756 0.212871287128713
7 1776 0.163366336633663
7 200 0.108910891089109
7 199 0.128712871287129
7 198 0.113861386138614
7 197 0.113861386138614
7 196 0.123762376237624
7 195 0.118811881188119
7 194 0.113861386138614
7 193 0.123762376237624
7 192 0.118811881188119
7 191 0.113861386138614
7 190 0.118811881188119
7 189 0.118811881188119
7 188 0.123762376237624
7 187 0.108910891089109
7 186 0.108910891089109
7 185 0.118811881188119
7 184 0.123762376237624
7 183 0.118811881188119
7 182 0.118811881188119
7 181 0.118811881188119
7 180 0.118811881188119
7 179 0.113861386138614
7 178 0.113861386138614
7 177 0.118811881188119
7 176 0.118811881188119
7 175 0.123762376237624
7 174 0.118811881188119
7 173 0.118811881188119
7 172 0.118811881188119
7 171 0.113861386138614
7 170 0.113861386138614
7 169 0.113861386138614
7 168 0.118811881188119
7 167 0.118811881188119
7 166 0.118811881188119
7 165 0.118811881188119
7 164 0.128712871287129
7 163 0.118811881188119
7 162 0.113861386138614
7 161 0.103960396039604
7 160 0.118811881188119
7 159 0.108910891089109
7 158 0.118811881188119
7 157 0.108910891089109
7 156 0.118811881188119
7 155 0.113861386138614
7 154 0.128712871287129
7 153 0.118811881188119
7 152 0.113861386138614
7 151 0.113861386138614
7 150 0.118811881188119
7 149 0.118811881188119
7 148 0.118811881188119
7 147 0.113861386138614
7 146 0.113861386138614
7 145 0.108910891089109
7 144 0.113861386138614
7 143 0.118811881188119
7 142 0.103960396039604
7 141 0.113861386138614
7 140 0.108910891089109
7 139 0.118811881188119
7 138 0.103960396039604
7 137 0.113861386138614
7 136 0.103960396039604
7 135 0.108910891089109
7 134 0.113861386138614
7 133 0.113861386138614
7 132 0.108910891089109
7 131 0.108910891089109
7 130 0.118811881188119
7 129 0.103960396039604
7 128 0.108910891089109
7 127 0.099009900990099
7 126 0.113861386138614
7 125 0.0891089108910891
7 124 0.103960396039604
7 123 0.099009900990099
7 122 0.103960396039604
7 121 0.0940594059405941
7 120 0.103960396039604
7 119 0.103960396039604
7 118 0.103960396039604
7 117 0.099009900990099
7 116 0.108910891089109
7 115 0.103960396039604
7 114 0.103960396039604
7 113 0.103960396039604
7 112 0.0891089108910891
7 111 0.108910891089109
7 110 0.099009900990099
7 109 0.099009900990099
7 108 0.0891089108910891
7 107 0.0940594059405941
7 106 0.099009900990099
7 105 0.0940594059405941
7 104 0.0891089108910891
7 103 0.0940594059405941
7 102 0.099009900990099
7 101 0.0940594059405941
7 100 0.0891089108910891
7 99 0.103960396039604
7 98 0.0940594059405941
7 97 0.0940594059405941
7 96 0.0940594059405941
7 95 0.103960396039604
7 94 0.099009900990099
7 93 0.0891089108910891
7 92 0.099009900990099
7 91 0.0891089108910891
7 90 0.0891089108910891
7 89 0.0841584158415842
7 88 0.0940594059405941
7 87 0.0940594059405941
7 86 0.099009900990099
7 85 0.0891089108910891
7 84 0.0891089108910891
7 83 0.0940594059405941
7 82 0.099009900990099
7 81 0.099009900990099
7 80 0.103960396039604
7 79 0.103960396039604
7 78 0.103960396039604
7 77 0.103960396039604
7 76 0.099009900990099
7 75 0.099009900990099
7 74 0.0940594059405941
7 73 0.0940594059405941
7 72 0.108910891089109
7 71 0.108910891089109
7 70 0.108910891089109
7 69 0.0841584158415842
7 68 0.0940594059405941
7 67 0.0940594059405941
7 66 0.0891089108910891
7 65 0.0891089108910891
7 64 0.0940594059405941
7 63 0.0891089108910891
7 62 0.103960396039604
7 61 0.099009900990099
7 60 0.103960396039604
7 59 0.103960396039604
7 58 0.108910891089109
7 57 0.0940594059405941
7 56 0.099009900990099
7 55 0.0841584158415842
7 54 0.099009900990099
7 53 0.0891089108910891
7 52 0.103960396039604
7 51 0.099009900990099
7 50 0.0891089108910891
7 49 0.0940594059405941
7 48 0.0940594059405941
7 47 0.099009900990099
7 46 0.099009900990099
7 45 0.0891089108910891
7 44 0.0891089108910891
7 43 0.103960396039604
7 42 0.0940594059405941
7 41 0.0940594059405941
7 40 0.099009900990099
7 39 0.099009900990099
7 38 0.0792079207920792
7 37 0.0742574257425743
7 36 0.0792079207920792
7 35 0.0841584158415842
7 34 0.0693069306930693
7 33 0.0940594059405941
7 32 0.0891089108910891
7 31 0.0841584158415842
7 30 0.0940594059405941
7 29 0.0792079207920792
7 28 0.0940594059405941
7 27 0.099009900990099
7 26 0.0940594059405941
7 25 0.099009900990099
7 24 0.0940594059405941
7 23 0.099009900990099
7 22 0.0891089108910891
7 21 0.0940594059405941
7 20 0.0841584158415842
7 19 0.099009900990099
7 18 0.0891089108910891
7 17 0.0841584158415842
7 16 0.103960396039604
7 15 0.108910891089109
7 14 0.113861386138614
7 13 0.113861386138614
7 12 0.099009900990099
7 11 0.108910891089109
7 10 0.143564356435644
7 9 0.128712871287129
7 8 0.168316831683168
7 7 0.153465346534653
7 6 0.168316831683168
7 5 0.153465346534653
7 4 0.202970297029703
7 3 0.183168316831683
7 2 0.168316831683168
7 1 0.188118811881188
