176 177555 0.252475247524752
176 17756 0.207920792079208
176 1776 0.168316831683168
176 200 0.123762376237624
176 199 0.123762376237624
176 198 0.118811881188119
176 197 0.118811881188119
176 196 0.118811881188119
176 195 0.118811881188119
176 194 0.118811881188119
176 193 0.118811881188119
176 192 0.128712871287129
176 191 0.123762376237624
176 190 0.113861386138614
176 189 0.123762376237624
176 188 0.113861386138614
176 187 0.108910891089109
176 186 0.123762376237624
176 185 0.118811881188119
176 184 0.099009900990099
176 183 0.103960396039604
176 182 0.113861386138614
176 181 0.118811881188119
176 180 0.099009900990099
176 179 0.118811881188119
176 178 0.118811881188119
176 177 0.113861386138614
176 176 0.113861386138614
176 175 0.118811881188119
176 174 0.138613861386139
176 173 0.123762376237624
176 172 0.099009900990099
176 171 0.113861386138614
176 170 0.113861386138614
176 169 0.108910891089109
176 168 0.113861386138614
176 167 0.113861386138614
176 166 0.123762376237624
176 165 0.108910891089109
176 164 0.113861386138614
176 163 0.108910891089109
176 162 0.099009900990099
176 161 0.108910891089109
176 160 0.113861386138614
176 159 0.118811881188119
176 158 0.108910891089109
176 157 0.108910891089109
176 156 0.113861386138614
176 155 0.118811881188119
176 154 0.118811881188119
176 153 0.099009900990099
176 152 0.108910891089109
176 151 0.099009900990099
176 150 0.118811881188119
176 149 0.113861386138614
176 148 0.113861386138614
176 147 0.103960396039604
176 146 0.113861386138614
176 145 0.118811881188119
176 144 0.108910891089109
176 143 0.118811881188119
176 142 0.123762376237624
176 141 0.123762376237624
176 140 0.118811881188119
176 139 0.113861386138614
176 138 0.118811881188119
176 137 0.113861386138614
176 136 0.113861386138614
176 135 0.099009900990099
176 134 0.099009900990099
176 133 0.108910891089109
176 132 0.103960396039604
176 131 0.103960396039604
176 130 0.123762376237624
176 129 0.118811881188119
176 128 0.103960396039604
176 127 0.103960396039604
176 126 0.113861386138614
176 125 0.103960396039604
176 124 0.108910891089109
176 123 0.103960396039604
176 122 0.113861386138614
176 121 0.103960396039604
176 120 0.103960396039604
176 119 0.103960396039604
176 118 0.103960396039604
176 117 0.108910891089109
176 116 0.123762376237624
176 115 0.103960396039604
176 114 0.113861386138614
176 113 0.0940594059405941
176 112 0.113861386138614
176 111 0.118811881188119
176 110 0.118811881188119
176 109 0.113861386138614
176 108 0.103960396039604
176 107 0.108910891089109
176 106 0.099009900990099
176 105 0.123762376237624
176 104 0.103960396039604
176 103 0.113861386138614
176 102 0.128712871287129
176 101 0.118811881188119
176 100 0.099009900990099
176 99 0.103960396039604
176 98 0.108910891089109
176 97 0.0940594059405941
176 96 0.0940594059405941
176 95 0.103960396039604
176 94 0.099009900990099
176 93 0.0940594059405941
176 92 0.0940594059405941
176 91 0.0940594059405941
176 90 0.0940594059405941
176 89 0.0841584158415842
176 88 0.0940594059405941
176 87 0.0891089108910891
176 86 0.0940594059405941
176 85 0.0891089108910891
176 84 0.0891089108910891
176 83 0.0891089108910891
176 82 0.0940594059405941
176 81 0.0841584158415842
176 80 0.0891089108910891
176 79 0.099009900990099
176 78 0.099009900990099
176 77 0.0940594059405941
176 76 0.0891089108910891
176 75 0.099009900990099
176 74 0.103960396039604
176 73 0.0940594059405941
176 72 0.0940594059405941
176 71 0.0841584158415842
176 70 0.0891089108910891
176 69 0.0841584158415842
176 68 0.0841584158415842
176 67 0.099009900990099
176 66 0.0841584158415842
176 65 0.099009900990099
176 64 0.099009900990099
176 63 0.099009900990099
176 62 0.103960396039604
176 61 0.099009900990099
176 60 0.099009900990099
176 59 0.099009900990099
176 58 0.0841584158415842
176 57 0.0841584158415842
176 56 0.0940594059405941
176 55 0.0891089108910891
176 54 0.099009900990099
176 53 0.0940594059405941
176 52 0.099009900990099
176 51 0.0891089108910891
176 50 0.0940594059405941
176 49 0.0891089108910891
176 48 0.0891089108910891
176 47 0.0841584158415842
176 46 0.0891089108910891
176 45 0.0940594059405941
176 44 0.0891089108910891
176 43 0.0940594059405941
176 42 0.0792079207920792
176 41 0.099009900990099
176 40 0.0891089108910891
176 39 0.108910891089109
176 38 0.0940594059405941
176 37 0.0891089108910891
176 36 0.0940594059405941
176 35 0.0891089108910891
176 34 0.0891089108910891
176 33 0.0841584158415842
176 32 0.0940594059405941
176 31 0.103960396039604
176 30 0.099009900990099
176 29 0.108910891089109
176 28 0.099009900990099
176 27 0.103960396039604
176 26 0.108910891089109
176 25 0.108910891089109
176 24 0.113861386138614
176 23 0.099009900990099
176 22 0.103960396039604
176 21 0.099009900990099
176 20 0.0940594059405941
176 19 0.099009900990099
176 18 0.113861386138614
176 17 0.103960396039604
176 16 0.118811881188119
176 15 0.108910891089109
176 14 0.103960396039604
176 13 0.113861386138614
176 12 0.113861386138614
176 11 0.123762376237624
176 10 0.138613861386139
176 9 0.123762376237624
176 8 0.153465346534653
176 7 0.138613861386139
176 6 0.143564356435644
176 5 0.168316831683168
176 4 0.153465346534653
176 3 0.163366336633663
176 2 0.168316831683168
176 1 0.242574257425743
