197 177555 0.217821782178218
197 17756 0.202970297029703
197 1776 0.168316831683168
197 200 0.113861386138614
197 199 0.123762376237624
197 198 0.113861386138614
197 197 0.123762376237624
197 196 0.123762376237624
197 195 0.108910891089109
197 194 0.133663366336634
197 193 0.108910891089109
197 192 0.113861386138614
197 191 0.103960396039604
197 190 0.113861386138614
197 189 0.108910891089109
197 188 0.118811881188119
197 187 0.118811881188119
197 186 0.103960396039604
197 185 0.108910891089109
197 184 0.113861386138614
197 183 0.108910891089109
197 182 0.113861386138614
197 181 0.103960396039604
197 180 0.108910891089109
197 179 0.108910891089109
197 178 0.113861386138614
197 177 0.113861386138614
197 176 0.113861386138614
197 175 0.108910891089109
197 174 0.103960396039604
197 173 0.103960396039604
197 172 0.108910891089109
197 171 0.113861386138614
197 170 0.103960396039604
197 169 0.108910891089109
197 168 0.108910891089109
197 167 0.118811881188119
197 166 0.108910891089109
197 165 0.108910891089109
197 164 0.0940594059405941
197 163 0.103960396039604
197 162 0.103960396039604
197 161 0.118811881188119
197 160 0.0940594059405941
197 159 0.103960396039604
197 158 0.103960396039604
197 157 0.099009900990099
197 156 0.103960396039604
197 155 0.099009900990099
197 154 0.099009900990099
197 153 0.0940594059405941
197 152 0.108910891089109
197 151 0.099009900990099
197 150 0.099009900990099
197 149 0.103960396039604
197 148 0.103960396039604
197 147 0.099009900990099
197 146 0.103960396039604
197 145 0.0940594059405941
197 144 0.0891089108910891
197 143 0.099009900990099
197 142 0.118811881188119
197 141 0.103960396039604
197 140 0.108910891089109
197 139 0.0940594059405941
197 138 0.108910891089109
197 137 0.103960396039604
197 136 0.118811881188119
197 135 0.103960396039604
197 134 0.099009900990099
197 133 0.099009900990099
197 132 0.108910891089109
197 131 0.113861386138614
197 130 0.103960396039604
197 129 0.0940594059405941
197 128 0.099009900990099
197 127 0.108910891089109
197 126 0.113861386138614
197 125 0.103960396039604
197 124 0.103960396039604
197 123 0.099009900990099
197 122 0.103960396039604
197 121 0.099009900990099
197 120 0.103960396039604
197 119 0.103960396039604
197 118 0.103960396039604
197 117 0.113861386138614
197 116 0.103960396039604
197 115 0.099009900990099
197 114 0.103960396039604
197 113 0.103960396039604
197 112 0.103960396039604
197 111 0.0940594059405941
197 110 0.0940594059405941
197 109 0.103960396039604
197 108 0.0940594059405941
197 107 0.0841584158415842
197 106 0.099009900990099
197 105 0.099009900990099
197 104 0.099009900990099
197 103 0.0940594059405941
197 102 0.103960396039604
197 101 0.099009900990099
197 100 0.103960396039604
197 99 0.103960396039604
197 98 0.0891089108910891
197 97 0.108910891089109
197 96 0.0891089108910891
197 95 0.103960396039604
197 94 0.099009900990099
197 93 0.103960396039604
197 92 0.099009900990099
197 91 0.0940594059405941
197 90 0.099009900990099
197 89 0.099009900990099
197 88 0.0841584158415842
197 87 0.0841584158415842
197 86 0.099009900990099
197 85 0.0940594059405941
197 84 0.108910891089109
197 83 0.0891089108910891
197 82 0.103960396039604
197 81 0.0891089108910891
197 80 0.0891089108910891
197 79 0.0841584158415842
197 78 0.0792079207920792
197 77 0.0841584158415842
197 76 0.0792079207920792
197 75 0.0841584158415842
197 74 0.0940594059405941
197 73 0.0891089108910891
197 72 0.0792079207920792
197 71 0.099009900990099
197 70 0.0841584158415842
197 69 0.0891089108910891
197 68 0.0841584158415842
197 67 0.0940594059405941
197 66 0.0940594059405941
197 65 0.103960396039604
197 64 0.103960396039604
197 63 0.0891089108910891
197 62 0.099009900990099
197 61 0.0891089108910891
197 60 0.099009900990099
197 59 0.108910891089109
197 58 0.099009900990099
197 57 0.108910891089109
197 56 0.0940594059405941
197 55 0.103960396039604
197 54 0.099009900990099
197 53 0.103960396039604
197 52 0.108910891089109
197 51 0.099009900990099
197 50 0.099009900990099
197 49 0.0940594059405941
197 48 0.113861386138614
197 47 0.108910891089109
197 46 0.108910891089109
197 45 0.103960396039604
197 44 0.099009900990099
197 43 0.108910891089109
197 42 0.118811881188119
197 41 0.108910891089109
197 40 0.108910891089109
197 39 0.103960396039604
197 38 0.099009900990099
197 37 0.108910891089109
197 36 0.113861386138614
197 35 0.108910891089109
197 34 0.123762376237624
197 33 0.108910891089109
197 32 0.113861386138614
197 31 0.108910891089109
197 30 0.103960396039604
197 29 0.113861386138614
197 28 0.108910891089109
197 27 0.0940594059405941
197 26 0.118811881188119
197 25 0.123762376237624
197 24 0.113861386138614
197 23 0.113861386138614
197 22 0.118811881188119
197 21 0.123762376237624
197 20 0.118811881188119
197 19 0.113861386138614
197 18 0.099009900990099
197 17 0.103960396039604
197 16 0.118811881188119
197 15 0.118811881188119
197 14 0.123762376237624
197 13 0.128712871287129
197 12 0.123762376237624
197 11 0.123762376237624
197 10 0.133663366336634
197 9 0.108910891089109
197 8 0.138613861386139
197 7 0.103960396039604
197 6 0.113861386138614
197 5 0.143564356435644
197 4 0.198019801980198
197 3 0.138613861386139
197 2 0.148514851485149
197 1 0.193069306930693
