13 177555 0.227722772277228
13 17756 0.212871287128713
13 1776 0.183168316831683
13 200 0.123762376237624
13 199 0.108910891089109
13 198 0.118811881188119
13 197 0.108910891089109
13 196 0.133663366336634
13 195 0.113861386138614
13 194 0.113861386138614
13 193 0.113861386138614
13 192 0.113861386138614
13 191 0.113861386138614
13 190 0.128712871287129
13 189 0.108910891089109
13 188 0.123762376237624
13 187 0.113861386138614
13 186 0.118811881188119
13 185 0.118811881188119
13 184 0.123762376237624
13 183 0.113861386138614
13 182 0.108910891089109
13 181 0.113861386138614
13 180 0.108910891089109
13 179 0.108910891089109
13 178 0.113861386138614
13 177 0.113861386138614
13 176 0.113861386138614
13 175 0.103960396039604
13 174 0.118811881188119
13 173 0.103960396039604
13 172 0.103960396039604
13 171 0.113861386138614
13 170 0.113861386138614
13 169 0.108910891089109
13 168 0.113861386138614
13 167 0.113861386138614
13 166 0.113861386138614
13 165 0.099009900990099
13 164 0.118811881188119
13 163 0.113861386138614
13 162 0.113861386138614
13 161 0.108910891089109
13 160 0.108910891089109
13 159 0.108910891089109
13 158 0.103960396039604
13 157 0.108910891089109
13 156 0.099009900990099
13 155 0.103960396039604
13 154 0.118811881188119
13 153 0.103960396039604
13 152 0.103960396039604
13 151 0.0891089108910891
13 150 0.103960396039604
13 149 0.108910891089109
13 148 0.099009900990099
13 147 0.103960396039604
13 146 0.099009900990099
13 145 0.099009900990099
13 144 0.099009900990099
13 143 0.118811881188119
13 142 0.103960396039604
13 141 0.108910891089109
13 140 0.099009900990099
13 139 0.108910891089109
13 138 0.099009900990099
13 137 0.0891089108910891
13 136 0.108910891089109
13 135 0.108910891089109
13 134 0.103960396039604
13 133 0.108910891089109
13 132 0.099009900990099
13 131 0.103960396039604
13 130 0.108910891089109
13 129 0.103960396039604
13 128 0.099009900990099
13 127 0.099009900990099
13 126 0.099009900990099
13 125 0.113861386138614
13 124 0.099009900990099
13 123 0.099009900990099
13 122 0.108910891089109
13 121 0.113861386138614
13 120 0.113861386138614
13 119 0.108910891089109
13 118 0.108910891089109
13 117 0.108910891089109
13 116 0.108910891089109
13 115 0.113861386138614
13 114 0.108910891089109
13 113 0.103960396039604
13 112 0.113861386138614
13 111 0.113861386138614
13 110 0.113861386138614
13 109 0.108910891089109
13 108 0.108910891089109
13 107 0.103960396039604
13 106 0.0940594059405941
13 105 0.099009900990099
13 104 0.0841584158415842
13 103 0.099009900990099
13 102 0.099009900990099
13 101 0.0940594059405941
13 100 0.103960396039604
13 99 0.103960396039604
13 98 0.0891089108910891
13 97 0.099009900990099
13 96 0.099009900990099
13 95 0.0841584158415842
13 94 0.099009900990099
13 93 0.0891089108910891
13 92 0.0940594059405941
13 91 0.0891089108910891
13 90 0.0891089108910891
13 89 0.0940594059405941
13 88 0.099009900990099
13 87 0.0940594059405941
13 86 0.0891089108910891
13 85 0.099009900990099
13 84 0.108910891089109
13 83 0.0940594059405941
13 82 0.099009900990099
13 81 0.108910891089109
13 80 0.099009900990099
13 79 0.0891089108910891
13 78 0.103960396039604
13 77 0.103960396039604
13 76 0.103960396039604
13 75 0.0940594059405941
13 74 0.099009900990099
13 73 0.0891089108910891
13 72 0.099009900990099
13 71 0.099009900990099
13 70 0.0940594059405941
13 69 0.0841584158415842
13 68 0.099009900990099
13 67 0.103960396039604
13 66 0.103960396039604
13 65 0.099009900990099
13 64 0.0940594059405941
13 63 0.103960396039604
13 62 0.0940594059405941
13 61 0.099009900990099
13 60 0.103960396039604
13 59 0.0940594059405941
13 58 0.099009900990099
13 57 0.0940594059405941
13 56 0.099009900990099
13 55 0.0940594059405941
13 54 0.099009900990099
13 53 0.099009900990099
13 52 0.099009900990099
13 51 0.0891089108910891
13 50 0.0940594059405941
13 49 0.099009900990099
13 48 0.099009900990099
13 47 0.099009900990099
13 46 0.108910891089109
13 45 0.0891089108910891
13 44 0.099009900990099
13 43 0.099009900990099
13 42 0.0940594059405941
13 41 0.0891089108910891
13 40 0.108910891089109
13 39 0.103960396039604
13 38 0.0940594059405941
13 37 0.0891089108910891
13 36 0.099009900990099
13 35 0.0841584158415842
13 34 0.0891089108910891
13 33 0.0841584158415842
13 32 0.0841584158415842
13 31 0.0940594059405941
13 30 0.0891089108910891
13 29 0.0891089108910891
13 28 0.0940594059405941
13 27 0.099009900990099
13 26 0.0841584158415842
13 25 0.0742574257425743
13 24 0.0891089108910891
13 23 0.103960396039604
13 22 0.099009900990099
13 21 0.0891089108910891
13 20 0.0940594059405941
13 19 0.099009900990099
13 18 0.108910891089109
13 17 0.0940594059405941
13 16 0.0940594059405941
13 15 0.099009900990099
13 14 0.099009900990099
13 13 0.0940594059405941
13 12 0.113861386138614
13 11 0.099009900990099
13 10 0.0891089108910891
13 9 0.099009900990099
13 8 0.103960396039604
13 7 0.123762376237624
13 6 0.158415841584158
13 5 0.178217821782178
13 4 0.202970297029703
13 3 0.188118811881188
13 2 0.297029702970297
13 1 0.242574257425743
