84 177555 0.237623762376238
84 17756 0.222772277227723
84 1776 0.163366336633663
84 200 0.118811881188119
84 199 0.113861386138614
84 198 0.108910891089109
84 197 0.108910891089109
84 196 0.113861386138614
84 195 0.113861386138614
84 194 0.128712871287129
84 193 0.113861386138614
84 192 0.113861386138614
84 191 0.113861386138614
84 190 0.113861386138614
84 189 0.103960396039604
84 188 0.113861386138614
84 187 0.108910891089109
84 186 0.118811881188119
84 185 0.113861386138614
84 184 0.113861386138614
84 183 0.123762376237624
84 182 0.118811881188119
84 181 0.113861386138614
84 180 0.113861386138614
84 179 0.108910891089109
84 178 0.118811881188119
84 177 0.108910891089109
84 176 0.113861386138614
84 175 0.099009900990099
84 174 0.113861386138614
84 173 0.108910891089109
84 172 0.103960396039604
84 171 0.133663366336634
84 170 0.099009900990099
84 169 0.103960396039604
84 168 0.108910891089109
84 167 0.108910891089109
84 166 0.103960396039604
84 165 0.118811881188119
84 164 0.118811881188119
84 163 0.118811881188119
84 162 0.113861386138614
84 161 0.103960396039604
84 160 0.123762376237624
84 159 0.103960396039604
84 158 0.108910891089109
84 157 0.103960396039604
84 156 0.113861386138614
84 155 0.108910891089109
84 154 0.103960396039604
84 153 0.108910891089109
84 152 0.108910891089109
84 151 0.108910891089109
84 150 0.108910891089109
84 149 0.108910891089109
84 148 0.108910891089109
84 147 0.103960396039604
84 146 0.103960396039604
84 145 0.108910891089109
84 144 0.113861386138614
84 143 0.103960396039604
84 142 0.103960396039604
84 141 0.103960396039604
84 140 0.103960396039604
84 139 0.103960396039604
84 138 0.099009900990099
84 137 0.0940594059405941
84 136 0.099009900990099
84 135 0.103960396039604
84 134 0.099009900990099
84 133 0.0940594059405941
84 132 0.099009900990099
84 131 0.108910891089109
84 130 0.0891089108910891
84 129 0.103960396039604
84 128 0.0940594059405941
84 127 0.0940594059405941
84 126 0.0940594059405941
84 125 0.108910891089109
84 124 0.103960396039604
84 123 0.103960396039604
84 122 0.103960396039604
84 121 0.099009900990099
84 120 0.103960396039604
84 119 0.099009900990099
84 118 0.108910891089109
84 117 0.103960396039604
84 116 0.103960396039604
84 115 0.103960396039604
84 114 0.103960396039604
84 113 0.103960396039604
84 112 0.099009900990099
84 111 0.113861386138614
84 110 0.103960396039604
84 109 0.0940594059405941
84 108 0.0940594059405941
84 107 0.099009900990099
84 106 0.103960396039604
84 105 0.0940594059405941
84 104 0.0940594059405941
84 103 0.099009900990099
84 102 0.099009900990099
84 101 0.0940594059405941
84 100 0.0940594059405941
84 99 0.099009900990099
84 98 0.103960396039604
84 97 0.0940594059405941
84 96 0.099009900990099
84 95 0.103960396039604
84 94 0.0940594059405941
84 93 0.0940594059405941
84 92 0.0940594059405941
84 91 0.0940594059405941
84 90 0.0940594059405941
84 89 0.099009900990099
84 88 0.0940594059405941
84 87 0.0940594059405941
84 86 0.0940594059405941
84 85 0.103960396039604
84 84 0.0940594059405941
84 83 0.099009900990099
84 82 0.103960396039604
84 81 0.103960396039604
84 80 0.103960396039604
84 79 0.103960396039604
84 78 0.0940594059405941
84 77 0.103960396039604
84 76 0.103960396039604
84 75 0.108910891089109
84 74 0.0940594059405941
84 73 0.0891089108910891
84 72 0.103960396039604
84 71 0.0891089108910891
84 70 0.099009900990099
84 69 0.103960396039604
84 68 0.0940594059405941
84 67 0.099009900990099
84 66 0.0940594059405941
84 65 0.103960396039604
84 64 0.103960396039604
84 63 0.108910891089109
84 62 0.0891089108910891
84 61 0.0940594059405941
84 60 0.0940594059405941
84 59 0.099009900990099
84 58 0.118811881188119
84 57 0.0940594059405941
84 56 0.099009900990099
84 55 0.103960396039604
84 54 0.0940594059405941
84 53 0.0891089108910891
84 52 0.0940594059405941
84 51 0.099009900990099
84 50 0.099009900990099
84 49 0.108910891089109
84 48 0.099009900990099
84 47 0.108910891089109
84 46 0.0841584158415842
84 45 0.0940594059405941
84 44 0.0841584158415842
84 43 0.0891089108910891
84 42 0.099009900990099
84 41 0.0891089108910891
84 40 0.099009900990099
84 39 0.0792079207920792
84 38 0.0891089108910891
84 37 0.0891089108910891
84 36 0.0940594059405941
84 35 0.0940594059405941
84 34 0.0940594059405941
84 33 0.108910891089109
84 32 0.0940594059405941
84 31 0.099009900990099
84 30 0.0940594059405941
84 29 0.0891089108910891
84 28 0.103960396039604
84 27 0.0940594059405941
84 26 0.118811881188119
84 25 0.103960396039604
84 24 0.118811881188119
84 23 0.113861386138614
84 22 0.128712871287129
84 21 0.128712871287129
84 20 0.138613861386139
84 19 0.143564356435644
84 18 0.118811881188119
84 17 0.113861386138614
84 16 0.108910891089109
84 15 0.128712871287129
84 14 0.128712871287129
84 13 0.113861386138614
84 12 0.108910891089109
84 11 0.138613861386139
84 10 0.123762376237624
84 9 0.153465346534653
84 8 0.133663366336634
84 7 0.183168316831683
84 6 0.183168316831683
84 5 0.188118811881188
84 4 0.212871287128713
84 3 0.163366336633663
84 2 0.212871287128713
84 1 0.242574257425743
