93 177555 0.222772277227723
93 17756 0.222772277227723
93 1776 0.173267326732673
93 200 0.118811881188119
93 199 0.118811881188119
93 198 0.118811881188119
93 197 0.133663366336634
93 196 0.113861386138614
93 195 0.108910891089109
93 194 0.113861386138614
93 193 0.103960396039604
93 192 0.113861386138614
93 191 0.113861386138614
93 190 0.108910891089109
93 189 0.113861386138614
93 188 0.113861386138614
93 187 0.108910891089109
93 186 0.118811881188119
93 185 0.113861386138614
93 184 0.108910891089109
93 183 0.108910891089109
93 182 0.118811881188119
93 181 0.108910891089109
93 180 0.118811881188119
93 179 0.118811881188119
93 178 0.108910891089109
93 177 0.113861386138614
93 176 0.113861386138614
93 175 0.113861386138614
93 174 0.113861386138614
93 173 0.113861386138614
93 172 0.113861386138614
93 171 0.113861386138614
93 170 0.113861386138614
93 169 0.113861386138614
93 168 0.108910891089109
93 167 0.108910891089109
93 166 0.108910891089109
93 165 0.118811881188119
93 164 0.113861386138614
93 163 0.113861386138614
93 162 0.103960396039604
93 161 0.108910891089109
93 160 0.113861386138614
93 159 0.108910891089109
93 158 0.103960396039604
93 157 0.113861386138614
93 156 0.103960396039604
93 155 0.108910891089109
93 154 0.108910891089109
93 153 0.108910891089109
93 152 0.103960396039604
93 151 0.113861386138614
93 150 0.113861386138614
93 149 0.108910891089109
93 148 0.108910891089109
93 147 0.108910891089109
93 146 0.099009900990099
93 145 0.108910891089109
93 144 0.099009900990099
93 143 0.108910891089109
93 142 0.118811881188119
93 141 0.113861386138614
93 140 0.103960396039604
93 139 0.103960396039604
93 138 0.108910891089109
93 137 0.113861386138614
93 136 0.103960396039604
93 135 0.108910891089109
93 134 0.108910891089109
93 133 0.108910891089109
93 132 0.103960396039604
93 131 0.108910891089109
93 130 0.103960396039604
93 129 0.108910891089109
93 128 0.108910891089109
93 127 0.108910891089109
93 126 0.113861386138614
93 125 0.113861386138614
93 124 0.108910891089109
93 123 0.103960396039604
93 122 0.108910891089109
93 121 0.113861386138614
93 120 0.108910891089109
93 119 0.118811881188119
93 118 0.108910891089109
93 117 0.113861386138614
93 116 0.108910891089109
93 115 0.108910891089109
93 114 0.103960396039604
93 113 0.108910891089109
93 112 0.108910891089109
93 111 0.103960396039604
93 110 0.099009900990099
93 109 0.108910891089109
93 108 0.103960396039604
93 107 0.108910891089109
93 106 0.108910891089109
93 105 0.099009900990099
93 104 0.108910891089109
93 103 0.108910891089109
93 102 0.108910891089109
93 101 0.103960396039604
93 100 0.103960396039604
93 99 0.103960396039604
93 98 0.099009900990099
93 97 0.103960396039604
93 96 0.108910891089109
93 95 0.103960396039604
93 94 0.108910891089109
93 93 0.103960396039604
93 92 0.103960396039604
93 91 0.103960396039604
93 90 0.108910891089109
93 89 0.103960396039604
93 88 0.103960396039604
93 87 0.103960396039604
93 86 0.103960396039604
93 85 0.103960396039604
93 84 0.099009900990099
93 83 0.099009900990099
93 82 0.099009900990099
93 81 0.099009900990099
93 80 0.103960396039604
93 79 0.099009900990099
93 78 0.103960396039604
93 77 0.103960396039604
93 76 0.103960396039604
93 75 0.099009900990099
93 74 0.113861386138614
93 73 0.099009900990099
93 72 0.103960396039604
93 71 0.108910891089109
93 70 0.108910891089109
93 69 0.118811881188119
93 68 0.108910891089109
93 67 0.099009900990099
93 66 0.103960396039604
93 65 0.103960396039604
93 64 0.103960396039604
93 63 0.103960396039604
93 62 0.108910891089109
93 61 0.099009900990099
93 60 0.099009900990099
93 59 0.103960396039604
93 58 0.103960396039604
93 57 0.108910891089109
93 56 0.113861386138614
93 55 0.113861386138614
93 54 0.108910891089109
93 53 0.108910891089109
93 52 0.108910891089109
93 51 0.108910891089109
93 50 0.099009900990099
93 49 0.103960396039604
93 48 0.108910891089109
93 47 0.118811881188119
93 46 0.108910891089109
93 45 0.108910891089109
93 44 0.123762376237624
93 43 0.103960396039604
93 42 0.113861386138614
93 41 0.113861386138614
93 40 0.113861386138614
93 39 0.108910891089109
93 38 0.108910891089109
93 37 0.103960396039604
93 36 0.108910891089109
93 35 0.0940594059405941
93 34 0.108910891089109
93 33 0.099009900990099
93 32 0.0940594059405941
93 31 0.108910891089109
93 30 0.0891089108910891
93 29 0.0891089108910891
93 28 0.103960396039604
93 27 0.103960396039604
93 26 0.118811881188119
93 25 0.103960396039604
93 24 0.108910891089109
93 23 0.099009900990099
93 22 0.099009900990099
93 21 0.103960396039604
93 20 0.108910891089109
93 19 0.099009900990099
93 18 0.113861386138614
93 17 0.103960396039604
93 16 0.113861386138614
93 15 0.108910891089109
93 14 0.108910891089109
93 13 0.118811881188119
93 12 0.118811881188119
93 11 0.123762376237624
93 10 0.118811881188119
93 9 0.113861386138614
93 8 0.0940594059405941
93 7 0.113861386138614
93 6 0.118811881188119
93 5 0.113861386138614
93 4 0.158415841584158
93 3 0.148514851485149
93 2 0.168316831683168
93 1 0.227722772277228
