98 177555 0.242574257425743
98 17756 0.193069306930693
98 1776 0.168316831683168
98 200 0.128712871287129
98 199 0.123762376237624
98 198 0.128712871287129
98 197 0.133663366336634
98 196 0.138613861386139
98 195 0.138613861386139
98 194 0.138613861386139
98 193 0.133663366336634
98 192 0.118811881188119
98 191 0.133663366336634
98 190 0.138613861386139
98 189 0.133663366336634
98 188 0.123762376237624
98 187 0.138613861386139
98 186 0.128712871287129
98 185 0.133663366336634
98 184 0.138613861386139
98 183 0.128712871287129
98 182 0.138613861386139
98 181 0.138613861386139
98 180 0.128712871287129
98 179 0.133663366336634
98 178 0.143564356435644
98 177 0.138613861386139
98 176 0.133663366336634
98 175 0.138613861386139
98 174 0.143564356435644
98 173 0.138613861386139
98 172 0.128712871287129
98 171 0.138613861386139
98 170 0.138613861386139
98 169 0.128712871287129
98 168 0.138613861386139
98 167 0.138613861386139
98 166 0.133663366336634
98 165 0.138613861386139
98 164 0.138613861386139
98 163 0.128712871287129
98 162 0.123762376237624
98 161 0.133663366336634
98 160 0.128712871287129
98 159 0.138613861386139
98 158 0.133663366336634
98 157 0.128712871287129
98 156 0.133663366336634
98 155 0.133663366336634
98 154 0.128712871287129
98 153 0.128712871287129
98 152 0.118811881188119
98 151 0.133663366336634
98 150 0.133663366336634
98 149 0.133663366336634
98 148 0.133663366336634
98 147 0.123762376237624
98 146 0.133663366336634
98 145 0.113861386138614
98 144 0.128712871287129
98 143 0.123762376237624
98 142 0.123762376237624
98 141 0.113861386138614
98 140 0.113861386138614
98 139 0.113861386138614
98 138 0.123762376237624
98 137 0.118811881188119
98 136 0.123762376237624
98 135 0.128712871287129
98 134 0.123762376237624
98 133 0.128712871287129
98 132 0.113861386138614
98 131 0.123762376237624
98 130 0.118811881188119
98 129 0.123762376237624
98 128 0.118811881188119
98 127 0.113861386138614
98 126 0.138613861386139
98 125 0.118811881188119
98 124 0.113861386138614
98 123 0.128712871287129
98 122 0.128712871287129
98 121 0.128712871287129
98 120 0.133663366336634
98 119 0.123762376237624
98 118 0.123762376237624
98 117 0.128712871287129
98 116 0.133663366336634
98 115 0.128712871287129
98 114 0.123762376237624
98 113 0.123762376237624
98 112 0.133663366336634
98 111 0.118811881188119
98 110 0.113861386138614
98 109 0.108910891089109
98 108 0.128712871287129
98 107 0.123762376237624
98 106 0.118811881188119
98 105 0.123762376237624
98 104 0.113861386138614
98 103 0.118811881188119
98 102 0.108910891089109
98 101 0.118811881188119
98 100 0.118811881188119
98 99 0.118811881188119
98 98 0.113861386138614
98 97 0.113861386138614
98 96 0.103960396039604
98 95 0.113861386138614
98 94 0.118811881188119
98 93 0.108910891089109
98 92 0.103960396039604
98 91 0.108910891089109
98 90 0.113861386138614
98 89 0.113861386138614
98 88 0.108910891089109
98 87 0.118811881188119
98 86 0.113861386138614
98 85 0.103960396039604
98 84 0.108910891089109
98 83 0.099009900990099
98 82 0.099009900990099
98 81 0.118811881188119
98 80 0.108910891089109
98 79 0.123762376237624
98 78 0.123762376237624
98 77 0.108910891089109
98 76 0.113861386138614
98 75 0.118811881188119
98 74 0.108910891089109
98 73 0.113861386138614
98 72 0.118811881188119
98 71 0.118811881188119
98 70 0.0940594059405941
98 69 0.113861386138614
98 68 0.113861386138614
98 67 0.123762376237624
98 66 0.108910891089109
98 65 0.118811881188119
98 64 0.118811881188119
98 63 0.118811881188119
98 62 0.118811881188119
98 61 0.138613861386139
98 60 0.118811881188119
98 59 0.123762376237624
98 58 0.138613861386139
98 57 0.113861386138614
98 56 0.128712871287129
98 55 0.143564356435644
98 54 0.123762376237624
98 53 0.148514851485149
98 52 0.118811881188119
98 51 0.138613861386139
98 50 0.123762376237624
98 49 0.128712871287129
98 48 0.118811881188119
98 47 0.128712871287129
98 46 0.133663366336634
98 45 0.118811881188119
98 44 0.123762376237624
98 43 0.138613861386139
98 42 0.123762376237624
98 41 0.123762376237624
98 40 0.128712871287129
98 39 0.133663366336634
98 38 0.133663366336634
98 37 0.128712871287129
98 36 0.123762376237624
98 35 0.138613861386139
98 34 0.133663366336634
98 33 0.118811881188119
98 32 0.138613861386139
98 31 0.138613861386139
98 30 0.133663366336634
98 29 0.128712871287129
98 28 0.128712871287129
98 27 0.113861386138614
98 26 0.113861386138614
98 25 0.123762376237624
98 24 0.123762376237624
98 23 0.123762376237624
98 22 0.118811881188119
98 21 0.123762376237624
98 20 0.123762376237624
98 19 0.123762376237624
98 18 0.138613861386139
98 17 0.138613861386139
98 16 0.148514851485149
98 15 0.158415841584158
98 14 0.118811881188119
98 13 0.128712871287129
98 12 0.128712871287129
98 11 0.153465346534653
98 10 0.148514851485149
98 9 0.148514851485149
98 8 0.178217821782178
98 7 0.178217821782178
98 6 0.168316831683168
98 5 0.148514851485149
98 4 0.207920792079208
98 3 0.153465346534653
98 2 0.198019801980198
98 1 0.217821782178218
