81 177555 0.232673267326733
81 17756 0.212871287128713
81 1776 0.173267326732673
81 200 0.103960396039604
81 199 0.113861386138614
81 198 0.103960396039604
81 197 0.113861386138614
81 196 0.108910891089109
81 195 0.103960396039604
81 194 0.099009900990099
81 193 0.103960396039604
81 192 0.103960396039604
81 191 0.108910891089109
81 190 0.099009900990099
81 189 0.103960396039604
81 188 0.099009900990099
81 187 0.108910891089109
81 186 0.103960396039604
81 185 0.113861386138614
81 184 0.103960396039604
81 183 0.113861386138614
81 182 0.113861386138614
81 181 0.103960396039604
81 180 0.113861386138614
81 179 0.118811881188119
81 178 0.103960396039604
81 177 0.103960396039604
81 176 0.118811881188119
81 175 0.113861386138614
81 174 0.108910891089109
81 173 0.118811881188119
81 172 0.118811881188119
81 171 0.118811881188119
81 170 0.113861386138614
81 169 0.108910891089109
81 168 0.113861386138614
81 167 0.108910891089109
81 166 0.118811881188119
81 165 0.099009900990099
81 164 0.113861386138614
81 163 0.108910891089109
81 162 0.099009900990099
81 161 0.103960396039604
81 160 0.108910891089109
81 159 0.108910891089109
81 158 0.108910891089109
81 157 0.103960396039604
81 156 0.113861386138614
81 155 0.103960396039604
81 154 0.108910891089109
81 153 0.113861386138614
81 152 0.108910891089109
81 151 0.108910891089109
81 150 0.0940594059405941
81 149 0.099009900990099
81 148 0.0940594059405941
81 147 0.108910891089109
81 146 0.103960396039604
81 145 0.099009900990099
81 144 0.108910891089109
81 143 0.108910891089109
81 142 0.103960396039604
81 141 0.099009900990099
81 140 0.103960396039604
81 139 0.099009900990099
81 138 0.108910891089109
81 137 0.0891089108910891
81 136 0.0940594059405941
81 135 0.0940594059405941
81 134 0.099009900990099
81 133 0.099009900990099
81 132 0.103960396039604
81 131 0.108910891089109
81 130 0.099009900990099
81 129 0.108910891089109
81 128 0.099009900990099
81 127 0.108910891089109
81 126 0.103960396039604
81 125 0.103960396039604
81 124 0.099009900990099
81 123 0.0891089108910891
81 122 0.0940594059405941
81 121 0.103960396039604
81 120 0.103960396039604
81 119 0.103960396039604
81 118 0.108910891089109
81 117 0.099009900990099
81 116 0.0940594059405941
81 115 0.0940594059405941
81 114 0.0891089108910891
81 113 0.0891089108910891
81 112 0.099009900990099
81 111 0.0940594059405941
81 110 0.0940594059405941
81 109 0.0940594059405941
81 108 0.0940594059405941
81 107 0.0940594059405941
81 106 0.0940594059405941
81 105 0.0891089108910891
81 104 0.0940594059405941
81 103 0.0940594059405941
81 102 0.0940594059405941
81 101 0.0792079207920792
81 100 0.0891089108910891
81 99 0.0891089108910891
81 98 0.0891089108910891
81 97 0.0792079207920792
81 96 0.099009900990099
81 95 0.0841584158415842
81 94 0.103960396039604
81 93 0.0891089108910891
81 92 0.0841584158415842
81 91 0.0792079207920792
81 90 0.0841584158415842
81 89 0.099009900990099
81 88 0.0891089108910891
81 87 0.0940594059405941
81 86 0.0742574257425743
81 85 0.0841584158415842
81 84 0.0841584158415842
81 83 0.0792079207920792
81 82 0.0792079207920792
81 81 0.0891089108910891
81 80 0.0742574257425743
81 79 0.0841584158415842
81 78 0.0742574257425743
81 77 0.0792079207920792
81 76 0.099009900990099
81 75 0.0891089108910891
81 74 0.099009900990099
81 73 0.0940594059405941
81 72 0.103960396039604
81 71 0.103960396039604
81 70 0.0841584158415842
81 69 0.103960396039604
81 68 0.099009900990099
81 67 0.103960396039604
81 66 0.099009900990099
81 65 0.103960396039604
81 64 0.0940594059405941
81 63 0.0841584158415842
81 62 0.099009900990099
81 61 0.099009900990099
81 60 0.0940594059405941
81 59 0.103960396039604
81 58 0.0841584158415842
81 57 0.0940594059405941
81 56 0.0891089108910891
81 55 0.0940594059405941
81 54 0.0792079207920792
81 53 0.099009900990099
81 52 0.0940594059405941
81 51 0.099009900990099
81 50 0.0940594059405941
81 49 0.103960396039604
81 48 0.0841584158415842
81 47 0.0891089108910891
81 46 0.103960396039604
81 45 0.0841584158415842
81 44 0.103960396039604
81 43 0.0940594059405941
81 42 0.0891089108910891
81 41 0.0891089108910891
81 40 0.0742574257425743
81 39 0.0742574257425743
81 38 0.0693069306930693
81 37 0.0792079207920792
81 36 0.0792079207920792
81 35 0.0792079207920792
81 34 0.0841584158415842
81 33 0.0792079207920792
81 32 0.0891089108910891
81 31 0.099009900990099
81 30 0.0891089108910891
81 29 0.0841584158415842
81 28 0.0940594059405941
81 27 0.0940594059405941
81 26 0.123762376237624
81 25 0.103960396039604
81 24 0.113861386138614
81 23 0.118811881188119
81 22 0.113861386138614
81 21 0.103960396039604
81 20 0.103960396039604
81 19 0.103960396039604
81 18 0.103960396039604
81 17 0.123762376237624
81 16 0.133663366336634
81 15 0.133663366336634
81 14 0.133663366336634
81 13 0.123762376237624
81 12 0.143564356435644
81 11 0.153465346534653
81 10 0.123762376237624
81 9 0.143564356435644
81 8 0.133663366336634
81 7 0.133663366336634
81 6 0.133663366336634
81 5 0.153465346534653
81 4 0.128712871287129
81 3 0.143564356435644
81 2 0.217821782178218
81 1 0.242574257425743
