1 27 1 -0.194167456718409 0.50733933427788
1 8 1 -0.3450559654413 0.482785981688155
1 28 1 0.100847808739355 0.467818037166478
1 69 1 0.052155136844459 0.431452807243756
1 3 0 -0.124918616495819 0.472214357839626
1 63 1 -0.372626890052122 0.538089393888618
1 62 1 0.175399744785899 0.45087039754314
1 6 1 0.136591851198964 0.44313000977256
1 67 1 -0.00985394947776294 0.370333977484748
1 70 0 -0.0876593240044765 0.473092462868539
1 65 1 0.13926323034985 0.505378160362491
1 71 1 -0.0133111799505396 0.452275313919851
1 66 1 0.100043165018948 0.431198823701006
1 10 0 0.182712791661519 0.511657601626053
1 73 0 -0.195196185986393 0.45492018982397
1 60 1 -0.143338200001453 0.467378986118149
1 64 1 0.204688253542919 0.45005014539539
1 7 1 0.215573498070539 0.464683634410718
1 68 1 0.162244390838118 0.490441491524662
1 74 0 -0.215813546648446 0.452863163453266
1 9 0 -0.216231872651899 0.46336163934171
1 79 1 0.181781743479454 0.472617646907691
1 75 0 -0.0756006165267152 0.45891580880712
1 76 1 0.120576189766927 0.404403366853746
1 90 1 0.014836458354612 0.460078988583207
1 37 1 0.130546977771247 0.521160130231837
1 32 1 0.117286312867155 0.527565615219186
1 52 0 0.123572149686597 0.471779432158071
1 88 1 0.139241804708504 0.427928923993543
1 30 1 0.163003272211638 0.500564225674032
1 53 1 -0.0850197593915426 0.499398349205418
1 51 1 -0.19721923959567 0.530172755442128
1 36 1 0.194974570512144 0.478870811443964
1 29 1 0.145969820585281 0.480621198620401
1 31 0 0.17885931467329 0.485069769024463
1 48 1 -0.0955898819598107 0.464681170731644
1 50 0 -0.0918399299699347 0.374426333563004
1 4 0 0.0700924472125405 0.460978837796312
1 1 0 -0.0295108670880787 0.459426834456796
1 33 0 -0.276929527518718 0.471400162338036
1 25 1 0.155365466906869 0.520701600637391
1 61 1 0.181411536974355 0.421568044097094
1 34 1 0.123849646995963 0.457255924853677
1 35 1 0.141177175475333 0.458205798387945
1 47 1 0.0246455300608681 0.51751918119855
1 23 0 0.0550276319438926 0.483610599847121
1 38 1 -0.0355455825652554 0.552367461111573
1 49 1 -0.267861807496324 0.411532465745638
1 59 1 0.192777250472134 0.484105407724923
1 24 1 -0.232341810083462 0.509539405590194
1 57 1 -0.0457614329002964 0.475770555196785
1 22 1 -0.00463644892602163 0.377668043422594
1 42 1 0.223274604936345 0.532495168897871
1 20 1 0.129202302665972 0.451540183102436
1 54 1 0.0684056805856374 0.497285512031054
1 55 1 0.130260185020643 0.517282251103089
1 26 1 0.157824163555069 0.498750726031281
1 56 1 0.102353160454713 0.447251557632949
1 78 0 0.112746319394156 0.500044995625183
1 17 1 0.0856929921141672 0.46131750155472
1 45 1 0.196845436449889 0.493644621898282
1 13 1 -0.0552707641006031 0.450926339797434
1 21 1 0.0167416957951025 0.441293237440963
1 41 0 -0.298186237814128 0.457871092879832
1 15 1 -0.0983185107110823 0.385721865752462
1 12 1 -0.246391417171264 0.473392003124056
1 72 0 -0.0864461536083345 0.422230288170538
1 39 0 0.0750057541835256 0.486391112691743
1 11 0 -0.339619538982819 0.390954896203437
1 40 1 0.165892418112245 0.444442357641363
1 43 1 -0.195355511262943 0.444512286959162
1 19 0 -0.278014389701837 0.423338708141719
1 86 1 -0.173471736626809 0.525705289903408
1 77 1 0.106059531952898 0.41797259052124
1 44 1 0.0886234906419328 0.449098726916767
1 5 1 0.113580804491792 0.444579308828301
1 14 1 0.131269595922059 0.431949947726248
1 58 1 0.0963865255797968 0.36584554097612
1 18 1 0.0949736575965371 0.379192532553272
1 46 1 0.052341093602272 0.462976687044707
1 97 1 0.0624402701002415 0.462075112369848
1 81 1 0.106049036558767 0.449878526477586
1 82 1 0.052761424603599 0.486944322117602
1 80 1 0.123356269220963 0.423684802106401
1 16 1 0.077308919399997 0.384615704559244
1 84 1 0.0665533933379608 0.468462381787064
1 83 1 -0.171290905708212 0.388297007074588
1 2 1 0.087801816626398 0.466844364996676
1 100 1 -0.312630666163798 0.463445453584688
1 85 0 -0.0582563202327951 0.461833265195883
1 87 0 -0.133731820160981 0.499059150320354
1 89 1 0.103985124432881 0.425090475966728
1 93 1 0.154149435201166 0.501992860882963
1 91 1 0.155390596088644 0.508482016210415
1 92 1 0.130580815114178 0.47038495883026
1 109 1 0.120379584611684 0.510767608168117
1 95 0 -0.332985236647516 0.486824485124287
1 96 0 -0.0887375093817497 0.499428057539107
1 115 1 -0.0687641110263391 0.456896028109553
1 106 0 -0.172261005413477 0.457269628236475
1 111 1 0.0247529766656643 0.488926648469856
1 119 1 -0.0733366933348142 0.483895529353016
1 110 1 0.0512053122331391 0.445683217289419
1 118 1 -0.0224789645489292 0.475853644719048
1 98 1 0.115971626910354 0.533328769376849
1 112 1 0.014580505360161 0.460304527481199
1 125 0 -0.291075396746784 0.380691638825247
1 113 1 -0.365430726257006 0.48534739493692
1 116 1 0.0164559613117949 0.46609904164027
1 122 1 0.107217112867997 0.459563338143514
1 121 1 0.066337122545043 0.447467683277331
1 120 0 -0.328836168344204 0.419864280078345
1 114 1 -0.0112732092800269 0.431563627488843
1 117 1 0.0814976119078884 0.4497413184412
1 130 1 0.0117179968860175 0.479798695221775
1 124 0 0.0915967574787005 0.527711453674939
1 131 0 -0.207653662458277 0.478092236696868
1 126 1 -0.0556584720736395 0.454148855716311
1 127 0 0.0985057940750947 0.536186297866141
1 123 1 0.0200652628798387 0.470878162609829
1 129 0 0.020463033318375 0.480103824911801
1 128 1 0.0990437036323754 0.33441985357684
1 99 1 0.0807960563735778 0.483285089809368
1 135 1 0.172671649956028 0.472769636872189
1 134 0 0.0996024970971188 0.486623484580766
1 107 1 0.0307216182056366 0.528319012765856
1 104 1 -0.0373309487361818 0.49420505807556
1 139 1 -0.06550614752122 0.395390856090368
1 105 1 -0.141792091256937 0.500934555736506
1 108 1 -0.100385690488684 0.470181945592878
1 103 1 0.064539313550684 0.422602374923313
1 199 1 0.143231905963226 0.419464366075308
1 102 1 0.019663911158351 0.423049794172072
1 189 1 0.0570806894328344 0.46032720053556
1 138 1 0.168183384059902 0.469873609056563
1 137 1 0.0589845664155184 0.467366147085294
1 191 1 -0.109997298003525 0.468705566706395
1 132 1 0.0989167002869307 0.405240744458623
1 140 1 0.1502738804365 0.502903647576816
1 142 1 -0.121694175453337 0.475155970728189
1 133 1 0.0655214823603058 0.481965735428521
1 203 1 0.0496025943680629 0.50639026394236
1 141 1 -0.047899565535843 0.410382678638577
1 146 0 0.0167955641071518 0.495070659143163
1 147 1 -0.234019248967388 0.470255230112835
1 144 0 0.120911821574152 0.449814546418037
1 136 1 0.0475422128748003 0.448015801633087
1 150 1 0.0505883853650782 0.452418188310983
1 148 1 0.087959379643617 0.432298866744192
1 154 1 0.132360181360231 0.496142610565777
1 152 0 -0.346541360412497 0.489347915295002
1 157 1 -0.178378727575925 0.477946362697267
1 143 0 -0.11890226467329 0.384518309488374
1 145 0 0.0888695082085465 0.520043543122664
1 149 1 0.00583763609661091 0.435100862458273
1 151 0 0.165821729540578 0.52460140657534
1 183 1 0.00752796307249415 0.451231580541405
1 94 1 0.0510950952188567 0.480898099091567
1 159 1 0.153847725851564 0.501763507193313
1 156 0 -0.302264773010291 0.446355628315884
1 164 1 -0.0917036682685351 0.498543984370017
1 160 1 0.0872189534741273 0.458865667119866
1 167 1 -0.0548927316125422 0.506927421396802
1 165 1 -0.0783810362689207 0.470429754557502
1 166 1 -0.0757356179311521 0.44828595858527
1 155 1 0.015328988719703 0.307583250799124
1 168 1 0.207948658542472 0.43855005457799
1 163 0 -0.0126608100733544 0.37226996988047
1 162 0 0.00957784607826953 0.464747993453188
1 188 0 -0.228731788453428 0.492349401937364
1 171 1 0.0143420256366701 0.494534517330706
1 161 1 0.107705037799783 0.485802804880255
1 175 1 0.156105477649412 0.469678124672252
1 158 1 0.0129917429992572 0.443430189025352
1 193 0 -0.118756096539127 0.523218643742018
1 172 1 0.116207165800837 0.475212628437586
1 169 1 -0.0296359728403168 0.431554960930655
1 170 1 -0.0619658787177257 0.469409783293998
1 174 1 0.0480701025199257 0.448020225811868
1 173 1 0.0453822869142554 0.450135414539879
1 179 0 0.00415758552856149 0.47894264969529
1 186 1 0.0181096519084726 0.497492695375292
1 182 1 -0.344896585627868 0.486822704162483
1 187 1 -0.122403072128266 0.505351921013672
1 184 1 0.101332227098738 0.48219231938792
1 177 0 0.0497189046801419 0.392710393643421
1 176 1 0.153847137391741 0.449936701675723
1 181 0 0.00748233804278699 0.436928679403209
1 195 0 -0.0263311229384464 0.524391774167028
1 185 1 0.0957500425816478 0.407407921170799
1 192 0 0.0178710565499928 0.447010833380851
1 194 1 0.0136903312539778 0.456379605188517
1 190 1 -0.0623273586306754 0.48754629306631
1 196 1 0.115406578013125 0.455785472110357
1 198 1 -0.184254868919831 0.488249915552643
1 202 1 -0.0441849016512673 0.478641090607574
1 197 0 -0.144269103365158 0.425835593286529
1 201 1 -0.0535864483103844 0.487424556061814
1 200 1 -0.0339269817963179 0.409503674674241
1 101 1 -0.124424601685676 0.425678872782321
1 180 1 0.0623068512872581 0.377422225148112
1 178 1 -0.230070808406241 0.42499568367989
1 153 1 0.0746815188285473 0.389842773751879
