28 177555 0.272277227722772
28 17756 0.198019801980198
28 1776 0.163366336633663
28 200 0.118811881188119
28 199 0.113861386138614
28 198 0.113861386138614
28 197 0.113861386138614
28 196 0.108910891089109
28 195 0.118811881188119
28 194 0.118811881188119
28 193 0.113861386138614
28 192 0.108910891089109
28 191 0.113861386138614
28 190 0.118811881188119
28 189 0.113861386138614
28 188 0.118811881188119
28 187 0.113861386138614
28 186 0.108910891089109
28 185 0.118811881188119
28 184 0.108910891089109
28 183 0.118811881188119
28 182 0.118811881188119
28 181 0.108910891089109
28 180 0.113861386138614
28 179 0.123762376237624
28 178 0.123762376237624
28 177 0.108910891089109
28 176 0.113861386138614
28 175 0.118811881188119
28 174 0.108910891089109
28 173 0.108910891089109
28 172 0.108910891089109
28 171 0.103960396039604
28 170 0.108910891089109
28 169 0.108910891089109
28 168 0.108910891089109
28 167 0.113861386138614
28 166 0.113861386138614
28 165 0.103960396039604
28 164 0.099009900990099
28 163 0.103960396039604
28 162 0.113861386138614
28 161 0.103960396039604
28 160 0.108910891089109
28 159 0.103960396039604
28 158 0.108910891089109
28 157 0.108910891089109
28 156 0.118811881188119
28 155 0.108910891089109
28 154 0.108910891089109
28 153 0.103960396039604
28 152 0.099009900990099
28 151 0.113861386138614
28 150 0.103960396039604
28 149 0.103960396039604
28 148 0.108910891089109
28 147 0.099009900990099
28 146 0.099009900990099
28 145 0.113861386138614
28 144 0.103960396039604
28 143 0.103960396039604
28 142 0.103960396039604
28 141 0.103960396039604
28 140 0.113861386138614
28 139 0.113861386138614
28 138 0.103960396039604
28 137 0.113861386138614
28 136 0.118811881188119
28 135 0.113861386138614
28 134 0.123762376237624
28 133 0.108910891089109
28 132 0.108910891089109
28 131 0.113861386138614
28 130 0.108910891089109
28 129 0.118811881188119
28 128 0.113861386138614
28 127 0.113861386138614
28 126 0.108910891089109
28 125 0.118811881188119
28 124 0.118811881188119
28 123 0.113861386138614
28 122 0.113861386138614
28 121 0.108910891089109
28 120 0.108910891089109
28 119 0.118811881188119
28 118 0.113861386138614
28 117 0.103960396039604
28 116 0.103960396039604
28 115 0.103960396039604
28 114 0.103960396039604
28 113 0.0940594059405941
28 112 0.103960396039604
28 111 0.103960396039604
28 110 0.099009900990099
28 109 0.113861386138614
28 108 0.108910891089109
28 107 0.108910891089109
28 106 0.103960396039604
28 105 0.103960396039604
28 104 0.103960396039604
28 103 0.108910891089109
28 102 0.103960396039604
28 101 0.103960396039604
28 100 0.108910891089109
28 99 0.108910891089109
28 98 0.103960396039604
28 97 0.103960396039604
28 96 0.103960396039604
28 95 0.113861386138614
28 94 0.118811881188119
28 93 0.108910891089109
28 92 0.108910891089109
28 91 0.108910891089109
28 90 0.103960396039604
28 89 0.108910891089109
28 88 0.103960396039604
28 87 0.099009900990099
28 86 0.103960396039604
28 85 0.108910891089109
28 84 0.103960396039604
28 83 0.103960396039604
28 82 0.103960396039604
28 81 0.103960396039604
28 80 0.108910891089109
28 79 0.108910891089109
28 78 0.103960396039604
28 77 0.099009900990099
28 76 0.103960396039604
28 75 0.103960396039604
28 74 0.099009900990099
28 73 0.103960396039604
28 72 0.103960396039604
28 71 0.099009900990099
28 70 0.103960396039604
28 69 0.103960396039604
28 68 0.0940594059405941
28 67 0.099009900990099
28 66 0.118811881188119
28 65 0.0940594059405941
28 64 0.0940594059405941
28 63 0.0940594059405941
28 62 0.108910891089109
28 61 0.103960396039604
28 60 0.099009900990099
28 59 0.108910891089109
28 58 0.0940594059405941
28 57 0.099009900990099
28 56 0.103960396039604
28 55 0.103960396039604
28 54 0.0891089108910891
28 53 0.0891089108910891
28 52 0.0891089108910891
28 51 0.099009900990099
28 50 0.0891089108910891
28 49 0.099009900990099
28 48 0.103960396039604
28 47 0.099009900990099
28 46 0.103960396039604
28 45 0.099009900990099
28 44 0.0940594059405941
28 43 0.099009900990099
28 42 0.108910891089109
28 41 0.118811881188119
28 40 0.099009900990099
28 39 0.099009900990099
28 38 0.099009900990099
28 37 0.099009900990099
28 36 0.0940594059405941
28 35 0.099009900990099
28 34 0.099009900990099
28 33 0.0891089108910891
28 32 0.099009900990099
28 31 0.0940594059405941
28 30 0.103960396039604
28 29 0.103960396039604
28 28 0.099009900990099
28 27 0.108910891089109
28 26 0.113861386138614
28 25 0.108910891089109
28 24 0.103960396039604
28 23 0.103960396039604
28 22 0.103960396039604
28 21 0.118811881188119
28 20 0.0940594059405941
28 19 0.0940594059405941
28 18 0.108910891089109
28 17 0.103960396039604
28 16 0.128712871287129
28 15 0.113861386138614
28 14 0.108910891089109
28 13 0.113861386138614
28 12 0.0940594059405941
28 11 0.138613861386139
28 10 0.153465346534653
28 9 0.113861386138614
28 8 0.108910891089109
28 7 0.133663366336634
28 6 0.173267326732673
28 5 0.158415841584158
28 4 0.173267326732673
28 3 0.202970297029703
28 2 0.262376237623762
28 1 0.212871287128713
