196 177555 0.247524752475248
196 17756 0.217821782178218
196 1776 0.178217821782178
196 200 0.113861386138614
196 199 0.123762376237624
196 198 0.113861386138614
196 197 0.118811881188119
196 196 0.118811881188119
196 195 0.118811881188119
196 194 0.123762376237624
196 193 0.118811881188119
196 192 0.103960396039604
196 191 0.118811881188119
196 190 0.133663366336634
196 189 0.118811881188119
196 188 0.123762376237624
196 187 0.118811881188119
196 186 0.133663366336634
196 185 0.128712871287129
196 184 0.113861386138614
196 183 0.123762376237624
196 182 0.123762376237624
196 181 0.128712871287129
196 180 0.128712871287129
196 179 0.128712871287129
196 178 0.118811881188119
196 177 0.108910891089109
196 176 0.113861386138614
196 175 0.113861386138614
196 174 0.108910891089109
196 173 0.108910891089109
196 172 0.113861386138614
196 171 0.123762376237624
196 170 0.123762376237624
196 169 0.103960396039604
196 168 0.113861386138614
196 167 0.123762376237624
196 166 0.118811881188119
196 165 0.113861386138614
196 164 0.103960396039604
196 163 0.0940594059405941
196 162 0.103960396039604
196 161 0.099009900990099
196 160 0.113861386138614
196 159 0.108910891089109
196 158 0.108910891089109
196 157 0.113861386138614
196 156 0.099009900990099
196 155 0.108910891089109
196 154 0.108910891089109
196 153 0.103960396039604
196 152 0.103960396039604
196 151 0.099009900990099
196 150 0.103960396039604
196 149 0.0940594059405941
196 148 0.113861386138614
196 147 0.099009900990099
196 146 0.113861386138614
196 145 0.113861386138614
196 144 0.099009900990099
196 143 0.099009900990099
196 142 0.099009900990099
196 141 0.108910891089109
196 140 0.0940594059405941
196 139 0.108910891089109
196 138 0.099009900990099
196 137 0.103960396039604
196 136 0.099009900990099
196 135 0.103960396039604
196 134 0.103960396039604
196 133 0.0891089108910891
196 132 0.108910891089109
196 131 0.099009900990099
196 130 0.108910891089109
196 129 0.099009900990099
196 128 0.108910891089109
196 127 0.103960396039604
196 126 0.099009900990099
196 125 0.113861386138614
196 124 0.099009900990099
196 123 0.0940594059405941
196 122 0.0891089108910891
196 121 0.0940594059405941
196 120 0.0940594059405941
196 119 0.113861386138614
196 118 0.0841584158415842
196 117 0.0891089108910891
196 116 0.0940594059405941
196 115 0.0940594059405941
196 114 0.103960396039604
196 113 0.108910891089109
196 112 0.113861386138614
196 111 0.0891089108910891
196 110 0.0841584158415842
196 109 0.099009900990099
196 108 0.0891089108910891
196 107 0.0891089108910891
196 106 0.113861386138614
196 105 0.099009900990099
196 104 0.0940594059405941
196 103 0.099009900990099
196 102 0.099009900990099
196 101 0.0940594059405941
196 100 0.103960396039604
196 99 0.0891089108910891
196 98 0.0940594059405941
196 97 0.0841584158415842
196 96 0.099009900990099
196 95 0.0891089108910891
196 94 0.099009900990099
196 93 0.0792079207920792
196 92 0.0841584158415842
196 91 0.0841584158415842
196 90 0.0891089108910891
196 89 0.0792079207920792
196 88 0.0792079207920792
196 87 0.0891089108910891
196 86 0.0742574257425743
196 85 0.0792079207920792
196 84 0.0693069306930693
196 83 0.0742574257425743
196 82 0.0693069306930693
196 81 0.0693069306930693
196 80 0.0693069306930693
196 79 0.0841584158415842
196 78 0.0693069306930693
196 77 0.0693069306930693
196 76 0.0693069306930693
196 75 0.0693069306930693
196 74 0.099009900990099
196 73 0.0792079207920792
196 72 0.0792079207920792
196 71 0.0841584158415842
196 70 0.0891089108910891
196 69 0.0841584158415842
196 68 0.0841584158415842
196 67 0.0792079207920792
196 66 0.0891089108910891
196 65 0.0792079207920792
196 64 0.0841584158415842
196 63 0.0792079207920792
196 62 0.0891089108910891
196 61 0.0792079207920792
196 60 0.0891089108910891
196 59 0.0792079207920792
196 58 0.0841584158415842
196 57 0.0792079207920792
196 56 0.0841584158415842
196 55 0.0792079207920792
196 54 0.0891089108910891
196 53 0.0792079207920792
196 52 0.0792079207920792
196 51 0.0891089108910891
196 50 0.0841584158415842
196 49 0.0742574257425743
196 48 0.0742574257425743
196 47 0.0792079207920792
196 46 0.0841584158415842
196 45 0.0841584158415842
196 44 0.0742574257425743
196 43 0.0841584158415842
196 42 0.0792079207920792
196 41 0.0742574257425743
196 40 0.0792079207920792
196 39 0.0693069306930693
196 38 0.0792079207920792
196 37 0.0693069306930693
196 36 0.0792079207920792
196 35 0.0742574257425743
196 34 0.0792079207920792
196 33 0.0792079207920792
196 32 0.0792079207920792
196 31 0.0841584158415842
196 30 0.0792079207920792
196 29 0.0891089108910891
196 28 0.0643564356435644
196 27 0.0891089108910891
196 26 0.0891089108910891
196 25 0.0940594059405941
196 24 0.0792079207920792
196 23 0.0792079207920792
196 22 0.0841584158415842
196 21 0.0841584158415842
196 20 0.0940594059405941
196 19 0.0940594059405941
196 18 0.0940594059405941
196 17 0.099009900990099
196 16 0.103960396039604
196 15 0.103960396039604
196 14 0.128712871287129
196 13 0.113861386138614
196 12 0.123762376237624
196 11 0.138613861386139
196 10 0.123762376237624
196 9 0.158415841584158
196 8 0.158415841584158
196 7 0.168316831683168
196 6 0.202970297029703
196 5 0.212871287128713
196 4 0.188118811881188
196 3 0.207920792079208
196 2 0.183168316831683
196 1 0.247524752475248
