105 177555 0.242574257425743
105 17756 0.202970297029703
105 1776 0.173267326732673
105 200 0.133663366336634
105 199 0.118811881188119
105 198 0.123762376237624
105 197 0.123762376237624
105 196 0.133663366336634
105 195 0.128712871287129
105 194 0.128712871287129
105 193 0.133663366336634
105 192 0.118811881188119
105 191 0.128712871287129
105 190 0.128712871287129
105 189 0.118811881188119
105 188 0.128712871287129
105 187 0.113861386138614
105 186 0.123762376237624
105 185 0.143564356435644
105 184 0.123762376237624
105 183 0.128712871287129
105 182 0.128712871287129
105 181 0.123762376237624
105 180 0.133663366336634
105 179 0.128712871287129
105 178 0.133663366336634
105 177 0.123762376237624
105 176 0.123762376237624
105 175 0.143564356435644
105 174 0.123762376237624
105 173 0.118811881188119
105 172 0.133663366336634
105 171 0.128712871287129
105 170 0.128712871287129
105 169 0.128712871287129
105 168 0.128712871287129
105 167 0.133663366336634
105 166 0.133663366336634
105 165 0.133663366336634
105 164 0.133663366336634
105 163 0.118811881188119
105 162 0.123762376237624
105 161 0.123762376237624
105 160 0.123762376237624
105 159 0.123762376237624
105 158 0.118811881188119
105 157 0.118811881188119
105 156 0.133663366336634
105 155 0.128712871287129
105 154 0.128712871287129
105 153 0.118811881188119
105 152 0.128712871287129
105 151 0.128712871287129
105 150 0.118811881188119
105 149 0.128712871287129
105 148 0.113861386138614
105 147 0.128712871287129
105 146 0.108910891089109
105 145 0.113861386138614
105 144 0.118811881188119
105 143 0.123762376237624
105 142 0.118811881188119
105 141 0.118811881188119
105 140 0.118811881188119
105 139 0.133663366336634
105 138 0.113861386138614
105 137 0.113861386138614
105 136 0.123762376237624
105 135 0.123762376237624
105 134 0.108910891089109
105 133 0.123762376237624
105 132 0.113861386138614
105 131 0.123762376237624
105 130 0.108910891089109
105 129 0.103960396039604
105 128 0.108910891089109
105 127 0.113861386138614
105 126 0.118811881188119
105 125 0.113861386138614
105 124 0.123762376237624
105 123 0.118811881188119
105 122 0.113861386138614
105 121 0.128712871287129
105 120 0.118811881188119
105 119 0.118811881188119
105 118 0.118811881188119
105 117 0.118811881188119
105 116 0.113861386138614
105 115 0.123762376237624
105 114 0.123762376237624
105 113 0.123762376237624
105 112 0.118811881188119
105 111 0.133663366336634
105 110 0.118811881188119
105 109 0.118811881188119
105 108 0.118811881188119
105 107 0.123762376237624
105 106 0.123762376237624
105 105 0.123762376237624
105 104 0.128712871287129
105 103 0.118811881188119
105 102 0.118811881188119
105 101 0.123762376237624
105 100 0.113861386138614
105 99 0.108910891089109
105 98 0.128712871287129
105 97 0.118811881188119
105 96 0.113861386138614
105 95 0.123762376237624
105 94 0.118811881188119
105 93 0.118811881188119
105 92 0.123762376237624
105 91 0.108910891089109
105 90 0.123762376237624
105 89 0.113861386138614
105 88 0.113861386138614
105 87 0.103960396039604
105 86 0.108910891089109
105 85 0.123762376237624
105 84 0.108910891089109
105 83 0.113861386138614
105 82 0.113861386138614
105 81 0.123762376237624
105 80 0.108910891089109
105 79 0.108910891089109
105 78 0.118811881188119
105 77 0.103960396039604
105 76 0.113861386138614
105 75 0.113861386138614
105 74 0.113861386138614
105 73 0.108910891089109
105 72 0.108910891089109
105 71 0.108910891089109
105 70 0.123762376237624
105 69 0.118811881188119
105 68 0.118811881188119
105 67 0.108910891089109
105 66 0.113861386138614
105 65 0.118811881188119
105 64 0.123762376237624
105 63 0.118811881188119
105 62 0.113861386138614
105 61 0.108910891089109
105 60 0.108910891089109
105 59 0.108910891089109
105 58 0.123762376237624
105 57 0.113861386138614
105 56 0.123762376237624
105 55 0.103960396039604
105 54 0.108910891089109
105 53 0.099009900990099
105 52 0.113861386138614
105 51 0.103960396039604
105 50 0.099009900990099
105 49 0.099009900990099
105 48 0.108910891089109
105 47 0.123762376237624
105 46 0.113861386138614
105 45 0.108910891089109
105 44 0.113861386138614
105 43 0.103960396039604
105 42 0.108910891089109
105 41 0.113861386138614
105 40 0.113861386138614
105 39 0.113861386138614
105 38 0.108910891089109
105 37 0.118811881188119
105 36 0.108910891089109
105 35 0.0940594059405941
105 34 0.113861386138614
105 33 0.099009900990099
105 32 0.099009900990099
105 31 0.128712871287129
105 30 0.118811881188119
105 29 0.108910891089109
105 28 0.118811881188119
105 27 0.108910891089109
105 26 0.113861386138614
105 25 0.128712871287129
105 24 0.113861386138614
105 23 0.113861386138614
105 22 0.118811881188119
105 21 0.128712871287129
105 20 0.118811881188119
105 19 0.108910891089109
105 18 0.108910891089109
105 17 0.138613861386139
105 16 0.123762376237624
105 15 0.138613861386139
105 14 0.138613861386139
105 13 0.138613861386139
105 12 0.148514851485149
105 11 0.143564356435644
105 10 0.148514851485149
105 9 0.143564356435644
105 8 0.148514851485149
105 7 0.168316831683168
105 6 0.163366336633663
105 5 0.178217821782178
105 4 0.178217821782178
105 3 0.138613861386139
105 2 0.207920792079208
105 1 0.222772277227723
