24 177555 0.257425742574257
24 17756 0.198019801980198
24 1776 0.168316831683168
24 200 0.138613861386139
24 199 0.138613861386139
24 198 0.138613861386139
24 197 0.143564356435644
24 196 0.133663366336634
24 195 0.123762376237624
24 194 0.133663366336634
24 193 0.133663366336634
24 192 0.123762376237624
24 191 0.128712871287129
24 190 0.128712871287129
24 189 0.128712871287129
24 188 0.128712871287129
24 187 0.138613861386139
24 186 0.133663366336634
24 185 0.128712871287129
24 184 0.133663366336634
24 183 0.138613861386139
24 182 0.133663366336634
24 181 0.133663366336634
24 180 0.138613861386139
24 179 0.138613861386139
24 178 0.133663366336634
24 177 0.143564356435644
24 176 0.133663366336634
24 175 0.138613861386139
24 174 0.128712871287129
24 173 0.133663366336634
24 172 0.133663366336634
24 171 0.133663366336634
24 170 0.123762376237624
24 169 0.133663366336634
24 168 0.128712871287129
24 167 0.118811881188119
24 166 0.128712871287129
24 165 0.128712871287129
24 164 0.123762376237624
24 163 0.128712871287129
24 162 0.128712871287129
24 161 0.133663366336634
24 160 0.133663366336634
24 159 0.123762376237624
24 158 0.128712871287129
24 157 0.118811881188119
24 156 0.128712871287129
24 155 0.138613861386139
24 154 0.133663366336634
24 153 0.133663366336634
24 152 0.123762376237624
24 151 0.128712871287129
24 150 0.128712871287129
24 149 0.138613861386139
24 148 0.133663366336634
24 147 0.128712871287129
24 146 0.123762376237624
24 145 0.123762376237624
24 144 0.123762376237624
24 143 0.123762376237624
24 142 0.128712871287129
24 141 0.123762376237624
24 140 0.123762376237624
24 139 0.113861386138614
24 138 0.123762376237624
24 137 0.113861386138614
24 136 0.128712871287129
24 135 0.113861386138614
24 134 0.108910891089109
24 133 0.123762376237624
24 132 0.118811881188119
24 131 0.113861386138614
24 130 0.123762376237624
24 129 0.118811881188119
24 128 0.123762376237624
24 127 0.113861386138614
24 126 0.118811881188119
24 125 0.113861386138614
24 124 0.118811881188119
24 123 0.118811881188119
24 122 0.118811881188119
24 121 0.118811881188119
24 120 0.118811881188119
24 119 0.123762376237624
24 118 0.108910891089109
24 117 0.118811881188119
24 116 0.118811881188119
24 115 0.118811881188119
24 114 0.123762376237624
24 113 0.123762376237624
24 112 0.108910891089109
24 111 0.103960396039604
24 110 0.118811881188119
24 109 0.118811881188119
24 108 0.113861386138614
24 107 0.108910891089109
24 106 0.118811881188119
24 105 0.113861386138614
24 104 0.113861386138614
24 103 0.113861386138614
24 102 0.099009900990099
24 101 0.113861386138614
24 100 0.108910891089109
24 99 0.103960396039604
24 98 0.118811881188119
24 97 0.108910891089109
24 96 0.128712871287129
24 95 0.103960396039604
24 94 0.099009900990099
24 93 0.118811881188119
24 92 0.099009900990099
24 91 0.113861386138614
24 90 0.123762376237624
24 89 0.103960396039604
24 88 0.113861386138614
24 87 0.113861386138614
24 86 0.103960396039604
24 85 0.108910891089109
24 84 0.118811881188119
24 83 0.113861386138614
24 82 0.108910891089109
24 81 0.113861386138614
24 80 0.118811881188119
24 79 0.108910891089109
24 78 0.103960396039604
24 77 0.108910891089109
24 76 0.113861386138614
24 75 0.099009900990099
24 74 0.108910891089109
24 73 0.103960396039604
24 72 0.103960396039604
24 71 0.108910891089109
24 70 0.113861386138614
24 69 0.118811881188119
24 68 0.108910891089109
24 67 0.113861386138614
24 66 0.113861386138614
24 65 0.103960396039604
24 64 0.113861386138614
24 63 0.099009900990099
24 62 0.099009900990099
24 61 0.113861386138614
24 60 0.103960396039604
24 59 0.103960396039604
24 58 0.099009900990099
24 57 0.108910891089109
24 56 0.103960396039604
24 55 0.118811881188119
24 54 0.099009900990099
24 53 0.103960396039604
24 52 0.0792079207920792
24 51 0.0891089108910891
24 50 0.0891089108910891
24 49 0.099009900990099
24 48 0.103960396039604
24 47 0.0841584158415842
24 46 0.0841584158415842
24 45 0.128712871287129
24 44 0.0792079207920792
24 43 0.0891089108910891
24 42 0.0940594059405941
24 41 0.103960396039604
24 40 0.0891089108910891
24 39 0.0940594059405941
24 38 0.099009900990099
24 37 0.0940594059405941
24 36 0.0891089108910891
24 35 0.103960396039604
24 34 0.0891089108910891
24 33 0.0940594059405941
24 32 0.099009900990099
24 31 0.0940594059405941
24 30 0.103960396039604
24 29 0.103960396039604
24 28 0.099009900990099
24 27 0.099009900990099
24 26 0.103960396039604
24 25 0.108910891089109
24 24 0.113861386138614
24 23 0.099009900990099
24 22 0.133663366336634
24 21 0.128712871287129
24 20 0.123762376237624
24 19 0.113861386138614
24 18 0.103960396039604
24 17 0.123762376237624
24 16 0.123762376237624
24 15 0.133663366336634
24 14 0.133663366336634
24 13 0.128712871287129
24 12 0.163366336633663
24 11 0.178217821782178
24 10 0.163366336633663
24 9 0.178217821782178
24 8 0.148514851485149
24 7 0.163366336633663
24 6 0.207920792079208
24 5 0.212871287128713
24 4 0.188118811881188
24 3 0.148514851485149
24 2 0.148514851485149
24 1 0.193069306930693
