109 177555 0.262376237623762
109 17756 0.202970297029703
109 1776 0.168316831683168
109 200 0.128712871287129
109 199 0.123762376237624
109 198 0.113861386138614
109 197 0.128712871287129
109 196 0.133663366336634
109 195 0.123762376237624
109 194 0.123762376237624
109 193 0.118811881188119
109 192 0.118811881188119
109 191 0.118811881188119
109 190 0.128712871287129
109 189 0.113861386138614
109 188 0.118811881188119
109 187 0.118811881188119
109 186 0.123762376237624
109 185 0.118811881188119
109 184 0.123762376237624
109 183 0.128712871287129
109 182 0.118811881188119
109 181 0.118811881188119
109 180 0.118811881188119
109 179 0.123762376237624
109 178 0.113861386138614
109 177 0.128712871287129
109 176 0.118811881188119
109 175 0.123762376237624
109 174 0.113861386138614
109 173 0.113861386138614
109 172 0.113861386138614
109 171 0.108910891089109
109 170 0.123762376237624
109 169 0.133663366336634
109 168 0.123762376237624
109 167 0.128712871287129
109 166 0.113861386138614
109 165 0.118811881188119
109 164 0.123762376237624
109 163 0.118811881188119
109 162 0.118811881188119
109 161 0.123762376237624
109 160 0.118811881188119
109 159 0.118811881188119
109 158 0.113861386138614
109 157 0.113861386138614
109 156 0.113861386138614
109 155 0.113861386138614
109 154 0.113861386138614
109 153 0.128712871287129
109 152 0.123762376237624
109 151 0.123762376237624
109 150 0.123762376237624
109 149 0.113861386138614
109 148 0.108910891089109
109 147 0.108910891089109
109 146 0.118811881188119
109 145 0.103960396039604
109 144 0.118811881188119
109 143 0.103960396039604
109 142 0.108910891089109
109 141 0.103960396039604
109 140 0.123762376237624
109 139 0.113861386138614
109 138 0.103960396039604
109 137 0.103960396039604
109 136 0.108910891089109
109 135 0.103960396039604
109 134 0.099009900990099
109 133 0.0940594059405941
109 132 0.099009900990099
109 131 0.0940594059405941
109 130 0.103960396039604
109 129 0.113861386138614
109 128 0.099009900990099
109 127 0.123762376237624
109 126 0.0940594059405941
109 125 0.108910891089109
109 124 0.099009900990099
109 123 0.108910891089109
109 122 0.103960396039604
109 121 0.108910891089109
109 120 0.128712871287129
109 119 0.099009900990099
109 118 0.108910891089109
109 117 0.099009900990099
109 116 0.103960396039604
109 115 0.103960396039604
109 114 0.099009900990099
109 113 0.103960396039604
109 112 0.099009900990099
109 111 0.0940594059405941
109 110 0.099009900990099
109 109 0.103960396039604
109 108 0.099009900990099
109 107 0.0940594059405941
109 106 0.099009900990099
109 105 0.099009900990099
109 104 0.0891089108910891
109 103 0.0940594059405941
109 102 0.0891089108910891
109 101 0.0940594059405941
109 100 0.0940594059405941
109 99 0.099009900990099
109 98 0.0891089108910891
109 97 0.0940594059405941
109 96 0.0891089108910891
109 95 0.0891089108910891
109 94 0.0841584158415842
109 93 0.0891089108910891
109 92 0.0891089108910891
109 91 0.099009900990099
109 90 0.0841584158415842
109 89 0.0841584158415842
109 88 0.103960396039604
109 87 0.0940594059405941
109 86 0.099009900990099
109 85 0.0940594059405941
109 84 0.0891089108910891
109 83 0.0891089108910891
109 82 0.099009900990099
109 81 0.0841584158415842
109 80 0.0891089108910891
109 79 0.0891089108910891
109 78 0.0792079207920792
109 77 0.0891089108910891
109 76 0.0891089108910891
109 75 0.0940594059405941
109 74 0.0940594059405941
109 73 0.099009900990099
109 72 0.0841584158415842
109 71 0.0891089108910891
109 70 0.0742574257425743
109 69 0.0940594059405941
109 68 0.0891089108910891
109 67 0.099009900990099
109 66 0.0940594059405941
109 65 0.0940594059405941
109 64 0.0940594059405941
109 63 0.0891089108910891
109 62 0.0841584158415842
109 61 0.0940594059405941
109 60 0.0891089108910891
109 59 0.0940594059405941
109 58 0.0940594059405941
109 57 0.103960396039604
109 56 0.0841584158415842
109 55 0.0792079207920792
109 54 0.0841584158415842
109 53 0.099009900990099
109 52 0.0940594059405941
109 51 0.103960396039604
109 50 0.0940594059405941
109 49 0.0940594059405941
109 48 0.108910891089109
109 47 0.0940594059405941
109 46 0.0940594059405941
109 45 0.0891089108910891
109 44 0.099009900990099
109 43 0.103960396039604
109 42 0.103960396039604
109 41 0.118811881188119
109 40 0.108910891089109
109 39 0.108910891089109
109 38 0.108910891089109
109 37 0.103960396039604
109 36 0.118811881188119
109 35 0.113861386138614
109 34 0.108910891089109
109 33 0.099009900990099
109 32 0.103960396039604
109 31 0.0841584158415842
109 30 0.108910891089109
109 29 0.0940594059405941
109 28 0.103960396039604
109 27 0.128712871287129
109 26 0.123762376237624
109 25 0.103960396039604
109 24 0.0940594059405941
109 23 0.0891089108910891
109 22 0.108910891089109
109 21 0.108910891089109
109 20 0.103960396039604
109 19 0.108910891089109
109 18 0.103960396039604
109 17 0.108910891089109
109 16 0.099009900990099
109 15 0.099009900990099
109 14 0.108910891089109
109 13 0.099009900990099
109 12 0.0841584158415842
109 11 0.103960396039604
109 10 0.103960396039604
109 9 0.103960396039604
109 8 0.123762376237624
109 7 0.153465346534653
109 6 0.148514851485149
109 5 0.183168316831683
109 4 0.198019801980198
109 3 0.183168316831683
109 2 0.183168316831683
109 1 0.247524752475248
