16 177555 0.237623762376238
16 17756 0.202970297029703
16 1776 0.168316831683168
16 200 0.128712871287129
16 199 0.128712871287129
16 198 0.128712871287129
16 197 0.118811881188119
16 196 0.118811881188119
16 195 0.128712871287129
16 194 0.128712871287129
16 193 0.133663366336634
16 192 0.123762376237624
16 191 0.123762376237624
16 190 0.128712871287129
16 189 0.113861386138614
16 188 0.118811881188119
16 187 0.118811881188119
16 186 0.113861386138614
16 185 0.123762376237624
16 184 0.113861386138614
16 183 0.133663366336634
16 182 0.118811881188119
16 181 0.133663366336634
16 180 0.118811881188119
16 179 0.118811881188119
16 178 0.123762376237624
16 177 0.118811881188119
16 176 0.113861386138614
16 175 0.113861386138614
16 174 0.103960396039604
16 173 0.123762376237624
16 172 0.118811881188119
16 171 0.128712871287129
16 170 0.118811881188119
16 169 0.118811881188119
16 168 0.118811881188119
16 167 0.123762376237624
16 166 0.118811881188119
16 165 0.113861386138614
16 164 0.103960396039604
16 163 0.118811881188119
16 162 0.108910891089109
16 161 0.113861386138614
16 160 0.123762376237624
16 159 0.118811881188119
16 158 0.118811881188119
16 157 0.113861386138614
16 156 0.108910891089109
16 155 0.118811881188119
16 154 0.108910891089109
16 153 0.113861386138614
16 152 0.108910891089109
16 151 0.113861386138614
16 150 0.113861386138614
16 149 0.118811881188119
16 148 0.108910891089109
16 147 0.108910891089109
16 146 0.113861386138614
16 145 0.118811881188119
16 144 0.118811881188119
16 143 0.108910891089109
16 142 0.108910891089109
16 141 0.103960396039604
16 140 0.108910891089109
16 139 0.108910891089109
16 138 0.118811881188119
16 137 0.108910891089109
16 136 0.123762376237624
16 135 0.108910891089109
16 134 0.113861386138614
16 133 0.108910891089109
16 132 0.103960396039604
16 131 0.113861386138614
16 130 0.103960396039604
16 129 0.108910891089109
16 128 0.103960396039604
16 127 0.113861386138614
16 126 0.113861386138614
16 125 0.113861386138614
16 124 0.108910891089109
16 123 0.103960396039604
16 122 0.108910891089109
16 121 0.108910891089109
16 120 0.113861386138614
16 119 0.113861386138614
16 118 0.113861386138614
16 117 0.113861386138614
16 116 0.113861386138614
16 115 0.108910891089109
16 114 0.108910891089109
16 113 0.108910891089109
16 112 0.113861386138614
16 111 0.103960396039604
16 110 0.108910891089109
16 109 0.113861386138614
16 108 0.113861386138614
16 107 0.108910891089109
16 106 0.113861386138614
16 105 0.113861386138614
16 104 0.108910891089109
16 103 0.113861386138614
16 102 0.108910891089109
16 101 0.113861386138614
16 100 0.108910891089109
16 99 0.113861386138614
16 98 0.108910891089109
16 97 0.113861386138614
16 96 0.108910891089109
16 95 0.108910891089109
16 94 0.113861386138614
16 93 0.108910891089109
16 92 0.113861386138614
16 91 0.108910891089109
16 90 0.113861386138614
16 89 0.108910891089109
16 88 0.113861386138614
16 87 0.113861386138614
16 86 0.108910891089109
16 85 0.113861386138614
16 84 0.103960396039604
16 83 0.113861386138614
16 82 0.108910891089109
16 81 0.108910891089109
16 80 0.108910891089109
16 79 0.103960396039604
16 78 0.113861386138614
16 77 0.113861386138614
16 76 0.123762376237624
16 75 0.113861386138614
16 74 0.118811881188119
16 73 0.108910891089109
16 72 0.113861386138614
16 71 0.113861386138614
16 70 0.118811881188119
16 69 0.123762376237624
16 68 0.118811881188119
16 67 0.128712871287129
16 66 0.118811881188119
16 65 0.118811881188119
16 64 0.118811881188119
16 63 0.108910891089109
16 62 0.108910891089109
16 61 0.103960396039604
16 60 0.108910891089109
16 59 0.103960396039604
16 58 0.0891089108910891
16 57 0.0940594059405941
16 56 0.099009900990099
16 55 0.0940594059405941
16 54 0.0841584158415842
16 53 0.0891089108910891
16 52 0.0841584158415842
16 51 0.099009900990099
16 50 0.0891089108910891
16 49 0.099009900990099
16 48 0.0891089108910891
16 47 0.113861386138614
16 46 0.0940594059405941
16 45 0.0841584158415842
16 44 0.0940594059405941
16 43 0.0841584158415842
16 42 0.0891089108910891
16 41 0.0891089108910891
16 40 0.0940594059405941
16 39 0.0792079207920792
16 38 0.0792079207920792
16 37 0.0792079207920792
16 36 0.0841584158415842
16 35 0.0940594059405941
16 34 0.0940594059405941
16 33 0.113861386138614
16 32 0.108910891089109
16 31 0.099009900990099
16 30 0.103960396039604
16 29 0.099009900990099
16 28 0.118811881188119
16 27 0.118811881188119
16 26 0.108910891089109
16 25 0.113861386138614
16 24 0.103960396039604
16 23 0.108910891089109
16 22 0.113861386138614
16 21 0.123762376237624
16 20 0.103960396039604
16 19 0.099009900990099
16 18 0.113861386138614
16 17 0.108910891089109
16 16 0.099009900990099
16 15 0.108910891089109
16 14 0.103960396039604
16 13 0.113861386138614
16 12 0.133663366336634
16 11 0.133663366336634
16 10 0.153465346534653
16 9 0.143564356435644
16 8 0.183168316831683
16 7 0.173267326732673
16 6 0.198019801980198
16 5 0.188118811881188
16 4 0.212871287128713
16 3 0.252475247524752
16 2 0.163366336633663
16 1 0.188118811881188
