39 177555 0.222772277227723
39 17756 0.202970297029703
39 1776 0.163366336633663
39 200 0.113861386138614
39 199 0.108910891089109
39 198 0.103960396039604
39 197 0.108910891089109
39 196 0.108910891089109
39 195 0.118811881188119
39 194 0.113861386138614
39 193 0.128712871287129
39 192 0.123762376237624
39 191 0.123762376237624
39 190 0.103960396039604
39 189 0.108910891089109
39 188 0.118811881188119
39 187 0.108910891089109
39 186 0.118811881188119
39 185 0.123762376237624
39 184 0.123762376237624
39 183 0.113861386138614
39 182 0.113861386138614
39 181 0.113861386138614
39 180 0.113861386138614
39 179 0.108910891089109
39 178 0.113861386138614
39 177 0.103960396039604
39 176 0.103960396039604
39 175 0.113861386138614
39 174 0.113861386138614
39 173 0.118811881188119
39 172 0.123762376237624
39 171 0.113861386138614
39 170 0.099009900990099
39 169 0.113861386138614
39 168 0.108910891089109
39 167 0.113861386138614
39 166 0.108910891089109
39 165 0.108910891089109
39 164 0.103960396039604
39 163 0.099009900990099
39 162 0.103960396039604
39 161 0.103960396039604
39 160 0.108910891089109
39 159 0.099009900990099
39 158 0.113861386138614
39 157 0.113861386138614
39 156 0.123762376237624
39 155 0.103960396039604
39 154 0.103960396039604
39 153 0.103960396039604
39 152 0.108910891089109
39 151 0.103960396039604
39 150 0.113861386138614
39 149 0.099009900990099
39 148 0.103960396039604
39 147 0.108910891089109
39 146 0.108910891089109
39 145 0.103960396039604
39 144 0.108910891089109
39 143 0.099009900990099
39 142 0.103960396039604
39 141 0.103960396039604
39 140 0.108910891089109
39 139 0.103960396039604
39 138 0.099009900990099
39 137 0.099009900990099
39 136 0.108910891089109
39 135 0.103960396039604
39 134 0.0940594059405941
39 133 0.103960396039604
39 132 0.099009900990099
39 131 0.0940594059405941
39 130 0.099009900990099
39 129 0.113861386138614
39 128 0.103960396039604
39 127 0.099009900990099
39 126 0.0940594059405941
39 125 0.0940594059405941
39 124 0.099009900990099
39 123 0.108910891089109
39 122 0.103960396039604
39 121 0.103960396039604
39 120 0.108910891089109
39 119 0.099009900990099
39 118 0.0940594059405941
39 117 0.0940594059405941
39 116 0.099009900990099
39 115 0.0940594059405941
39 114 0.103960396039604
39 113 0.103960396039604
39 112 0.099009900990099
39 111 0.099009900990099
39 110 0.0940594059405941
39 109 0.0891089108910891
39 108 0.103960396039604
39 107 0.099009900990099
39 106 0.103960396039604
39 105 0.099009900990099
39 104 0.103960396039604
39 103 0.099009900990099
39 102 0.103960396039604
39 101 0.103960396039604
39 100 0.099009900990099
39 99 0.099009900990099
39 98 0.0940594059405941
39 97 0.0841584158415842
39 96 0.0940594059405941
39 95 0.0940594059405941
39 94 0.099009900990099
39 93 0.0841584158415842
39 92 0.099009900990099
39 91 0.0940594059405941
39 90 0.0940594059405941
39 89 0.0940594059405941
39 88 0.0891089108910891
39 87 0.099009900990099
39 86 0.0891089108910891
39 85 0.0891089108910891
39 84 0.0891089108910891
39 83 0.0940594059405941
39 82 0.0940594059405941
39 81 0.0792079207920792
39 80 0.0891089108910891
39 79 0.0841584158415842
39 78 0.0841584158415842
39 77 0.0940594059405941
39 76 0.0940594059405941
39 75 0.0940594059405941
39 74 0.0940594059405941
39 73 0.099009900990099
39 72 0.103960396039604
39 71 0.099009900990099
39 70 0.0891089108910891
39 69 0.0841584158415842
39 68 0.0891089108910891
39 67 0.0841584158415842
39 66 0.0841584158415842
39 65 0.0841584158415842
39 64 0.0841584158415842
39 63 0.0891089108910891
39 62 0.0841584158415842
39 61 0.0841584158415842
39 60 0.0891089108910891
39 59 0.0841584158415842
39 58 0.0940594059405941
39 57 0.0891089108910891
39 56 0.0742574257425743
39 55 0.103960396039604
39 54 0.0940594059405941
39 53 0.099009900990099
39 52 0.099009900990099
39 51 0.103960396039604
39 50 0.103960396039604
39 49 0.0891089108910891
39 48 0.0792079207920792
39 47 0.0891089108910891
39 46 0.0891089108910891
39 45 0.0841584158415842
39 44 0.099009900990099
39 43 0.0940594059405941
39 42 0.0940594059405941
39 41 0.108910891089109
39 40 0.0940594059405941
39 39 0.0891089108910891
39 38 0.0891089108910891
39 37 0.099009900990099
39 36 0.0940594059405941
39 35 0.099009900990099
39 34 0.118811881188119
39 33 0.099009900990099
39 32 0.113861386138614
39 31 0.103960396039604
39 30 0.0891089108910891
39 29 0.103960396039604
39 28 0.128712871287129
39 27 0.123762376237624
39 26 0.113861386138614
39 25 0.133663366336634
39 24 0.123762376237624
39 23 0.123762376237624
39 22 0.099009900990099
39 21 0.133663366336634
39 20 0.128712871287129
39 19 0.128712871287129
39 18 0.118811881188119
39 17 0.138613861386139
39 16 0.143564356435644
39 15 0.158415841584158
39 14 0.143564356435644
39 13 0.133663366336634
39 12 0.153465346534653
39 11 0.143564356435644
39 10 0.143564356435644
39 9 0.168316831683168
39 8 0.153465346534653
39 7 0.153465346534653
39 6 0.133663366336634
39 5 0.202970297029703
39 4 0.232673267326733
39 3 0.242574257425743
39 2 0.217821782178218
39 1 0.237623762376238
