118 177555 0.232673267326733
118 17756 0.212871287128713
118 1776 0.153465346534653
118 200 0.133663366336634
118 199 0.123762376237624
118 198 0.128712871287129
118 197 0.133663366336634
118 196 0.123762376237624
118 195 0.128712871287129
118 194 0.128712871287129
118 193 0.123762376237624
118 192 0.128712871287129
118 191 0.123762376237624
118 190 0.128712871287129
118 189 0.128712871287129
118 188 0.128712871287129
118 187 0.133663366336634
118 186 0.123762376237624
118 185 0.123762376237624
118 184 0.138613861386139
118 183 0.128712871287129
118 182 0.118811881188119
118 181 0.128712871287129
118 180 0.128712871287129
118 179 0.128712871287129
118 178 0.118811881188119
118 177 0.123762376237624
118 176 0.113861386138614
118 175 0.123762376237624
118 174 0.138613861386139
118 173 0.123762376237624
118 172 0.133663366336634
118 171 0.123762376237624
118 170 0.118811881188119
118 169 0.113861386138614
118 168 0.118811881188119
118 167 0.128712871287129
118 166 0.123762376237624
118 165 0.123762376237624
118 164 0.118811881188119
118 163 0.128712871287129
118 162 0.118811881188119
118 161 0.128712871287129
118 160 0.118811881188119
118 159 0.123762376237624
118 158 0.118811881188119
118 157 0.113861386138614
118 156 0.128712871287129
118 155 0.113861386138614
118 154 0.123762376237624
118 153 0.128712871287129
118 152 0.118811881188119
118 151 0.123762376237624
118 150 0.123762376237624
118 149 0.123762376237624
118 148 0.128712871287129
118 147 0.118811881188119
118 146 0.118811881188119
118 145 0.123762376237624
118 144 0.118811881188119
118 143 0.118811881188119
118 142 0.113861386138614
118 141 0.118811881188119
118 140 0.123762376237624
118 139 0.113861386138614
118 138 0.123762376237624
118 137 0.113861386138614
118 136 0.118811881188119
118 135 0.113861386138614
118 134 0.118811881188119
118 133 0.113861386138614
118 132 0.113861386138614
118 131 0.118811881188119
118 130 0.108910891089109
118 129 0.108910891089109
118 128 0.113861386138614
118 127 0.118811881188119
118 126 0.113861386138614
118 125 0.103960396039604
118 124 0.108910891089109
118 123 0.108910891089109
118 122 0.113861386138614
118 121 0.108910891089109
118 120 0.113861386138614
118 119 0.113861386138614
118 118 0.108910891089109
118 117 0.113861386138614
118 116 0.113861386138614
118 115 0.103960396039604
118 114 0.113861386138614
118 113 0.108910891089109
118 112 0.103960396039604
118 111 0.108910891089109
118 110 0.113861386138614
118 109 0.113861386138614
118 108 0.113861386138614
118 107 0.113861386138614
118 106 0.118811881188119
118 105 0.103960396039604
118 104 0.108910891089109
118 103 0.108910891089109
118 102 0.103960396039604
118 101 0.108910891089109
118 100 0.103960396039604
118 99 0.103960396039604
118 98 0.113861386138614
118 97 0.103960396039604
118 96 0.0940594059405941
118 95 0.0940594059405941
118 94 0.103960396039604
118 93 0.0940594059405941
118 92 0.0940594059405941
118 91 0.099009900990099
118 90 0.113861386138614
118 89 0.108910891089109
118 88 0.113861386138614
118 87 0.103960396039604
118 86 0.118811881188119
118 85 0.113861386138614
118 84 0.113861386138614
118 83 0.103960396039604
118 82 0.108910891089109
118 81 0.118811881188119
118 80 0.103960396039604
118 79 0.108910891089109
118 78 0.108910891089109
118 77 0.108910891089109
118 76 0.108910891089109
118 75 0.113861386138614
118 74 0.113861386138614
118 73 0.103960396039604
118 72 0.099009900990099
118 71 0.113861386138614
118 70 0.103960396039604
118 69 0.099009900990099
118 68 0.0940594059405941
118 67 0.0891089108910891
118 66 0.0940594059405941
118 65 0.108910891089109
118 64 0.103960396039604
118 63 0.103960396039604
118 62 0.0891089108910891
118 61 0.0841584158415842
118 60 0.0940594059405941
118 59 0.0940594059405941
118 58 0.103960396039604
118 57 0.108910891089109
118 56 0.099009900990099
118 55 0.103960396039604
118 54 0.108910891089109
118 53 0.099009900990099
118 52 0.0841584158415842
118 51 0.108910891089109
118 50 0.103960396039604
118 49 0.099009900990099
118 48 0.0891089108910891
118 47 0.099009900990099
118 46 0.0940594059405941
118 45 0.103960396039604
118 44 0.103960396039604
118 43 0.103960396039604
118 42 0.0940594059405941
118 41 0.0940594059405941
118 40 0.108910891089109
118 39 0.113861386138614
118 38 0.118811881188119
118 37 0.108910891089109
118 36 0.099009900990099
118 35 0.113861386138614
118 34 0.108910891089109
118 33 0.103960396039604
118 32 0.103960396039604
118 31 0.103960396039604
118 30 0.123762376237624
118 29 0.133663366336634
118 28 0.118811881188119
118 27 0.133663366336634
118 26 0.133663366336634
118 25 0.138613861386139
118 24 0.168316831683168
118 23 0.138613861386139
118 22 0.133663366336634
118 21 0.143564356435644
118 20 0.163366336633663
118 19 0.143564356435644
118 18 0.168316831683168
118 17 0.168316831683168
118 16 0.148514851485149
118 15 0.138613861386139
118 14 0.148514851485149
118 13 0.153465346534653
118 12 0.148514851485149
118 11 0.143564356435644
118 10 0.173267326732673
118 9 0.128712871287129
118 8 0.133663366336634
118 7 0.163366336633663
118 6 0.198019801980198
118 5 0.168316831683168
118 4 0.183168316831683
118 3 0.178217821782178
118 2 0.183168316831683
118 1 0.217821782178218
