160 177555 0.217821782178218
160 17756 0.222772277227723
160 1776 0.163366336633663
160 200 0.128712871287129
160 199 0.128712871287129
160 198 0.133663366336634
160 197 0.123762376237624
160 196 0.133663366336634
160 195 0.128712871287129
160 194 0.128712871287129
160 193 0.128712871287129
160 192 0.123762376237624
160 191 0.123762376237624
160 190 0.128712871287129
160 189 0.128712871287129
160 188 0.128712871287129
160 187 0.123762376237624
160 186 0.128712871287129
160 185 0.123762376237624
160 184 0.128712871287129
160 183 0.123762376237624
160 182 0.128712871287129
160 181 0.118811881188119
160 180 0.128712871287129
160 179 0.128712871287129
160 178 0.128712871287129
160 177 0.133663366336634
160 176 0.128712871287129
160 175 0.128712871287129
160 174 0.123762376237624
160 173 0.123762376237624
160 172 0.128712871287129
160 171 0.128712871287129
160 170 0.123762376237624
160 169 0.123762376237624
160 168 0.128712871287129
160 167 0.123762376237624
160 166 0.128712871287129
160 165 0.123762376237624
160 164 0.128712871287129
160 163 0.128712871287129
160 162 0.128712871287129
160 161 0.123762376237624
160 160 0.123762376237624
160 159 0.123762376237624
160 158 0.123762376237624
160 157 0.128712871287129
160 156 0.128712871287129
160 155 0.128712871287129
160 154 0.123762376237624
160 153 0.128712871287129
160 152 0.128712871287129
160 151 0.123762376237624
160 150 0.128712871287129
160 149 0.118811881188119
160 148 0.123762376237624
160 147 0.128712871287129
160 146 0.128712871287129
160 145 0.123762376237624
160 144 0.118811881188119
160 143 0.128712871287129
160 142 0.123762376237624
160 141 0.123762376237624
160 140 0.123762376237624
160 139 0.123762376237624
160 138 0.128712871287129
160 137 0.123762376237624
160 136 0.133663366336634
160 135 0.123762376237624
160 134 0.123762376237624
160 133 0.128712871287129
160 132 0.123762376237624
160 131 0.118811881188119
160 130 0.118811881188119
160 129 0.113861386138614
160 128 0.113861386138614
160 127 0.118811881188119
160 126 0.113861386138614
160 125 0.123762376237624
160 124 0.123762376237624
160 123 0.118811881188119
160 122 0.118811881188119
160 121 0.118811881188119
160 120 0.118811881188119
160 119 0.118811881188119
160 118 0.123762376237624
160 117 0.118811881188119
160 116 0.108910891089109
160 115 0.123762376237624
160 114 0.118811881188119
160 113 0.118811881188119
160 112 0.113861386138614
160 111 0.123762376237624
160 110 0.118811881188119
160 109 0.108910891089109
160 108 0.108910891089109
160 107 0.113861386138614
160 106 0.113861386138614
160 105 0.113861386138614
160 104 0.118811881188119
160 103 0.113861386138614
160 102 0.113861386138614
160 101 0.123762376237624
160 100 0.113861386138614
160 99 0.103960396039604
160 98 0.099009900990099
160 97 0.103960396039604
160 96 0.108910891089109
160 95 0.103960396039604
160 94 0.113861386138614
160 93 0.099009900990099
160 92 0.108910891089109
160 91 0.108910891089109
160 90 0.113861386138614
160 89 0.108910891089109
160 88 0.103960396039604
160 87 0.103960396039604
160 86 0.108910891089109
160 85 0.118811881188119
160 84 0.113861386138614
160 83 0.103960396039604
160 82 0.118811881188119
160 81 0.108910891089109
160 80 0.113861386138614
160 79 0.108910891089109
160 78 0.113861386138614
160 77 0.118811881188119
160 76 0.108910891089109
160 75 0.118811881188119
160 74 0.113861386138614
160 73 0.113861386138614
160 72 0.113861386138614
160 71 0.123762376237624
160 70 0.123762376237624
160 69 0.128712871287129
160 68 0.103960396039604
160 67 0.103960396039604
160 66 0.103960396039604
160 65 0.113861386138614
160 64 0.108910891089109
160 63 0.103960396039604
160 62 0.0940594059405941
160 61 0.103960396039604
160 60 0.0891089108910891
160 59 0.0891089108910891
160 58 0.099009900990099
160 57 0.103960396039604
160 56 0.113861386138614
160 55 0.0940594059405941
160 54 0.099009900990099
160 53 0.0940594059405941
160 52 0.0940594059405941
160 51 0.0891089108910891
160 50 0.0940594059405941
160 49 0.099009900990099
160 48 0.113861386138614
160 47 0.103960396039604
160 46 0.099009900990099
160 45 0.113861386138614
160 44 0.103960396039604
160 43 0.108910891089109
160 42 0.113861386138614
160 41 0.0940594059405941
160 40 0.103960396039604
160 39 0.0841584158415842
160 38 0.118811881188119
160 37 0.108910891089109
160 36 0.099009900990099
160 35 0.103960396039604
160 34 0.108910891089109
160 33 0.0891089108910891
160 32 0.103960396039604
160 31 0.108910891089109
160 30 0.099009900990099
160 29 0.103960396039604
160 28 0.099009900990099
160 27 0.113861386138614
160 26 0.0891089108910891
160 25 0.113861386138614
160 24 0.0940594059405941
160 23 0.0891089108910891
160 22 0.0940594059405941
160 21 0.0940594059405941
160 20 0.108910891089109
160 19 0.103960396039604
160 18 0.118811881188119
160 17 0.118811881188119
160 16 0.103960396039604
160 15 0.118811881188119
160 14 0.133663366336634
160 13 0.118811881188119
160 12 0.118811881188119
160 11 0.113861386138614
160 10 0.133663366336634
160 9 0.138613861386139
160 8 0.128712871287129
160 7 0.113861386138614
160 6 0.128712871287129
160 5 0.128712871287129
160 4 0.133663366336634
160 3 0.168316831683168
160 2 0.217821782178218
160 1 0.242574257425743
