20 177555 0.232673267326733
20 17756 0.207920792079208
20 1776 0.168316831683168
20 200 0.113861386138614
20 199 0.128712871287129
20 198 0.113861386138614
20 197 0.113861386138614
20 196 0.113861386138614
20 195 0.113861386138614
20 194 0.123762376237624
20 193 0.118811881188119
20 192 0.108910891089109
20 191 0.103960396039604
20 190 0.103960396039604
20 189 0.113861386138614
20 188 0.108910891089109
20 187 0.113861386138614
20 186 0.113861386138614
20 185 0.123762376237624
20 184 0.108910891089109
20 183 0.108910891089109
20 182 0.103960396039604
20 181 0.113861386138614
20 180 0.108910891089109
20 179 0.103960396039604
20 178 0.099009900990099
20 177 0.108910891089109
20 176 0.103960396039604
20 175 0.103960396039604
20 174 0.113861386138614
20 173 0.113861386138614
20 172 0.113861386138614
20 171 0.108910891089109
20 170 0.099009900990099
20 169 0.113861386138614
20 168 0.103960396039604
20 167 0.0940594059405941
20 166 0.099009900990099
20 165 0.099009900990099
20 164 0.099009900990099
20 163 0.099009900990099
20 162 0.108910891089109
20 161 0.099009900990099
20 160 0.0940594059405941
20 159 0.099009900990099
20 158 0.118811881188119
20 157 0.0891089108910891
20 156 0.0940594059405941
20 155 0.108910891089109
20 154 0.113861386138614
20 153 0.103960396039604
20 152 0.103960396039604
20 151 0.099009900990099
20 150 0.099009900990099
20 149 0.113861386138614
20 148 0.103960396039604
20 147 0.0940594059405941
20 146 0.0940594059405941
20 145 0.099009900990099
20 144 0.0940594059405941
20 143 0.103960396039604
20 142 0.103960396039604
20 141 0.0940594059405941
20 140 0.113861386138614
20 139 0.103960396039604
20 138 0.099009900990099
20 137 0.0940594059405941
20 136 0.103960396039604
20 135 0.099009900990099
20 134 0.099009900990099
20 133 0.099009900990099
20 132 0.103960396039604
20 131 0.0891089108910891
20 130 0.113861386138614
20 129 0.099009900990099
20 128 0.0940594059405941
20 127 0.113861386138614
20 126 0.0891089108910891
20 125 0.099009900990099
20 124 0.099009900990099
20 123 0.103960396039604
20 122 0.103960396039604
20 121 0.103960396039604
20 120 0.0891089108910891
20 119 0.103960396039604
20 118 0.0891089108910891
20 117 0.0841584158415842
20 116 0.0940594059405941
20 115 0.099009900990099
20 114 0.103960396039604
20 113 0.099009900990099
20 112 0.099009900990099
20 111 0.0940594059405941
20 110 0.103960396039604
20 109 0.099009900990099
20 108 0.0940594059405941
20 107 0.0891089108910891
20 106 0.108910891089109
20 105 0.103960396039604
20 104 0.103960396039604
20 103 0.099009900990099
20 102 0.0940594059405941
20 101 0.099009900990099
20 100 0.103960396039604
20 99 0.0940594059405941
20 98 0.099009900990099
20 97 0.103960396039604
20 96 0.099009900990099
20 95 0.108910891089109
20 94 0.099009900990099
20 93 0.118811881188119
20 92 0.099009900990099
20 91 0.099009900990099
20 90 0.103960396039604
20 89 0.103960396039604
20 88 0.0940594059405941
20 87 0.103960396039604
20 86 0.103960396039604
20 85 0.108910891089109
20 84 0.103960396039604
20 83 0.0940594059405941
20 82 0.103960396039604
20 81 0.099009900990099
20 80 0.099009900990099
20 79 0.099009900990099
20 78 0.108910891089109
20 77 0.099009900990099
20 76 0.103960396039604
20 75 0.099009900990099
20 74 0.103960396039604
20 73 0.099009900990099
20 72 0.0940594059405941
20 71 0.099009900990099
20 70 0.099009900990099
20 69 0.103960396039604
20 68 0.113861386138614
20 67 0.113861386138614
20 66 0.108910891089109
20 65 0.108910891089109
20 64 0.113861386138614
20 63 0.113861386138614
20 62 0.113861386138614
20 61 0.108910891089109
20 60 0.108910891089109
20 59 0.108910891089109
20 58 0.108910891089109
20 57 0.108910891089109
20 56 0.108910891089109
20 55 0.103960396039604
20 54 0.118811881188119
20 53 0.108910891089109
20 52 0.113861386138614
20 51 0.118811881188119
20 50 0.108910891089109
20 49 0.099009900990099
20 48 0.103960396039604
20 47 0.113861386138614
20 46 0.108910891089109
20 45 0.113861386138614
20 44 0.118811881188119
20 43 0.108910891089109
20 42 0.118811881188119
20 41 0.108910891089109
20 40 0.0940594059405941
20 39 0.0940594059405941
20 38 0.099009900990099
20 37 0.0891089108910891
20 36 0.099009900990099
20 35 0.0891089108910891
20 34 0.103960396039604
20 33 0.0940594059405941
20 32 0.113861386138614
20 31 0.099009900990099
20 30 0.108910891089109
20 29 0.099009900990099
20 28 0.0940594059405941
20 27 0.099009900990099
20 26 0.099009900990099
20 25 0.103960396039604
20 24 0.099009900990099
20 23 0.108910891089109
20 22 0.103960396039604
20 21 0.103960396039604
20 20 0.108910891089109
20 19 0.099009900990099
20 18 0.113861386138614
20 17 0.113861386138614
20 16 0.153465346534653
20 15 0.128712871287129
20 14 0.108910891089109
20 13 0.113861386138614
20 12 0.108910891089109
20 11 0.118811881188119
20 10 0.133663366336634
20 9 0.108910891089109
20 8 0.099009900990099
20 7 0.123762376237624
20 6 0.103960396039604
20 5 0.148514851485149
20 4 0.198019801980198
20 3 0.138613861386139
20 2 0.202970297029703
20 1 0.252475247524752
