74 177555 0.237623762376238
74 17756 0.193069306930693
74 1776 0.178217821782178
74 200 0.128712871287129
74 199 0.113861386138614
74 198 0.128712871287129
74 197 0.123762376237624
74 196 0.118811881188119
74 195 0.128712871287129
74 194 0.128712871287129
74 193 0.138613861386139
74 192 0.128712871287129
74 191 0.118811881188119
74 190 0.123762376237624
74 189 0.118811881188119
74 188 0.123762376237624
74 187 0.128712871287129
74 186 0.123762376237624
74 185 0.118811881188119
74 184 0.123762376237624
74 183 0.113861386138614
74 182 0.118811881188119
74 181 0.123762376237624
74 180 0.113861386138614
74 179 0.113861386138614
74 178 0.123762376237624
74 177 0.108910891089109
74 176 0.118811881188119
74 175 0.118811881188119
74 174 0.123762376237624
74 173 0.118811881188119
74 172 0.123762376237624
74 171 0.113861386138614
74 170 0.113861386138614
74 169 0.113861386138614
74 168 0.108910891089109
74 167 0.113861386138614
74 166 0.113861386138614
74 165 0.118811881188119
74 164 0.113861386138614
74 163 0.113861386138614
74 162 0.118811881188119
74 161 0.099009900990099
74 160 0.108910891089109
74 159 0.103960396039604
74 158 0.113861386138614
74 157 0.108910891089109
74 156 0.113861386138614
74 155 0.118811881188119
74 154 0.113861386138614
74 153 0.118811881188119
74 152 0.103960396039604
74 151 0.113861386138614
74 150 0.108910891089109
74 149 0.113861386138614
74 148 0.108910891089109
74 147 0.108910891089109
74 146 0.108910891089109
74 145 0.099009900990099
74 144 0.108910891089109
74 143 0.113861386138614
74 142 0.108910891089109
74 141 0.123762376237624
74 140 0.099009900990099
74 139 0.118811881188119
74 138 0.0891089108910891
74 137 0.103960396039604
74 136 0.099009900990099
74 135 0.099009900990099
74 134 0.103960396039604
74 133 0.099009900990099
74 132 0.118811881188119
74 131 0.099009900990099
74 130 0.113861386138614
74 129 0.099009900990099
74 128 0.103960396039604
74 127 0.099009900990099
74 126 0.0940594059405941
74 125 0.099009900990099
74 124 0.0891089108910891
74 123 0.099009900990099
74 122 0.103960396039604
74 121 0.0891089108910891
74 120 0.099009900990099
74 119 0.0940594059405941
74 118 0.0940594059405941
74 117 0.0940594059405941
74 116 0.0940594059405941
74 115 0.0891089108910891
74 114 0.103960396039604
74 113 0.103960396039604
74 112 0.0940594059405941
74 111 0.0940594059405941
74 110 0.103960396039604
74 109 0.103960396039604
74 108 0.099009900990099
74 107 0.099009900990099
74 106 0.0891089108910891
74 105 0.103960396039604
74 104 0.0940594059405941
74 103 0.103960396039604
74 102 0.108910891089109
74 101 0.0940594059405941
74 100 0.0940594059405941
74 99 0.103960396039604
74 98 0.099009900990099
74 97 0.108910891089109
74 96 0.108910891089109
74 95 0.103960396039604
74 94 0.103960396039604
74 93 0.099009900990099
74 92 0.108910891089109
74 91 0.113861386138614
74 90 0.118811881188119
74 89 0.113861386138614
74 88 0.113861386138614
74 87 0.113861386138614
74 86 0.103960396039604
74 85 0.099009900990099
74 84 0.099009900990099
74 83 0.108910891089109
74 82 0.0940594059405941
74 81 0.099009900990099
74 80 0.0940594059405941
74 79 0.103960396039604
74 78 0.103960396039604
74 77 0.0891089108910891
74 76 0.108910891089109
74 75 0.108910891089109
74 74 0.099009900990099
74 73 0.103960396039604
74 72 0.103960396039604
74 71 0.103960396039604
74 70 0.113861386138614
74 69 0.118811881188119
74 68 0.113861386138614
74 67 0.103960396039604
74 66 0.113861386138614
74 65 0.118811881188119
74 64 0.118811881188119
74 63 0.113861386138614
74 62 0.108910891089109
74 61 0.108910891089109
74 60 0.113861386138614
74 59 0.108910891089109
74 58 0.103960396039604
74 57 0.113861386138614
74 56 0.108910891089109
74 55 0.103960396039604
74 54 0.108910891089109
74 53 0.099009900990099
74 52 0.099009900990099
74 51 0.103960396039604
74 50 0.0940594059405941
74 49 0.099009900990099
74 48 0.099009900990099
74 47 0.099009900990099
74 46 0.0940594059405941
74 45 0.0891089108910891
74 44 0.099009900990099
74 43 0.108910891089109
74 42 0.099009900990099
74 41 0.0940594059405941
74 40 0.0742574257425743
74 39 0.0891089108910891
74 38 0.0841584158415842
74 37 0.0891089108910891
74 36 0.0891089108910891
74 35 0.0891089108910891
74 34 0.0940594059405941
74 33 0.0841584158415842
74 32 0.0891089108910891
74 31 0.0891089108910891
74 30 0.0940594059405941
74 29 0.0940594059405941
74 28 0.0940594059405941
74 27 0.0841584158415842
74 26 0.103960396039604
74 25 0.0891089108910891
74 24 0.0940594059405941
74 23 0.108910891089109
74 22 0.123762376237624
74 21 0.113861386138614
74 20 0.113861386138614
74 19 0.108910891089109
74 18 0.103960396039604
74 17 0.099009900990099
74 16 0.113861386138614
74 15 0.108910891089109
74 14 0.108910891089109
74 13 0.123762376237624
74 12 0.123762376237624
74 11 0.099009900990099
74 10 0.123762376237624
74 9 0.113861386138614
74 8 0.123762376237624
74 7 0.099009900990099
74 6 0.148514851485149
74 5 0.118811881188119
74 4 0.143564356435644
74 3 0.168316831683168
74 2 0.188118811881188
74 1 0.217821782178218
