146 177555 0.207920792079208
146 17756 0.222772277227723
146 1776 0.173267326732673
146 200 0.128712871287129
146 199 0.128712871287129
146 198 0.133663366336634
146 197 0.123762376237624
146 196 0.143564356435644
146 195 0.143564356435644
146 194 0.123762376237624
146 193 0.138613861386139
146 192 0.123762376237624
146 191 0.133663366336634
146 190 0.143564356435644
146 189 0.143564356435644
146 188 0.123762376237624
146 187 0.118811881188119
146 186 0.143564356435644
146 185 0.138613861386139
146 184 0.138613861386139
146 183 0.128712871287129
146 182 0.143564356435644
146 181 0.133663366336634
146 180 0.128712871287129
146 179 0.128712871287129
146 178 0.143564356435644
146 177 0.133663366336634
146 176 0.133663366336634
146 175 0.128712871287129
146 174 0.128712871287129
146 173 0.133663366336634
146 172 0.128712871287129
146 171 0.138613861386139
146 170 0.128712871287129
146 169 0.133663366336634
146 168 0.138613861386139
146 167 0.143564356435644
146 166 0.123762376237624
146 165 0.138613861386139
146 164 0.138613861386139
146 163 0.143564356435644
146 162 0.123762376237624
146 161 0.133663366336634
146 160 0.133663366336634
146 159 0.133663366336634
146 158 0.133663366336634
146 157 0.133663366336634
146 156 0.133663366336634
146 155 0.133663366336634
146 154 0.138613861386139
146 153 0.133663366336634
146 152 0.133663366336634
146 151 0.133663366336634
146 150 0.138613861386139
146 149 0.128712871287129
146 148 0.138613861386139
146 147 0.133663366336634
146 146 0.128712871287129
146 145 0.138613861386139
146 144 0.123762376237624
146 143 0.133663366336634
146 142 0.128712871287129
146 141 0.123762376237624
146 140 0.123762376237624
146 139 0.128712871287129
146 138 0.138613861386139
146 137 0.138613861386139
146 136 0.138613861386139
146 135 0.128712871287129
146 134 0.123762376237624
146 133 0.133663366336634
146 132 0.133663366336634
146 131 0.133663366336634
146 130 0.128712871287129
146 129 0.128712871287129
146 128 0.138613861386139
146 127 0.128712871287129
146 126 0.133663366336634
146 125 0.143564356435644
146 124 0.128712871287129
146 123 0.118811881188119
146 122 0.133663366336634
146 121 0.128712871287129
146 120 0.133663366336634
146 119 0.123762376237624
146 118 0.128712871287129
146 117 0.128712871287129
146 116 0.128712871287129
146 115 0.128712871287129
146 114 0.118811881188119
146 113 0.118811881188119
146 112 0.133663366336634
146 111 0.118811881188119
146 110 0.118811881188119
146 109 0.128712871287129
146 108 0.128712871287129
146 107 0.128712871287129
146 106 0.123762376237624
146 105 0.118811881188119
146 104 0.118811881188119
146 103 0.118811881188119
146 102 0.118811881188119
146 101 0.113861386138614
146 100 0.118811881188119
146 99 0.113861386138614
146 98 0.118811881188119
146 97 0.123762376237624
146 96 0.118811881188119
146 95 0.118811881188119
146 94 0.118811881188119
146 93 0.123762376237624
146 92 0.113861386138614
146 91 0.118811881188119
146 90 0.128712871287129
146 89 0.118811881188119
146 88 0.113861386138614
146 87 0.118811881188119
146 86 0.123762376237624
146 85 0.123762376237624
146 84 0.118811881188119
146 83 0.118811881188119
146 82 0.123762376237624
146 81 0.118811881188119
146 80 0.123762376237624
146 79 0.118811881188119
146 78 0.113861386138614
146 77 0.113861386138614
146 76 0.113861386138614
146 75 0.128712871287129
146 74 0.123762376237624
146 73 0.113861386138614
146 72 0.103960396039604
146 71 0.123762376237624
146 70 0.108910891089109
146 69 0.113861386138614
146 68 0.113861386138614
146 67 0.123762376237624
146 66 0.118811881188119
146 65 0.118811881188119
146 64 0.108910891089109
146 63 0.108910891089109
146 62 0.128712871287129
146 61 0.113861386138614
146 60 0.128712871287129
146 59 0.123762376237624
146 58 0.103960396039604
146 57 0.103960396039604
146 56 0.118811881188119
146 55 0.108910891089109
146 54 0.099009900990099
146 53 0.113861386138614
146 52 0.118811881188119
146 51 0.113861386138614
146 50 0.099009900990099
146 49 0.108910891089109
146 48 0.103960396039604
146 47 0.103960396039604
146 46 0.113861386138614
146 45 0.113861386138614
146 44 0.113861386138614
146 43 0.099009900990099
146 42 0.123762376237624
146 41 0.113861386138614
146 40 0.103960396039604
146 39 0.099009900990099
146 38 0.0891089108910891
146 37 0.108910891089109
146 36 0.099009900990099
146 35 0.0940594059405941
146 34 0.103960396039604
146 33 0.099009900990099
146 32 0.099009900990099
146 31 0.0891089108910891
146 30 0.0891089108910891
146 29 0.0841584158415842
146 28 0.0792079207920792
146 27 0.0940594059405941
146 26 0.0940594059405941
146 25 0.099009900990099
146 24 0.108910891089109
146 23 0.0841584158415842
146 22 0.113861386138614
146 21 0.103960396039604
146 20 0.099009900990099
146 19 0.118811881188119
146 18 0.108910891089109
146 17 0.118811881188119
146 16 0.123762376237624
146 15 0.113861386138614
146 14 0.113861386138614
146 13 0.128712871287129
146 12 0.138613861386139
146 11 0.163366336633663
146 10 0.133663366336634
146 9 0.153465346534653
146 8 0.153465346534653
146 7 0.133663366336634
146 6 0.158415841584158
146 5 0.163366336633663
146 4 0.168316831683168
146 3 0.173267326732673
146 2 0.168316831683168
146 1 0.183168316831683
