184 177555 0.222772277227723
184 17756 0.207920792079208
184 1776 0.158415841584158
184 200 0.118811881188119
184 199 0.113861386138614
184 198 0.123762376237624
184 197 0.118811881188119
184 196 0.113861386138614
184 195 0.123762376237624
184 194 0.118811881188119
184 193 0.123762376237624
184 192 0.123762376237624
184 191 0.118811881188119
184 190 0.128712871287129
184 189 0.113861386138614
184 188 0.118811881188119
184 187 0.113861386138614
184 186 0.108910891089109
184 185 0.108910891089109
184 184 0.108910891089109
184 183 0.108910891089109
184 182 0.118811881188119
184 181 0.113861386138614
184 180 0.108910891089109
184 179 0.133663366336634
184 178 0.103960396039604
184 177 0.113861386138614
184 176 0.123762376237624
184 175 0.108910891089109
184 174 0.118811881188119
184 173 0.108910891089109
184 172 0.118811881188119
184 171 0.108910891089109
184 170 0.113861386138614
184 169 0.108910891089109
184 168 0.118811881188119
184 167 0.118811881188119
184 166 0.118811881188119
184 165 0.118811881188119
184 164 0.113861386138614
184 163 0.108910891089109
184 162 0.108910891089109
184 161 0.118811881188119
184 160 0.103960396039604
184 159 0.113861386138614
184 158 0.113861386138614
184 157 0.123762376237624
184 156 0.113861386138614
184 155 0.118811881188119
184 154 0.118811881188119
184 153 0.108910891089109
184 152 0.113861386138614
184 151 0.113861386138614
184 150 0.113861386138614
184 149 0.118811881188119
184 148 0.123762376237624
184 147 0.118811881188119
184 146 0.123762376237624
184 145 0.118811881188119
184 144 0.118811881188119
184 143 0.123762376237624
184 142 0.103960396039604
184 141 0.123762376237624
184 140 0.108910891089109
184 139 0.108910891089109
184 138 0.113861386138614
184 137 0.103960396039604
184 136 0.108910891089109
184 135 0.113861386138614
184 134 0.108910891089109
184 133 0.118811881188119
184 132 0.103960396039604
184 131 0.123762376237624
184 130 0.113861386138614
184 129 0.128712871287129
184 128 0.118811881188119
184 127 0.123762376237624
184 126 0.123762376237624
184 125 0.113861386138614
184 124 0.103960396039604
184 123 0.113861386138614
184 122 0.113861386138614
184 121 0.123762376237624
184 120 0.113861386138614
184 119 0.108910891089109
184 118 0.123762376237624
184 117 0.118811881188119
184 116 0.113861386138614
184 115 0.118811881188119
184 114 0.113861386138614
184 113 0.113861386138614
184 112 0.108910891089109
184 111 0.103960396039604
184 110 0.099009900990099
184 109 0.113861386138614
184 108 0.0940594059405941
184 107 0.108910891089109
184 106 0.113861386138614
184 105 0.118811881188119
184 104 0.108910891089109
184 103 0.103960396039604
184 102 0.113861386138614
184 101 0.113861386138614
184 100 0.103960396039604
184 99 0.108910891089109
184 98 0.108910891089109
184 97 0.108910891089109
184 96 0.103960396039604
184 95 0.108910891089109
184 94 0.099009900990099
184 93 0.113861386138614
184 92 0.113861386138614
184 91 0.118811881188119
184 90 0.103960396039604
184 89 0.099009900990099
184 88 0.108910891089109
184 87 0.0940594059405941
184 86 0.0940594059405941
184 85 0.103960396039604
184 84 0.108910891089109
184 83 0.103960396039604
184 82 0.099009900990099
184 81 0.0891089108910891
184 80 0.0841584158415842
184 79 0.0891089108910891
184 78 0.099009900990099
184 77 0.0891089108910891
184 76 0.0940594059405941
184 75 0.0940594059405941
184 74 0.099009900990099
184 73 0.099009900990099
184 72 0.103960396039604
184 71 0.0891089108910891
184 70 0.099009900990099
184 69 0.099009900990099
184 68 0.099009900990099
184 67 0.0891089108910891
184 66 0.099009900990099
184 65 0.0940594059405941
184 64 0.0891089108910891
184 63 0.103960396039604
184 62 0.099009900990099
184 61 0.118811881188119
184 60 0.099009900990099
184 59 0.108910891089109
184 58 0.108910891089109
184 57 0.0940594059405941
184 56 0.0792079207920792
184 55 0.103960396039604
184 54 0.099009900990099
184 53 0.103960396039604
184 52 0.108910891089109
184 51 0.0940594059405941
184 50 0.108910891089109
184 49 0.099009900990099
184 48 0.103960396039604
184 47 0.103960396039604
184 46 0.099009900990099
184 45 0.103960396039604
184 44 0.099009900990099
184 43 0.0891089108910891
184 42 0.099009900990099
184 41 0.108910891089109
184 40 0.103960396039604
184 39 0.108910891089109
184 38 0.099009900990099
184 37 0.113861386138614
184 36 0.099009900990099
184 35 0.0891089108910891
184 34 0.0891089108910891
184 33 0.0891089108910891
184 32 0.0792079207920792
184 31 0.103960396039604
184 30 0.103960396039604
184 29 0.0940594059405941
184 28 0.103960396039604
184 27 0.099009900990099
184 26 0.0940594059405941
184 25 0.108910891089109
184 24 0.099009900990099
184 23 0.103960396039604
184 22 0.103960396039604
184 21 0.108910891089109
184 20 0.113861386138614
184 19 0.118811881188119
184 18 0.123762376237624
184 17 0.113861386138614
184 16 0.103960396039604
184 15 0.133663366336634
184 14 0.113861386138614
184 13 0.118811881188119
184 12 0.103960396039604
184 11 0.123762376237624
184 10 0.123762376237624
184 9 0.123762376237624
184 8 0.118811881188119
184 7 0.153465346534653
184 6 0.163366336633663
184 5 0.173267326732673
184 4 0.168316831683168
184 3 0.178217821782178
184 2 0.168316831683168
184 1 0.277227722772277
