152 177555 0.232673267326733
152 17756 0.212871287128713
152 1776 0.173267326732673
152 200 0.123762376237624
152 199 0.123762376237624
152 198 0.128712871287129
152 197 0.128712871287129
152 196 0.123762376237624
152 195 0.128712871287129
152 194 0.123762376237624
152 193 0.128712871287129
152 192 0.128712871287129
152 191 0.128712871287129
152 190 0.128712871287129
152 189 0.128712871287129
152 188 0.123762376237624
152 187 0.123762376237624
152 186 0.118811881188119
152 185 0.123762376237624
152 184 0.123762376237624
152 183 0.118811881188119
152 182 0.123762376237624
152 181 0.118811881188119
152 180 0.128712871287129
152 179 0.128712871287129
152 178 0.128712871287129
152 177 0.123762376237624
152 176 0.123762376237624
152 175 0.118811881188119
152 174 0.123762376237624
152 173 0.118811881188119
152 172 0.118811881188119
152 171 0.118811881188119
152 170 0.118811881188119
152 169 0.113861386138614
152 168 0.118811881188119
152 167 0.113861386138614
152 166 0.123762376237624
152 165 0.123762376237624
152 164 0.123762376237624
152 163 0.118811881188119
152 162 0.113861386138614
152 161 0.118811881188119
152 160 0.123762376237624
152 159 0.113861386138614
152 158 0.123762376237624
152 157 0.118811881188119
152 156 0.128712871287129
152 155 0.113861386138614
152 154 0.118811881188119
152 153 0.118811881188119
152 152 0.108910891089109
152 151 0.123762376237624
152 150 0.108910891089109
152 149 0.118811881188119
152 148 0.113861386138614
152 147 0.123762376237624
152 146 0.123762376237624
152 145 0.103960396039604
152 144 0.118811881188119
152 143 0.123762376237624
152 142 0.118811881188119
152 141 0.128712871287129
152 140 0.118811881188119
152 139 0.123762376237624
152 138 0.118811881188119
152 137 0.113861386138614
152 136 0.123762376237624
152 135 0.128712871287129
152 134 0.118811881188119
152 133 0.118811881188119
152 132 0.123762376237624
152 131 0.118811881188119
152 130 0.118811881188119
152 129 0.123762376237624
152 128 0.123762376237624
152 127 0.123762376237624
152 126 0.128712871287129
152 125 0.108910891089109
152 124 0.128712871287129
152 123 0.128712871287129
152 122 0.123762376237624
152 121 0.128712871287129
152 120 0.123762376237624
152 119 0.118811881188119
152 118 0.123762376237624
152 117 0.118811881188119
152 116 0.113861386138614
152 115 0.123762376237624
152 114 0.128712871287129
152 113 0.128712871287129
152 112 0.123762376237624
152 111 0.123762376237624
152 110 0.118811881188119
152 109 0.123762376237624
152 108 0.133663366336634
152 107 0.133663366336634
152 106 0.118811881188119
152 105 0.123762376237624
152 104 0.128712871287129
152 103 0.118811881188119
152 102 0.113861386138614
152 101 0.113861386138614
152 100 0.113861386138614
152 99 0.113861386138614
152 98 0.113861386138614
152 97 0.123762376237624
152 96 0.128712871287129
152 95 0.103960396039604
152 94 0.113861386138614
152 93 0.128712871287129
152 92 0.108910891089109
152 91 0.099009900990099
152 90 0.108910891089109
152 89 0.113861386138614
152 88 0.108910891089109
152 87 0.123762376237624
152 86 0.108910891089109
152 85 0.108910891089109
152 84 0.113861386138614
152 83 0.118811881188119
152 82 0.0940594059405941
152 81 0.108910891089109
152 80 0.113861386138614
152 79 0.113861386138614
152 78 0.108910891089109
152 77 0.128712871287129
152 76 0.123762376237624
152 75 0.108910891089109
152 74 0.113861386138614
152 73 0.113861386138614
152 72 0.103960396039604
152 71 0.113861386138614
152 70 0.118811881188119
152 69 0.099009900990099
152 68 0.128712871287129
152 67 0.113861386138614
152 66 0.113861386138614
152 65 0.123762376237624
152 64 0.123762376237624
152 63 0.113861386138614
152 62 0.128712871287129
152 61 0.113861386138614
152 60 0.113861386138614
152 59 0.118811881188119
152 58 0.113861386138614
152 57 0.108910891089109
152 56 0.113861386138614
152 55 0.123762376237624
152 54 0.108910891089109
152 53 0.118811881188119
152 52 0.118811881188119
152 51 0.128712871287129
152 50 0.123762376237624
152 49 0.118811881188119
152 48 0.118811881188119
152 47 0.108910891089109
152 46 0.113861386138614
152 45 0.118811881188119
152 44 0.123762376237624
152 43 0.103960396039604
152 42 0.123762376237624
152 41 0.123762376237624
152 40 0.103960396039604
152 39 0.113861386138614
152 38 0.118811881188119
152 37 0.0940594059405941
152 36 0.103960396039604
152 35 0.108910891089109
152 34 0.103960396039604
152 33 0.099009900990099
152 32 0.099009900990099
152 31 0.113861386138614
152 30 0.103960396039604
152 29 0.108910891089109
152 28 0.108910891089109
152 27 0.113861386138614
152 26 0.123762376237624
152 25 0.123762376237624
152 24 0.103960396039604
152 23 0.118811881188119
152 22 0.118811881188119
152 21 0.108910891089109
152 20 0.128712871287129
152 19 0.123762376237624
152 18 0.113861386138614
152 17 0.123762376237624
152 16 0.128712871287129
152 15 0.118811881188119
152 14 0.138613861386139
152 13 0.128712871287129
152 12 0.123762376237624
152 11 0.143564356435644
152 10 0.148514851485149
152 9 0.128712871287129
152 8 0.158415841584158
152 7 0.232673267326733
152 6 0.138613861386139
152 5 0.158415841584158
152 4 0.163366336633663
152 3 0.247524752475248
152 2 0.202970297029703
152 1 0.237623762376238
