136 177555 0.232673267326733
136 17756 0.207920792079208
136 1776 0.173267326732673
136 200 0.133663366336634
136 199 0.128712871287129
136 198 0.113861386138614
136 197 0.113861386138614
136 196 0.118811881188119
136 195 0.133663366336634
136 194 0.133663366336634
136 193 0.118811881188119
136 192 0.123762376237624
136 191 0.143564356435644
136 190 0.138613861386139
136 189 0.108910891089109
136 188 0.118811881188119
136 187 0.138613861386139
136 186 0.108910891089109
136 185 0.113861386138614
136 184 0.123762376237624
136 183 0.113861386138614
136 182 0.103960396039604
136 181 0.118811881188119
136 180 0.108910891089109
136 179 0.0940594059405941
136 178 0.113861386138614
136 177 0.113861386138614
136 176 0.118811881188119
136 175 0.113861386138614
136 174 0.123762376237624
136 173 0.118811881188119
136 172 0.123762376237624
136 171 0.128712871287129
136 170 0.113861386138614
136 169 0.113861386138614
136 168 0.108910891089109
136 167 0.108910891089109
136 166 0.118811881188119
136 165 0.103960396039604
136 164 0.108910891089109
136 163 0.099009900990099
136 162 0.099009900990099
136 161 0.113861386138614
136 160 0.108910891089109
136 159 0.103960396039604
136 158 0.118811881188119
136 157 0.118811881188119
136 156 0.123762376237624
136 155 0.108910891089109
136 154 0.099009900990099
136 153 0.103960396039604
136 152 0.118811881188119
136 151 0.113861386138614
136 150 0.113861386138614
136 149 0.118811881188119
136 148 0.108910891089109
136 147 0.113861386138614
136 146 0.123762376237624
136 145 0.113861386138614
136 144 0.099009900990099
136 143 0.099009900990099
136 142 0.103960396039604
136 141 0.123762376237624
136 140 0.103960396039604
136 139 0.0891089108910891
136 138 0.099009900990099
136 137 0.0891089108910891
136 136 0.108910891089109
136 135 0.0940594059405941
136 134 0.0940594059405941
136 133 0.0940594059405941
136 132 0.0940594059405941
136 131 0.103960396039604
136 130 0.099009900990099
136 129 0.099009900990099
136 128 0.103960396039604
136 127 0.118811881188119
136 126 0.099009900990099
136 125 0.099009900990099
136 124 0.099009900990099
136 123 0.0891089108910891
136 122 0.099009900990099
136 121 0.0891089108910891
136 120 0.0940594059405941
136 119 0.0940594059405941
136 118 0.0940594059405941
136 117 0.099009900990099
136 116 0.099009900990099
136 115 0.099009900990099
136 114 0.113861386138614
136 113 0.0940594059405941
136 112 0.103960396039604
136 111 0.099009900990099
136 110 0.099009900990099
136 109 0.0891089108910891
136 108 0.0940594059405941
136 107 0.0891089108910891
136 106 0.099009900990099
136 105 0.103960396039604
136 104 0.103960396039604
136 103 0.103960396039604
136 102 0.0792079207920792
136 101 0.099009900990099
136 100 0.099009900990099
136 99 0.0940594059405941
136 98 0.0841584158415842
136 97 0.103960396039604
136 96 0.099009900990099
136 95 0.103960396039604
136 94 0.0940594059405941
136 93 0.099009900990099
136 92 0.0940594059405941
136 91 0.099009900990099
136 90 0.0940594059405941
136 89 0.099009900990099
136 88 0.0940594059405941
136 87 0.0940594059405941
136 86 0.118811881188119
136 85 0.0940594059405941
136 84 0.0940594059405941
136 83 0.099009900990099
136 82 0.099009900990099
136 81 0.0891089108910891
136 80 0.103960396039604
136 79 0.103960396039604
136 78 0.099009900990099
136 77 0.108910891089109
136 76 0.0940594059405941
136 75 0.099009900990099
136 74 0.099009900990099
136 73 0.0940594059405941
136 72 0.103960396039604
136 71 0.099009900990099
136 70 0.0841584158415842
136 69 0.099009900990099
136 68 0.0792079207920792
136 67 0.099009900990099
136 66 0.0841584158415842
136 65 0.0940594059405941
136 64 0.0891089108910891
136 63 0.0792079207920792
136 62 0.0891089108910891
136 61 0.0742574257425743
136 60 0.0841584158415842
136 59 0.0891089108910891
136 58 0.099009900990099
136 57 0.0891089108910891
136 56 0.0841584158415842
136 55 0.0940594059405941
136 54 0.0940594059405941
136 53 0.0891089108910891
136 52 0.0792079207920792
136 51 0.0742574257425743
136 50 0.0693069306930693
136 49 0.0841584158415842
136 48 0.0940594059405941
136 47 0.0940594059405941
136 46 0.099009900990099
136 45 0.0841584158415842
136 44 0.0742574257425743
136 43 0.108910891089109
136 42 0.0792079207920792
136 41 0.0792079207920792
136 40 0.0693069306930693
136 39 0.0643564356435644
136 38 0.0792079207920792
136 37 0.0841584158415842
136 36 0.0841584158415842
136 35 0.0792079207920792
136 34 0.0891089108910891
136 33 0.0891089108910891
136 32 0.0792079207920792
136 31 0.0891089108910891
136 30 0.099009900990099
136 29 0.108910891089109
136 28 0.099009900990099
136 27 0.113861386138614
136 26 0.103960396039604
136 25 0.103960396039604
136 24 0.0841584158415842
136 23 0.0841584158415842
136 22 0.0940594059405941
136 21 0.0841584158415842
136 20 0.0940594059405941
136 19 0.0792079207920792
136 18 0.0940594059405941
136 17 0.108910891089109
136 16 0.103960396039604
136 15 0.099009900990099
136 14 0.113861386138614
136 13 0.108910891089109
136 12 0.123762376237624
136 11 0.123762376237624
136 10 0.138613861386139
136 9 0.163366336633663
136 8 0.198019801980198
136 7 0.173267326732673
136 6 0.188118811881188
136 5 0.198019801980198
136 4 0.158415841584158
136 3 0.183168316831683
136 2 0.198019801980198
136 1 0.336633663366337
