193 177555 0.222772277227723
193 17756 0.212871287128713
193 1776 0.183168316831683
193 200 0.123762376237624
193 199 0.118811881188119
193 198 0.118811881188119
193 197 0.118811881188119
193 196 0.123762376237624
193 195 0.123762376237624
193 194 0.113861386138614
193 193 0.118811881188119
193 192 0.118811881188119
193 191 0.118811881188119
193 190 0.118811881188119
193 189 0.128712871287129
193 188 0.123762376237624
193 187 0.128712871287129
193 186 0.128712871287129
193 185 0.123762376237624
193 184 0.118811881188119
193 183 0.118811881188119
193 182 0.118811881188119
193 181 0.118811881188119
193 180 0.113861386138614
193 179 0.113861386138614
193 178 0.123762376237624
193 177 0.103960396039604
193 176 0.113861386138614
193 175 0.123762376237624
193 174 0.113861386138614
193 173 0.118811881188119
193 172 0.113861386138614
193 171 0.113861386138614
193 170 0.118811881188119
193 169 0.113861386138614
193 168 0.118811881188119
193 167 0.123762376237624
193 166 0.123762376237624
193 165 0.118811881188119
193 164 0.113861386138614
193 163 0.113861386138614
193 162 0.113861386138614
193 161 0.113861386138614
193 160 0.123762376237624
193 159 0.118811881188119
193 158 0.113861386138614
193 157 0.113861386138614
193 156 0.108910891089109
193 155 0.103960396039604
193 154 0.148514851485149
193 153 0.118811881188119
193 152 0.113861386138614
193 151 0.108910891089109
193 150 0.118811881188119
193 149 0.108910891089109
193 148 0.099009900990099
193 147 0.103960396039604
193 146 0.108910891089109
193 145 0.123762376237624
193 144 0.118811881188119
193 143 0.103960396039604
193 142 0.103960396039604
193 141 0.113861386138614
193 140 0.108910891089109
193 139 0.113861386138614
193 138 0.123762376237624
193 137 0.118811881188119
193 136 0.123762376237624
193 135 0.113861386138614
193 134 0.103960396039604
193 133 0.103960396039604
193 132 0.118811881188119
193 131 0.113861386138614
193 130 0.118811881188119
193 129 0.103960396039604
193 128 0.118811881188119
193 127 0.118811881188119
193 126 0.123762376237624
193 125 0.113861386138614
193 124 0.118811881188119
193 123 0.113861386138614
193 122 0.123762376237624
193 121 0.123762376237624
193 120 0.118811881188119
193 119 0.118811881188119
193 118 0.108910891089109
193 117 0.113861386138614
193 116 0.108910891089109
193 115 0.108910891089109
193 114 0.108910891089109
193 113 0.113861386138614
193 112 0.103960396039604
193 111 0.113861386138614
193 110 0.113861386138614
193 109 0.108910891089109
193 108 0.123762376237624
193 107 0.113861386138614
193 106 0.113861386138614
193 105 0.103960396039604
193 104 0.103960396039604
193 103 0.113861386138614
193 102 0.113861386138614
193 101 0.108910891089109
193 100 0.118811881188119
193 99 0.103960396039604
193 98 0.099009900990099
193 97 0.103960396039604
193 96 0.103960396039604
193 95 0.0940594059405941
193 94 0.103960396039604
193 93 0.099009900990099
193 92 0.103960396039604
193 91 0.108910891089109
193 90 0.103960396039604
193 89 0.099009900990099
193 88 0.103960396039604
193 87 0.099009900990099
193 86 0.108910891089109
193 85 0.0940594059405941
193 84 0.108910891089109
193 83 0.113861386138614
193 82 0.108910891089109
193 81 0.118811881188119
193 80 0.103960396039604
193 79 0.113861386138614
193 78 0.108910891089109
193 77 0.099009900990099
193 76 0.113861386138614
193 75 0.103960396039604
193 74 0.103960396039604
193 73 0.0940594059405941
193 72 0.099009900990099
193 71 0.099009900990099
193 70 0.0940594059405941
193 69 0.103960396039604
193 68 0.0940594059405941
193 67 0.0940594059405941
193 66 0.103960396039604
193 65 0.099009900990099
193 64 0.103960396039604
193 63 0.099009900990099
193 62 0.103960396039604
193 61 0.103960396039604
193 60 0.103960396039604
193 59 0.0940594059405941
193 58 0.0940594059405941
193 57 0.108910891089109
193 56 0.0940594059405941
193 55 0.103960396039604
193 54 0.0940594059405941
193 53 0.099009900990099
193 52 0.099009900990099
193 51 0.123762376237624
193 50 0.123762376237624
193 49 0.099009900990099
193 48 0.108910891089109
193 47 0.123762376237624
193 46 0.118811881188119
193 45 0.113861386138614
193 44 0.113861386138614
193 43 0.103960396039604
193 42 0.103960396039604
193 41 0.113861386138614
193 40 0.113861386138614
193 39 0.099009900990099
193 38 0.099009900990099
193 37 0.103960396039604
193 36 0.108910891089109
193 35 0.103960396039604
193 34 0.108910891089109
193 33 0.108910891089109
193 32 0.0940594059405941
193 31 0.103960396039604
193 30 0.103960396039604
193 29 0.099009900990099
193 28 0.108910891089109
193 27 0.103960396039604
193 26 0.113861386138614
193 25 0.113861386138614
193 24 0.118811881188119
193 23 0.118811881188119
193 22 0.123762376237624
193 21 0.118811881188119
193 20 0.113861386138614
193 19 0.118811881188119
193 18 0.123762376237624
193 17 0.113861386138614
193 16 0.118811881188119
193 15 0.118811881188119
193 14 0.123762376237624
193 13 0.133663366336634
193 12 0.138613861386139
193 11 0.133663366336634
193 10 0.118811881188119
193 9 0.133663366336634
193 8 0.123762376237624
193 7 0.113861386138614
193 6 0.143564356435644
193 5 0.153465346534653
193 4 0.168316831683168
193 3 0.178217821782178
193 2 0.237623762376238
193 1 0.247524752475248
