79 177555 0.242574257425743
79 17756 0.212871287128713
79 1776 0.168316831683168
79 200 0.133663366336634
79 199 0.123762376237624
79 198 0.133663366336634
79 197 0.128712871287129
79 196 0.143564356435644
79 195 0.123762376237624
79 194 0.128712871287129
79 193 0.123762376237624
79 192 0.123762376237624
79 191 0.123762376237624
79 190 0.118811881188119
79 189 0.133663366336634
79 188 0.123762376237624
79 187 0.128712871287129
79 186 0.123762376237624
79 185 0.123762376237624
79 184 0.128712871287129
79 183 0.123762376237624
79 182 0.118811881188119
79 181 0.118811881188119
79 180 0.123762376237624
79 179 0.128712871287129
79 178 0.118811881188119
79 177 0.118811881188119
79 176 0.113861386138614
79 175 0.128712871287129
79 174 0.128712871287129
79 173 0.123762376237624
79 172 0.113861386138614
79 171 0.113861386138614
79 170 0.123762376237624
79 169 0.128712871287129
79 168 0.113861386138614
79 167 0.118811881188119
79 166 0.108910891089109
79 165 0.113861386138614
79 164 0.113861386138614
79 163 0.113861386138614
79 162 0.113861386138614
79 161 0.123762376237624
79 160 0.133663366336634
79 159 0.113861386138614
79 158 0.118811881188119
79 157 0.133663366336634
79 156 0.123762376237624
79 155 0.113861386138614
79 154 0.113861386138614
79 153 0.113861386138614
79 152 0.113861386138614
79 151 0.123762376237624
79 150 0.118811881188119
79 149 0.118811881188119
79 148 0.108910891089109
79 147 0.118811881188119
79 146 0.118811881188119
79 145 0.118811881188119
79 144 0.108910891089109
79 143 0.123762376237624
79 142 0.118811881188119
79 141 0.108910891089109
79 140 0.123762376237624
79 139 0.108910891089109
79 138 0.108910891089109
79 137 0.118811881188119
79 136 0.108910891089109
79 135 0.123762376237624
79 134 0.113861386138614
79 133 0.113861386138614
79 132 0.113861386138614
79 131 0.113861386138614
79 130 0.113861386138614
79 129 0.113861386138614
79 128 0.113861386138614
79 127 0.118811881188119
79 126 0.113861386138614
79 125 0.123762376237624
79 124 0.123762376237624
79 123 0.118811881188119
79 122 0.108910891089109
79 121 0.123762376237624
79 120 0.113861386138614
79 119 0.113861386138614
79 118 0.118811881188119
79 117 0.113861386138614
79 116 0.118811881188119
79 115 0.103960396039604
79 114 0.108910891089109
79 113 0.103960396039604
79 112 0.103960396039604
79 111 0.108910891089109
79 110 0.108910891089109
79 109 0.113861386138614
79 108 0.118811881188119
79 107 0.113861386138614
79 106 0.118811881188119
79 105 0.113861386138614
79 104 0.103960396039604
79 103 0.113861386138614
79 102 0.108910891089109
79 101 0.099009900990099
79 100 0.099009900990099
79 99 0.118811881188119
79 98 0.108910891089109
79 97 0.113861386138614
79 96 0.103960396039604
79 95 0.103960396039604
79 94 0.099009900990099
79 93 0.108910891089109
79 92 0.099009900990099
79 91 0.118811881188119
79 90 0.108910891089109
79 89 0.103960396039604
79 88 0.099009900990099
79 87 0.108910891089109
79 86 0.0940594059405941
79 85 0.0940594059405941
79 84 0.108910891089109
79 83 0.103960396039604
79 82 0.0940594059405941
79 81 0.103960396039604
79 80 0.099009900990099
79 79 0.099009900990099
79 78 0.099009900990099
79 77 0.108910891089109
79 76 0.099009900990099
79 75 0.0891089108910891
79 74 0.0841584158415842
79 73 0.103960396039604
79 72 0.0841584158415842
79 71 0.0841584158415842
79 70 0.0891089108910891
79 69 0.0891089108910891
79 68 0.0792079207920792
79 67 0.108910891089109
79 66 0.099009900990099
79 65 0.103960396039604
79 64 0.0940594059405941
79 63 0.0940594059405941
79 62 0.0891089108910891
79 61 0.103960396039604
79 60 0.0940594059405941
79 59 0.118811881188119
79 58 0.123762376237624
79 57 0.113861386138614
79 56 0.103960396039604
79 55 0.113861386138614
79 54 0.108910891089109
79 53 0.113861386138614
79 52 0.113861386138614
79 51 0.118811881188119
79 50 0.108910891089109
79 49 0.103960396039604
79 48 0.103960396039604
79 47 0.118811881188119
79 46 0.103960396039604
79 45 0.099009900990099
79 44 0.108910891089109
79 43 0.108910891089109
79 42 0.128712871287129
79 41 0.108910891089109
79 40 0.0940594059405941
79 39 0.099009900990099
79 38 0.103960396039604
79 37 0.103960396039604
79 36 0.103960396039604
79 35 0.108910891089109
79 34 0.103960396039604
79 33 0.108910891089109
79 32 0.133663366336634
79 31 0.123762376237624
79 30 0.118811881188119
79 29 0.128712871287129
79 28 0.133663366336634
79 27 0.108910891089109
79 26 0.118811881188119
79 25 0.118811881188119
79 24 0.133663366336634
79 23 0.099009900990099
79 22 0.123762376237624
79 21 0.123762376237624
79 20 0.0940594059405941
79 19 0.0940594059405941
79 18 0.108910891089109
79 17 0.118811881188119
79 16 0.123762376237624
79 15 0.128712871287129
79 14 0.103960396039604
79 13 0.138613861386139
79 12 0.123762376237624
79 11 0.133663366336634
79 10 0.173267326732673
79 9 0.153465346534653
79 8 0.168316831683168
79 7 0.143564356435644
79 6 0.188118811881188
79 5 0.173267326732673
79 4 0.153465346534653
79 3 0.207920792079208
79 2 0.262376237623762
79 1 0.257425742574257
