41 177555 0.252475247524752
41 17756 0.217821782178218
41 1776 0.168316831683168
41 200 0.103960396039604
41 199 0.103960396039604
41 198 0.099009900990099
41 197 0.099009900990099
41 196 0.0841584158415842
41 195 0.113861386138614
41 194 0.0940594059405941
41 193 0.0891089108910891
41 192 0.0940594059405941
41 191 0.103960396039604
41 190 0.0891089108910891
41 189 0.099009900990099
41 188 0.0940594059405941
41 187 0.0940594059405941
41 186 0.0891089108910891
41 185 0.099009900990099
41 184 0.103960396039604
41 183 0.099009900990099
41 182 0.0891089108910891
41 181 0.0940594059405941
41 180 0.0940594059405941
41 179 0.0891089108910891
41 178 0.0891089108910891
41 177 0.0940594059405941
41 176 0.0891089108910891
41 175 0.0891089108910891
41 174 0.0792079207920792
41 173 0.0891089108910891
41 172 0.0792079207920792
41 171 0.0940594059405941
41 170 0.103960396039604
41 169 0.0841584158415842
41 168 0.0940594059405941
41 167 0.0940594059405941
41 166 0.0792079207920792
41 165 0.0841584158415842
41 164 0.099009900990099
41 163 0.0940594059405941
41 162 0.0841584158415842
41 161 0.0841584158415842
41 160 0.0891089108910891
41 159 0.0891089108910891
41 158 0.099009900990099
41 157 0.0792079207920792
41 156 0.0891089108910891
41 155 0.0841584158415842
41 154 0.099009900990099
41 153 0.0841584158415842
41 152 0.0891089108910891
41 151 0.0792079207920792
41 150 0.0891089108910891
41 149 0.0940594059405941
41 148 0.0841584158415842
41 147 0.0841584158415842
41 146 0.0940594059405941
41 145 0.0841584158415842
41 144 0.0841584158415842
41 143 0.0940594059405941
41 142 0.099009900990099
41 141 0.099009900990099
41 140 0.099009900990099
41 139 0.0792079207920792
41 138 0.0891089108910891
41 137 0.0940594059405941
41 136 0.0792079207920792
41 135 0.0891089108910891
41 134 0.0891089108910891
41 133 0.0841584158415842
41 132 0.0792079207920792
41 131 0.099009900990099
41 130 0.0792079207920792
41 129 0.0891089108910891
41 128 0.099009900990099
41 127 0.0891089108910891
41 126 0.0891089108910891
41 125 0.0891089108910891
41 124 0.0940594059405941
41 123 0.0891089108910891
41 122 0.099009900990099
41 121 0.0891089108910891
41 120 0.0841584158415842
41 119 0.0940594059405941
41 118 0.099009900990099
41 117 0.0792079207920792
41 116 0.0940594059405941
41 115 0.0940594059405941
41 114 0.0891089108910891
41 113 0.0891089108910891
41 112 0.0940594059405941
41 111 0.0940594059405941
41 110 0.0940594059405941
41 109 0.0891089108910891
41 108 0.0841584158415842
41 107 0.099009900990099
41 106 0.0940594059405941
41 105 0.099009900990099
41 104 0.0891089108910891
41 103 0.0891089108910891
41 102 0.0891089108910891
41 101 0.099009900990099
41 100 0.0940594059405941
41 99 0.0940594059405941
41 98 0.099009900990099
41 97 0.0940594059405941
41 96 0.099009900990099
41 95 0.0940594059405941
41 94 0.0841584158415842
41 93 0.099009900990099
41 92 0.0940594059405941
41 91 0.0891089108910891
41 90 0.0891089108910891
41 89 0.0891089108910891
41 88 0.0940594059405941
41 87 0.099009900990099
41 86 0.099009900990099
41 85 0.103960396039604
41 84 0.099009900990099
41 83 0.0841584158415842
41 82 0.099009900990099
41 81 0.0940594059405941
41 80 0.108910891089109
41 79 0.0940594059405941
41 78 0.103960396039604
41 77 0.103960396039604
41 76 0.099009900990099
41 75 0.103960396039604
41 74 0.103960396039604
41 73 0.099009900990099
41 72 0.099009900990099
41 71 0.099009900990099
41 70 0.0940594059405941
41 69 0.103960396039604
41 68 0.0891089108910891
41 67 0.103960396039604
41 66 0.0940594059405941
41 65 0.0891089108910891
41 64 0.0940594059405941
41 63 0.103960396039604
41 62 0.099009900990099
41 61 0.099009900990099
41 60 0.0940594059405941
41 59 0.113861386138614
41 58 0.099009900990099
41 57 0.099009900990099
41 56 0.108910891089109
41 55 0.118811881188119
41 54 0.118811881188119
41 53 0.113861386138614
41 52 0.113861386138614
41 51 0.113861386138614
41 50 0.113861386138614
41 49 0.103960396039604
41 48 0.113861386138614
41 47 0.118811881188119
41 46 0.108910891089109
41 45 0.113861386138614
41 44 0.108910891089109
41 43 0.113861386138614
41 42 0.118811881188119
41 41 0.118811881188119
41 40 0.118811881188119
41 39 0.113861386138614
41 38 0.103960396039604
41 37 0.0940594059405941
41 36 0.108910891089109
41 35 0.113861386138614
41 34 0.108910891089109
41 33 0.108910891089109
41 32 0.118811881188119
41 31 0.118811881188119
41 30 0.108910891089109
41 29 0.108910891089109
41 28 0.118811881188119
41 27 0.113861386138614
41 26 0.113861386138614
41 25 0.103960396039604
41 24 0.0891089108910891
41 23 0.103960396039604
41 22 0.113861386138614
41 21 0.0891089108910891
41 20 0.103960396039604
41 19 0.103960396039604
41 18 0.113861386138614
41 17 0.123762376237624
41 16 0.118811881188119
41 15 0.128712871287129
41 14 0.128712871287129
41 13 0.123762376237624
41 12 0.113861386138614
41 11 0.103960396039604
41 10 0.118811881188119
41 9 0.148514851485149
41 8 0.143564356435644
41 7 0.168316831683168
41 6 0.202970297029703
41 5 0.153465346534653
41 4 0.148514851485149
41 3 0.163366336633663
41 2 0.202970297029703
41 1 0.247524752475248
