82 177555 0.237623762376238
82 17756 0.202970297029703
82 1776 0.168316831683168
82 200 0.118811881188119
82 199 0.128712871287129
82 198 0.123762376237624
82 197 0.128712871287129
82 196 0.118811881188119
82 195 0.123762376237624
82 194 0.123762376237624
82 193 0.123762376237624
82 192 0.118811881188119
82 191 0.118811881188119
82 190 0.118811881188119
82 189 0.123762376237624
82 188 0.128712871287129
82 187 0.113861386138614
82 186 0.128712871287129
82 185 0.123762376237624
82 184 0.123762376237624
82 183 0.118811881188119
82 182 0.123762376237624
82 181 0.123762376237624
82 180 0.118811881188119
82 179 0.123762376237624
82 178 0.123762376237624
82 177 0.133663366336634
82 176 0.113861386138614
82 175 0.123762376237624
82 174 0.123762376237624
82 173 0.123762376237624
82 172 0.118811881188119
82 171 0.118811881188119
82 170 0.138613861386139
82 169 0.128712871287129
82 168 0.113861386138614
82 167 0.118811881188119
82 166 0.113861386138614
82 165 0.108910891089109
82 164 0.113861386138614
82 163 0.103960396039604
82 162 0.118811881188119
82 161 0.118811881188119
82 160 0.113861386138614
82 159 0.103960396039604
82 158 0.118811881188119
82 157 0.108910891089109
82 156 0.113861386138614
82 155 0.113861386138614
82 154 0.123762376237624
82 153 0.113861386138614
82 152 0.113861386138614
82 151 0.113861386138614
82 150 0.108910891089109
82 149 0.108910891089109
82 148 0.108910891089109
82 147 0.118811881188119
82 146 0.118811881188119
82 145 0.113861386138614
82 144 0.118811881188119
82 143 0.108910891089109
82 142 0.113861386138614
82 141 0.113861386138614
82 140 0.113861386138614
82 139 0.113861386138614
82 138 0.118811881188119
82 137 0.113861386138614
82 136 0.113861386138614
82 135 0.113861386138614
82 134 0.118811881188119
82 133 0.108910891089109
82 132 0.113861386138614
82 131 0.113861386138614
82 130 0.113861386138614
82 129 0.108910891089109
82 128 0.113861386138614
82 127 0.099009900990099
82 126 0.108910891089109
82 125 0.108910891089109
82 124 0.099009900990099
82 123 0.108910891089109
82 122 0.113861386138614
82 121 0.108910891089109
82 120 0.113861386138614
82 119 0.103960396039604
82 118 0.108910891089109
82 117 0.113861386138614
82 116 0.113861386138614
82 115 0.113861386138614
82 114 0.108910891089109
82 113 0.113861386138614
82 112 0.108910891089109
82 111 0.118811881188119
82 110 0.113861386138614
82 109 0.113861386138614
82 108 0.113861386138614
82 107 0.108910891089109
82 106 0.108910891089109
82 105 0.108910891089109
82 104 0.099009900990099
82 103 0.103960396039604
82 102 0.108910891089109
82 101 0.099009900990099
82 100 0.103960396039604
82 99 0.103960396039604
82 98 0.113861386138614
82 97 0.103960396039604
82 96 0.108910891089109
82 95 0.099009900990099
82 94 0.099009900990099
82 93 0.108910891089109
82 92 0.103960396039604
82 91 0.103960396039604
82 90 0.0940594059405941
82 89 0.0940594059405941
82 88 0.0940594059405941
82 87 0.103960396039604
82 86 0.0940594059405941
82 85 0.099009900990099
82 84 0.0891089108910891
82 83 0.0891089108910891
82 82 0.0940594059405941
82 81 0.0841584158415842
82 80 0.0841584158415842
82 79 0.0940594059405941
82 78 0.0891089108910891
82 77 0.0841584158415842
82 76 0.0891089108910891
82 75 0.0940594059405941
82 74 0.0792079207920792
82 73 0.0891089108910891
82 72 0.0940594059405941
82 71 0.0891089108910891
82 70 0.0891089108910891
82 69 0.0891089108910891
82 68 0.0891089108910891
82 67 0.0891089108910891
82 66 0.103960396039604
82 65 0.0891089108910891
82 64 0.0891089108910891
82 63 0.0940594059405941
82 62 0.0891089108910891
82 61 0.0940594059405941
82 60 0.0841584158415842
82 59 0.0792079207920792
82 58 0.0891089108910891
82 57 0.0891089108910891
82 56 0.0792079207920792
82 55 0.0891089108910891
82 54 0.0841584158415842
82 53 0.0792079207920792
82 52 0.0841584158415842
82 51 0.0940594059405941
82 50 0.0792079207920792
82 49 0.0792079207920792
82 48 0.0792079207920792
82 47 0.0841584158415842
82 46 0.0792079207920792
82 45 0.0792079207920792
82 44 0.0792079207920792
82 43 0.0841584158415842
82 42 0.0792079207920792
82 41 0.0841584158415842
82 40 0.0891089108910891
82 39 0.0891089108910891
82 38 0.0841584158415842
82 37 0.0792079207920792
82 36 0.0841584158415842
82 35 0.0940594059405941
82 34 0.103960396039604
82 33 0.099009900990099
82 32 0.0891089108910891
82 31 0.0940594059405941
82 30 0.099009900990099
82 29 0.108910891089109
82 28 0.099009900990099
82 27 0.0940594059405941
82 26 0.108910891089109
82 25 0.0940594059405941
82 24 0.113861386138614
82 23 0.103960396039604
82 22 0.113861386138614
82 21 0.108910891089109
82 20 0.113861386138614
82 19 0.099009900990099
82 18 0.099009900990099
82 17 0.113861386138614
82 16 0.113861386138614
82 15 0.108910891089109
82 14 0.108910891089109
82 13 0.118811881188119
82 12 0.118811881188119
82 11 0.123762376237624
82 10 0.099009900990099
82 9 0.118811881188119
82 8 0.123762376237624
82 7 0.108910891089109
82 6 0.113861386138614
82 5 0.138613861386139
82 4 0.108910891089109
82 3 0.133663366336634
82 2 0.212871287128713
82 1 0.217821782178218
