107 177555 0.232673267326733
107 17756 0.217821782178218
107 1776 0.163366336633663
107 200 0.099009900990099
107 199 0.099009900990099
107 198 0.103960396039604
107 197 0.103960396039604
107 196 0.099009900990099
107 195 0.099009900990099
107 194 0.0891089108910891
107 193 0.0891089108910891
107 192 0.099009900990099
107 191 0.0940594059405941
107 190 0.0940594059405941
107 189 0.0940594059405941
107 188 0.099009900990099
107 187 0.099009900990099
107 186 0.0940594059405941
107 185 0.0891089108910891
107 184 0.099009900990099
107 183 0.108910891089109
107 182 0.103960396039604
107 181 0.103960396039604
107 180 0.103960396039604
107 179 0.0891089108910891
107 178 0.103960396039604
107 177 0.0891089108910891
107 176 0.099009900990099
107 175 0.099009900990099
107 174 0.099009900990099
107 173 0.103960396039604
107 172 0.103960396039604
107 171 0.099009900990099
107 170 0.0891089108910891
107 169 0.099009900990099
107 168 0.099009900990099
107 167 0.103960396039604
107 166 0.0940594059405941
107 165 0.099009900990099
107 164 0.103960396039604
107 163 0.103960396039604
107 162 0.103960396039604
107 161 0.103960396039604
107 160 0.099009900990099
107 159 0.103960396039604
107 158 0.113861386138614
107 157 0.0940594059405941
107 156 0.103960396039604
107 155 0.108910891089109
107 154 0.103960396039604
107 153 0.103960396039604
107 152 0.103960396039604
107 151 0.108910891089109
107 150 0.103960396039604
107 149 0.113861386138614
107 148 0.0841584158415842
107 147 0.103960396039604
107 146 0.0891089108910891
107 145 0.0940594059405941
107 144 0.108910891089109
107 143 0.099009900990099
107 142 0.099009900990099
107 141 0.103960396039604
107 140 0.099009900990099
107 139 0.103960396039604
107 138 0.0891089108910891
107 137 0.0940594059405941
107 136 0.0940594059405941
107 135 0.103960396039604
107 134 0.0940594059405941
107 133 0.0940594059405941
107 132 0.0940594059405941
107 131 0.0891089108910891
107 130 0.0891089108910891
107 129 0.0841584158415842
107 128 0.0940594059405941
107 127 0.0940594059405941
107 126 0.0940594059405941
107 125 0.0940594059405941
107 124 0.099009900990099
107 123 0.0940594059405941
107 122 0.0891089108910891
107 121 0.0891089108910891
107 120 0.0792079207920792
107 119 0.0940594059405941
107 118 0.0792079207920792
107 117 0.0792079207920792
107 116 0.0891089108910891
107 115 0.0792079207920792
107 114 0.0792079207920792
107 113 0.0792079207920792
107 112 0.0792079207920792
107 111 0.0891089108910891
107 110 0.0940594059405941
107 109 0.0891089108910891
107 108 0.0940594059405941
107 107 0.0891089108910891
107 106 0.0841584158415842
107 105 0.0841584158415842
107 104 0.0792079207920792
107 103 0.0841584158415842
107 102 0.0841584158415842
107 101 0.0792079207920792
107 100 0.099009900990099
107 99 0.0841584158415842
107 98 0.0841584158415842
107 97 0.0891089108910891
107 96 0.0792079207920792
107 95 0.0940594059405941
107 94 0.0841584158415842
107 93 0.0891089108910891
107 92 0.0940594059405941
107 91 0.0742574257425743
107 90 0.0940594059405941
107 89 0.0742574257425743
107 88 0.0742574257425743
107 87 0.0742574257425743
107 86 0.0792079207920792
107 85 0.0742574257425743
107 84 0.0841584158415842
107 83 0.0841584158415842
107 82 0.0742574257425743
107 81 0.0693069306930693
107 80 0.0792079207920792
107 79 0.0841584158415842
107 78 0.0792079207920792
107 77 0.0742574257425743
107 76 0.0841584158415842
107 75 0.0742574257425743
107 74 0.0742574257425743
107 73 0.0643564356435644
107 72 0.0693069306930693
107 71 0.0742574257425743
107 70 0.0643564356435644
107 69 0.0742574257425743
107 68 0.0693069306930693
107 67 0.0693069306930693
107 66 0.0742574257425743
107 65 0.0841584158415842
107 64 0.0891089108910891
107 63 0.0693069306930693
107 62 0.0792079207920792
107 61 0.0792079207920792
107 60 0.0891089108910891
107 59 0.0792079207920792
107 58 0.0891089108910891
107 57 0.0891089108910891
107 56 0.0891089108910891
107 55 0.0891089108910891
107 54 0.0841584158415842
107 53 0.0891089108910891
107 52 0.0643564356435644
107 51 0.0891089108910891
107 50 0.0841584158415842
107 49 0.0841584158415842
107 48 0.0841584158415842
107 47 0.0693069306930693
107 46 0.0891089108910891
107 45 0.0940594059405941
107 44 0.0792079207920792
107 43 0.0891089108910891
107 42 0.0940594059405941
107 41 0.0841584158415842
107 40 0.0841584158415842
107 39 0.0792079207920792
107 38 0.0940594059405941
107 37 0.0841584158415842
107 36 0.0891089108910891
107 35 0.0891089108910891
107 34 0.0841584158415842
107 33 0.0891089108910891
107 32 0.0792079207920792
107 31 0.0841584158415842
107 30 0.0841584158415842
107 29 0.0891089108910891
107 28 0.0891089108910891
107 27 0.0792079207920792
107 26 0.0940594059405941
107 25 0.103960396039604
107 24 0.0891089108910891
107 23 0.0742574257425743
107 22 0.0841584158415842
107 21 0.099009900990099
107 20 0.0841584158415842
107 19 0.099009900990099
107 18 0.103960396039604
107 17 0.099009900990099
107 16 0.0891089108910891
107 15 0.118811881188119
107 14 0.0891089108910891
107 13 0.0940594059405941
107 12 0.113861386138614
107 11 0.108910891089109
107 10 0.099009900990099
107 9 0.0891089108910891
107 8 0.103960396039604
107 7 0.128712871287129
107 6 0.138613861386139
107 5 0.173267326732673
107 4 0.232673267326733
107 3 0.217821782178218
107 2 0.207920792079208
107 1 0.188118811881188
