143 177555 0.237623762376238
143 17756 0.198019801980198
143 1776 0.163366336633663
143 200 0.128712871287129
143 199 0.133663366336634
143 198 0.133663366336634
143 197 0.138613861386139
143 196 0.138613861386139
143 195 0.128712871287129
143 194 0.128712871287129
143 193 0.123762376237624
143 192 0.128712871287129
143 191 0.128712871287129
143 190 0.123762376237624
143 189 0.128712871287129
143 188 0.128712871287129
143 187 0.133663366336634
143 186 0.128712871287129
143 185 0.128712871287129
143 184 0.128712871287129
143 183 0.118811881188119
143 182 0.133663366336634
143 181 0.133663366336634
143 180 0.123762376237624
143 179 0.118811881188119
143 178 0.123762376237624
143 177 0.128712871287129
143 176 0.123762376237624
143 175 0.123762376237624
143 174 0.128712871287129
143 173 0.123762376237624
143 172 0.128712871287129
143 171 0.123762376237624
143 170 0.123762376237624
143 169 0.133663366336634
143 168 0.118811881188119
143 167 0.123762376237624
143 166 0.128712871287129
143 165 0.128712871287129
143 164 0.128712871287129
143 163 0.118811881188119
143 162 0.123762376237624
143 161 0.118811881188119
143 160 0.128712871287129
143 159 0.128712871287129
143 158 0.133663366336634
143 157 0.123762376237624
143 156 0.128712871287129
143 155 0.123762376237624
143 154 0.133663366336634
143 153 0.123762376237624
143 152 0.128712871287129
143 151 0.128712871287129
143 150 0.133663366336634
143 149 0.113861386138614
143 148 0.123762376237624
143 147 0.128712871287129
143 146 0.123762376237624
143 145 0.123762376237624
143 144 0.123762376237624
143 143 0.123762376237624
143 142 0.123762376237624
143 141 0.123762376237624
143 140 0.113861386138614
143 139 0.118811881188119
143 138 0.123762376237624
143 137 0.113861386138614
143 136 0.118811881188119
143 135 0.118811881188119
143 134 0.113861386138614
143 133 0.118811881188119
143 132 0.113861386138614
143 131 0.123762376237624
143 130 0.123762376237624
143 129 0.108910891089109
143 128 0.123762376237624
143 127 0.113861386138614
143 126 0.118811881188119
143 125 0.123762376237624
143 124 0.123762376237624
143 123 0.123762376237624
143 122 0.113861386138614
143 121 0.118811881188119
143 120 0.118811881188119
143 119 0.113861386138614
143 118 0.113861386138614
143 117 0.118811881188119
143 116 0.113861386138614
143 115 0.118811881188119
143 114 0.118811881188119
143 113 0.108910891089109
143 112 0.113861386138614
143 111 0.118811881188119
143 110 0.118811881188119
143 109 0.113861386138614
143 108 0.113861386138614
143 107 0.113861386138614
143 106 0.118811881188119
143 105 0.099009900990099
143 104 0.113861386138614
143 103 0.108910891089109
143 102 0.113861386138614
143 101 0.108910891089109
143 100 0.113861386138614
143 99 0.113861386138614
143 98 0.108910891089109
143 97 0.118811881188119
143 96 0.113861386138614
143 95 0.103960396039604
143 94 0.103960396039604
143 93 0.108910891089109
143 92 0.113861386138614
143 91 0.113861386138614
143 90 0.103960396039604
143 89 0.103960396039604
143 88 0.108910891089109
143 87 0.103960396039604
143 86 0.108910891089109
143 85 0.099009900990099
143 84 0.103960396039604
143 83 0.099009900990099
143 82 0.103960396039604
143 81 0.0891089108910891
143 80 0.0940594059405941
143 79 0.099009900990099
143 78 0.0891089108910891
143 77 0.0891089108910891
143 76 0.099009900990099
143 75 0.0940594059405941
143 74 0.099009900990099
143 73 0.0940594059405941
143 72 0.0940594059405941
143 71 0.0891089108910891
143 70 0.103960396039604
143 69 0.0940594059405941
143 68 0.099009900990099
143 67 0.099009900990099
143 66 0.103960396039604
143 65 0.103960396039604
143 64 0.113861386138614
143 63 0.103960396039604
143 62 0.108910891089109
143 61 0.103960396039604
143 60 0.0940594059405941
143 59 0.0940594059405941
143 58 0.099009900990099
143 57 0.0940594059405941
143 56 0.108910891089109
143 55 0.0841584158415842
143 54 0.0940594059405941
143 53 0.0841584158415842
143 52 0.0792079207920792
143 51 0.0891089108910891
143 50 0.0891089108910891
143 49 0.0792079207920792
143 48 0.0792079207920792
143 47 0.0792079207920792
143 46 0.0742574257425743
143 45 0.0792079207920792
143 44 0.0841584158415842
143 43 0.0792079207920792
143 42 0.0841584158415842
143 41 0.0841584158415842
143 40 0.0643564356435644
143 39 0.0742574257425743
143 38 0.0742574257425743
143 37 0.0742574257425743
143 36 0.0891089108910891
143 35 0.0891089108910891
143 34 0.0891089108910891
143 33 0.0891089108910891
143 32 0.0841584158415842
143 31 0.0940594059405941
143 30 0.099009900990099
143 29 0.103960396039604
143 28 0.099009900990099
143 27 0.099009900990099
143 26 0.0792079207920792
143 25 0.0841584158415842
143 24 0.0841584158415842
143 23 0.0792079207920792
143 22 0.103960396039604
143 21 0.113861386138614
143 20 0.099009900990099
143 19 0.0940594059405941
143 18 0.0891089108910891
143 17 0.099009900990099
143 16 0.099009900990099
143 15 0.133663366336634
143 14 0.128712871287129
143 13 0.133663366336634
143 12 0.123762376237624
143 11 0.123762376237624
143 10 0.138613861386139
143 9 0.143564356435644
143 8 0.133663366336634
143 7 0.202970297029703
143 6 0.168316831683168
143 5 0.163366336633663
143 4 0.183168316831683
143 3 0.188118811881188
143 2 0.292079207920792
143 1 0.212871287128713
