37 177555 0.252475247524752
37 17756 0.207920792079208
37 1776 0.178217821782178
37 200 0.108910891089109
37 199 0.103960396039604
37 198 0.123762376237624
37 197 0.103960396039604
37 196 0.103960396039604
37 195 0.118811881188119
37 194 0.118811881188119
37 193 0.103960396039604
37 192 0.108910891089109
37 191 0.108910891089109
37 190 0.108910891089109
37 189 0.118811881188119
37 188 0.103960396039604
37 187 0.103960396039604
37 186 0.113861386138614
37 185 0.108910891089109
37 184 0.118811881188119
37 183 0.103960396039604
37 182 0.108910891089109
37 181 0.108910891089109
37 180 0.108910891089109
37 179 0.108910891089109
37 178 0.113861386138614
37 177 0.113861386138614
37 176 0.113861386138614
37 175 0.099009900990099
37 174 0.113861386138614
37 173 0.103960396039604
37 172 0.113861386138614
37 171 0.113861386138614
37 170 0.099009900990099
37 169 0.108910891089109
37 168 0.103960396039604
37 167 0.113861386138614
37 166 0.118811881188119
37 165 0.108910891089109
37 164 0.108910891089109
37 163 0.108910891089109
37 162 0.118811881188119
37 161 0.103960396039604
37 160 0.113861386138614
37 159 0.0940594059405941
37 158 0.108910891089109
37 157 0.099009900990099
37 156 0.0940594059405941
37 155 0.108910891089109
37 154 0.099009900990099
37 153 0.103960396039604
37 152 0.099009900990099
37 151 0.103960396039604
37 150 0.0940594059405941
37 149 0.099009900990099
37 148 0.103960396039604
37 147 0.099009900990099
37 146 0.099009900990099
37 145 0.118811881188119
37 144 0.099009900990099
37 143 0.103960396039604
37 142 0.103960396039604
37 141 0.0940594059405941
37 140 0.103960396039604
37 139 0.108910891089109
37 138 0.0940594059405941
37 137 0.099009900990099
37 136 0.099009900990099
37 135 0.103960396039604
37 134 0.103960396039604
37 133 0.099009900990099
37 132 0.0940594059405941
37 131 0.0940594059405941
37 130 0.0891089108910891
37 129 0.099009900990099
37 128 0.0940594059405941
37 127 0.0940594059405941
37 126 0.103960396039604
37 125 0.103960396039604
37 124 0.0940594059405941
37 123 0.0891089108910891
37 122 0.103960396039604
37 121 0.099009900990099
37 120 0.0940594059405941
37 119 0.103960396039604
37 118 0.099009900990099
37 117 0.103960396039604
37 116 0.0940594059405941
37 115 0.0940594059405941
37 114 0.0940594059405941
37 113 0.0940594059405941
37 112 0.0940594059405941
37 111 0.099009900990099
37 110 0.0940594059405941
37 109 0.0891089108910891
37 108 0.0841584158415842
37 107 0.0940594059405941
37 106 0.099009900990099
37 105 0.0841584158415842
37 104 0.103960396039604
37 103 0.0940594059405941
37 102 0.099009900990099
37 101 0.0940594059405941
37 100 0.099009900990099
37 99 0.099009900990099
37 98 0.0891089108910891
37 97 0.0940594059405941
37 96 0.0891089108910891
37 95 0.099009900990099
37 94 0.0891089108910891
37 93 0.099009900990099
37 92 0.099009900990099
37 91 0.0940594059405941
37 90 0.0940594059405941
37 89 0.0940594059405941
37 88 0.0841584158415842
37 87 0.0841584158415842
37 86 0.0891089108910891
37 85 0.0891089108910891
37 84 0.0841584158415842
37 83 0.0841584158415842
37 82 0.0841584158415842
37 81 0.099009900990099
37 80 0.0891089108910891
37 79 0.0891089108910891
37 78 0.099009900990099
37 77 0.0940594059405941
37 76 0.099009900990099
37 75 0.099009900990099
37 74 0.099009900990099
37 73 0.0891089108910891
37 72 0.0940594059405941
37 71 0.108910891089109
37 70 0.103960396039604
37 69 0.103960396039604
37 68 0.103960396039604
37 67 0.099009900990099
37 66 0.099009900990099
37 65 0.099009900990099
37 64 0.103960396039604
37 63 0.0940594059405941
37 62 0.099009900990099
37 61 0.099009900990099
37 60 0.099009900990099
37 59 0.0940594059405941
37 58 0.099009900990099
37 57 0.099009900990099
37 56 0.108910891089109
37 55 0.099009900990099
37 54 0.099009900990099
37 53 0.0940594059405941
37 52 0.0891089108910891
37 51 0.099009900990099
37 50 0.0891089108910891
37 49 0.099009900990099
37 48 0.0891089108910891
37 47 0.0940594059405941
37 46 0.103960396039604
37 45 0.103960396039604
37 44 0.0940594059405941
37 43 0.103960396039604
37 42 0.0891089108910891
37 41 0.103960396039604
37 40 0.0891089108910891
37 39 0.108910891089109
37 38 0.099009900990099
37 37 0.0940594059405941
37 36 0.099009900990099
37 35 0.0841584158415842
37 34 0.108910891089109
37 33 0.0940594059405941
37 32 0.108910891089109
37 31 0.099009900990099
37 30 0.103960396039604
37 29 0.103960396039604
37 28 0.108910891089109
37 27 0.0891089108910891
37 26 0.103960396039604
37 25 0.103960396039604
37 24 0.0891089108910891
37 23 0.099009900990099
37 22 0.108910891089109
37 21 0.123762376237624
37 20 0.099009900990099
37 19 0.113861386138614
37 18 0.108910891089109
37 17 0.123762376237624
37 16 0.103960396039604
37 15 0.128712871287129
37 14 0.138613861386139
37 13 0.133663366336634
37 12 0.158415841584158
37 11 0.158415841584158
37 10 0.128712871287129
37 9 0.173267326732673
37 8 0.128712871287129
37 7 0.133663366336634
37 6 0.153465346534653
37 5 0.138613861386139
37 4 0.138613861386139
37 3 0.168316831683168
37 2 0.148514851485149
37 1 0.247524752475248
