157 177555 0.227722772277228
157 17756 0.207920792079208
157 1776 0.173267326732673
157 200 0.123762376237624
157 199 0.123762376237624
157 198 0.118811881188119
157 197 0.118811881188119
157 196 0.118811881188119
157 195 0.118811881188119
157 194 0.118811881188119
157 193 0.128712871287129
157 192 0.099009900990099
157 191 0.108910891089109
157 190 0.103960396039604
157 189 0.103960396039604
157 188 0.128712871287129
157 187 0.108910891089109
157 186 0.128712871287129
157 185 0.123762376237624
157 184 0.113861386138614
157 183 0.103960396039604
157 182 0.113861386138614
157 181 0.118811881188119
157 180 0.113861386138614
157 179 0.103960396039604
157 178 0.118811881188119
157 177 0.113861386138614
157 176 0.113861386138614
157 175 0.108910891089109
157 174 0.103960396039604
157 173 0.108910891089109
157 172 0.123762376237624
157 171 0.113861386138614
157 170 0.108910891089109
157 169 0.108910891089109
157 168 0.108910891089109
157 167 0.113861386138614
157 166 0.108910891089109
157 165 0.113861386138614
157 164 0.118811881188119
157 163 0.113861386138614
157 162 0.118811881188119
157 161 0.113861386138614
157 160 0.113861386138614
157 159 0.108910891089109
157 158 0.108910891089109
157 157 0.118811881188119
157 156 0.113861386138614
157 155 0.103960396039604
157 154 0.118811881188119
157 153 0.0940594059405941
157 152 0.103960396039604
157 151 0.108910891089109
157 150 0.0940594059405941
157 149 0.0940594059405941
157 148 0.103960396039604
157 147 0.108910891089109
157 146 0.103960396039604
157 145 0.103960396039604
157 144 0.099009900990099
157 143 0.0940594059405941
157 142 0.113861386138614
157 141 0.113861386138614
157 140 0.108910891089109
157 139 0.099009900990099
157 138 0.0940594059405941
157 137 0.099009900990099
157 136 0.099009900990099
157 135 0.108910891089109
157 134 0.108910891089109
157 133 0.118811881188119
157 132 0.113861386138614
157 131 0.108910891089109
157 130 0.113861386138614
157 129 0.108910891089109
157 128 0.108910891089109
157 127 0.108910891089109
157 126 0.103960396039604
157 125 0.108910891089109
157 124 0.108910891089109
157 123 0.099009900990099
157 122 0.103960396039604
157 121 0.103960396039604
157 120 0.113861386138614
157 119 0.113861386138614
157 118 0.113861386138614
157 117 0.099009900990099
157 116 0.103960396039604
157 115 0.108910891089109
157 114 0.103960396039604
157 113 0.103960396039604
157 112 0.108910891089109
157 111 0.108910891089109
157 110 0.113861386138614
157 109 0.099009900990099
157 108 0.108910891089109
157 107 0.103960396039604
157 106 0.108910891089109
157 105 0.108910891089109
157 104 0.0940594059405941
157 103 0.103960396039604
157 102 0.108910891089109
157 101 0.103960396039604
157 100 0.103960396039604
157 99 0.0841584158415842
157 98 0.0940594059405941
157 97 0.099009900990099
157 96 0.099009900990099
157 95 0.103960396039604
157 94 0.099009900990099
157 93 0.0891089108910891
157 92 0.108910891089109
157 91 0.118811881188119
157 90 0.0940594059405941
157 89 0.0940594059405941
157 88 0.0940594059405941
157 87 0.0841584158415842
157 86 0.0841584158415842
157 85 0.0940594059405941
157 84 0.0940594059405941
157 83 0.0841584158415842
157 82 0.099009900990099
157 81 0.0841584158415842
157 80 0.0940594059405941
157 79 0.108910891089109
157 78 0.0841584158415842
157 77 0.099009900990099
157 76 0.0841584158415842
157 75 0.0841584158415842
157 74 0.0792079207920792
157 73 0.103960396039604
157 72 0.103960396039604
157 71 0.0841584158415842
157 70 0.103960396039604
157 69 0.0940594059405941
157 68 0.103960396039604
157 67 0.0841584158415842
157 66 0.099009900990099
157 65 0.0792079207920792
157 64 0.0940594059405941
157 63 0.0792079207920792
157 62 0.103960396039604
157 61 0.099009900990099
157 60 0.099009900990099
157 59 0.0940594059405941
157 58 0.0940594059405941
157 57 0.0841584158415842
157 56 0.0841584158415842
157 55 0.0742574257425743
157 54 0.0792079207920792
157 53 0.0841584158415842
157 52 0.0891089108910891
157 51 0.0742574257425743
157 50 0.0693069306930693
157 49 0.0792079207920792
157 48 0.0891089108910891
157 47 0.0742574257425743
157 46 0.0940594059405941
157 45 0.0891089108910891
157 44 0.0940594059405941
157 43 0.108910891089109
157 42 0.0891089108910891
157 41 0.099009900990099
157 40 0.113861386138614
157 39 0.0841584158415842
157 38 0.099009900990099
157 37 0.118811881188119
157 36 0.103960396039604
157 35 0.123762376237624
157 34 0.108910891089109
157 33 0.108910891089109
157 32 0.108910891089109
157 31 0.099009900990099
157 30 0.118811881188119
157 29 0.113861386138614
157 28 0.128712871287129
157 27 0.113861386138614
157 26 0.113861386138614
157 25 0.118811881188119
157 24 0.108910891089109
157 23 0.118811881188119
157 22 0.123762376237624
157 21 0.123762376237624
157 20 0.128712871287129
157 19 0.113861386138614
157 18 0.108910891089109
157 17 0.103960396039604
157 16 0.108910891089109
157 15 0.099009900990099
157 14 0.099009900990099
157 13 0.128712871287129
157 12 0.133663366336634
157 11 0.133663366336634
157 10 0.168316831683168
157 9 0.133663366336634
157 8 0.123762376237624
157 7 0.148514851485149
157 6 0.143564356435644
157 5 0.138613861386139
157 4 0.188118811881188
157 3 0.138613861386139
157 2 0.178217821782178
157 1 0.217821782178218
