95 177555 0.242574257425743
95 17756 0.207920792079208
95 1776 0.158415841584158
95 200 0.113861386138614
95 199 0.128712871287129
95 198 0.118811881188119
95 197 0.118811881188119
95 196 0.123762376237624
95 195 0.118811881188119
95 194 0.123762376237624
95 193 0.118811881188119
95 192 0.118811881188119
95 191 0.118811881188119
95 190 0.123762376237624
95 189 0.118811881188119
95 188 0.113861386138614
95 187 0.118811881188119
95 186 0.118811881188119
95 185 0.113861386138614
95 184 0.118811881188119
95 183 0.123762376237624
95 182 0.113861386138614
95 181 0.123762376237624
95 180 0.113861386138614
95 179 0.118811881188119
95 178 0.118811881188119
95 177 0.113861386138614
95 176 0.118811881188119
95 175 0.113861386138614
95 174 0.118811881188119
95 173 0.118811881188119
95 172 0.118811881188119
95 171 0.118811881188119
95 170 0.123762376237624
95 169 0.113861386138614
95 168 0.118811881188119
95 167 0.113861386138614
95 166 0.118811881188119
95 165 0.118811881188119
95 164 0.118811881188119
95 163 0.118811881188119
95 162 0.118811881188119
95 161 0.118811881188119
95 160 0.118811881188119
95 159 0.118811881188119
95 158 0.113861386138614
95 157 0.118811881188119
95 156 0.113861386138614
95 155 0.103960396039604
95 154 0.113861386138614
95 153 0.113861386138614
95 152 0.118811881188119
95 151 0.113861386138614
95 150 0.108910891089109
95 149 0.113861386138614
95 148 0.108910891089109
95 147 0.113861386138614
95 146 0.113861386138614
95 145 0.113861386138614
95 144 0.118811881188119
95 143 0.118811881188119
95 142 0.113861386138614
95 141 0.118811881188119
95 140 0.118811881188119
95 139 0.118811881188119
95 138 0.118811881188119
95 137 0.113861386138614
95 136 0.108910891089109
95 135 0.113861386138614
95 134 0.099009900990099
95 133 0.118811881188119
95 132 0.108910891089109
95 131 0.108910891089109
95 130 0.108910891089109
95 129 0.103960396039604
95 128 0.118811881188119
95 127 0.108910891089109
95 126 0.099009900990099
95 125 0.113861386138614
95 124 0.103960396039604
95 123 0.118811881188119
95 122 0.103960396039604
95 121 0.113861386138614
95 120 0.118811881188119
95 119 0.103960396039604
95 118 0.108910891089109
95 117 0.0891089108910891
95 116 0.108910891089109
95 115 0.118811881188119
95 114 0.103960396039604
95 113 0.103960396039604
95 112 0.108910891089109
95 111 0.108910891089109
95 110 0.103960396039604
95 109 0.108910891089109
95 108 0.108910891089109
95 107 0.108910891089109
95 106 0.113861386138614
95 105 0.103960396039604
95 104 0.103960396039604
95 103 0.108910891089109
95 102 0.103960396039604
95 101 0.103960396039604
95 100 0.108910891089109
95 99 0.099009900990099
95 98 0.099009900990099
95 97 0.0940594059405941
95 96 0.099009900990099
95 95 0.099009900990099
95 94 0.099009900990099
95 93 0.103960396039604
95 92 0.0891089108910891
95 91 0.099009900990099
95 90 0.0891089108910891
95 89 0.0940594059405941
95 88 0.0940594059405941
95 87 0.0940594059405941
95 86 0.0940594059405941
95 85 0.099009900990099
95 84 0.103960396039604
95 83 0.099009900990099
95 82 0.0940594059405941
95 81 0.099009900990099
95 80 0.0940594059405941
95 79 0.0891089108910891
95 78 0.0891089108910891
95 77 0.0891089108910891
95 76 0.099009900990099
95 75 0.0940594059405941
95 74 0.0891089108910891
95 73 0.0940594059405941
95 72 0.0940594059405941
95 71 0.0841584158415842
95 70 0.0891089108910891
95 69 0.099009900990099
95 68 0.0841584158415842
95 67 0.099009900990099
95 66 0.0841584158415842
95 65 0.0891089108910891
95 64 0.0792079207920792
95 63 0.0841584158415842
95 62 0.0940594059405941
95 61 0.0841584158415842
95 60 0.099009900990099
95 59 0.0841584158415842
95 58 0.0742574257425743
95 57 0.0841584158415842
95 56 0.0792079207920792
95 55 0.0841584158415842
95 54 0.0891089108910891
95 53 0.0841584158415842
95 52 0.0841584158415842
95 51 0.0891089108910891
95 50 0.0891089108910891
95 49 0.099009900990099
95 48 0.0891089108910891
95 47 0.0940594059405941
95 46 0.0841584158415842
95 45 0.0841584158415842
95 44 0.0891089108910891
95 43 0.0940594059405941
95 42 0.099009900990099
95 41 0.108910891089109
95 40 0.099009900990099
95 39 0.0891089108910891
95 38 0.113861386138614
95 37 0.0841584158415842
95 36 0.103960396039604
95 35 0.108910891089109
95 34 0.0940594059405941
95 33 0.099009900990099
95 32 0.099009900990099
95 31 0.099009900990099
95 30 0.099009900990099
95 29 0.099009900990099
95 28 0.099009900990099
95 27 0.0940594059405941
95 26 0.113861386138614
95 25 0.118811881188119
95 24 0.123762376237624
95 23 0.113861386138614
95 22 0.118811881188119
95 21 0.123762376237624
95 20 0.133663366336634
95 19 0.138613861386139
95 18 0.128712871287129
95 17 0.123762376237624
95 16 0.138613861386139
95 15 0.133663366336634
95 14 0.138613861386139
95 13 0.128712871287129
95 12 0.128712871287129
95 11 0.128712871287129
95 10 0.133663366336634
95 9 0.138613861386139
95 8 0.133663366336634
95 7 0.133663366336634
95 6 0.138613861386139
95 5 0.138613861386139
95 4 0.138613861386139
95 3 0.173267326732673
95 2 0.198019801980198
95 1 0.257425742574257
