99 177555 0.227722772277228
99 17756 0.222772277227723
99 1776 0.163366336633663
99 200 0.128712871287129
99 199 0.128712871287129
99 198 0.128712871287129
99 197 0.138613861386139
99 196 0.133663366336634
99 195 0.128712871287129
99 194 0.118811881188119
99 193 0.133663366336634
99 192 0.133663366336634
99 191 0.138613861386139
99 190 0.133663366336634
99 189 0.128712871287129
99 188 0.118811881188119
99 187 0.113861386138614
99 186 0.123762376237624
99 185 0.138613861386139
99 184 0.128712871287129
99 183 0.123762376237624
99 182 0.113861386138614
99 181 0.108910891089109
99 180 0.128712871287129
99 179 0.133663366336634
99 178 0.128712871287129
99 177 0.128712871287129
99 176 0.128712871287129
99 175 0.123762376237624
99 174 0.113861386138614
99 173 0.118811881188119
99 172 0.123762376237624
99 171 0.123762376237624
99 170 0.113861386138614
99 169 0.118811881188119
99 168 0.113861386138614
99 167 0.123762376237624
99 166 0.108910891089109
99 165 0.118811881188119
99 164 0.113861386138614
99 163 0.108910891089109
99 162 0.128712871287129
99 161 0.108910891089109
99 160 0.113861386138614
99 159 0.099009900990099
99 158 0.128712871287129
99 157 0.103960396039604
99 156 0.103960396039604
99 155 0.133663366336634
99 154 0.118811881188119
99 153 0.113861386138614
99 152 0.108910891089109
99 151 0.113861386138614
99 150 0.113861386138614
99 149 0.108910891089109
99 148 0.118811881188119
99 147 0.113861386138614
99 146 0.103960396039604
99 145 0.113861386138614
99 144 0.118811881188119
99 143 0.113861386138614
99 142 0.123762376237624
99 141 0.108910891089109
99 140 0.108910891089109
99 139 0.113861386138614
99 138 0.113861386138614
99 137 0.113861386138614
99 136 0.118811881188119
99 135 0.103960396039604
99 134 0.108910891089109
99 133 0.113861386138614
99 132 0.108910891089109
99 131 0.108910891089109
99 130 0.128712871287129
99 129 0.113861386138614
99 128 0.099009900990099
99 127 0.108910891089109
99 126 0.108910891089109
99 125 0.113861386138614
99 124 0.099009900990099
99 123 0.103960396039604
99 122 0.118811881188119
99 121 0.108910891089109
99 120 0.113861386138614
99 119 0.108910891089109
99 118 0.113861386138614
99 117 0.103960396039604
99 116 0.118811881188119
99 115 0.113861386138614
99 114 0.108910891089109
99 113 0.108910891089109
99 112 0.108910891089109
99 111 0.0841584158415842
99 110 0.113861386138614
99 109 0.113861386138614
99 108 0.108910891089109
99 107 0.103960396039604
99 106 0.0940594059405941
99 105 0.099009900990099
99 104 0.099009900990099
99 103 0.123762376237624
99 102 0.108910891089109
99 101 0.099009900990099
99 100 0.108910891089109
99 99 0.099009900990099
99 98 0.103960396039604
99 97 0.103960396039604
99 96 0.108910891089109
99 95 0.103960396039604
99 94 0.0891089108910891
99 93 0.118811881188119
99 92 0.099009900990099
99 91 0.113861386138614
99 90 0.103960396039604
99 89 0.108910891089109
99 88 0.099009900990099
99 87 0.103960396039604
99 86 0.108910891089109
99 85 0.113861386138614
99 84 0.0940594059405941
99 83 0.0891089108910891
99 82 0.099009900990099
99 81 0.0940594059405941
99 80 0.0891089108910891
99 79 0.0940594059405941
99 78 0.0940594059405941
99 77 0.103960396039604
99 76 0.099009900990099
99 75 0.0891089108910891
99 74 0.108910891089109
99 73 0.099009900990099
99 72 0.0940594059405941
99 71 0.099009900990099
99 70 0.108910891089109
99 69 0.108910891089109
99 68 0.103960396039604
99 67 0.0940594059405941
99 66 0.0940594059405941
99 65 0.099009900990099
99 64 0.099009900990099
99 63 0.0940594059405941
99 62 0.099009900990099
99 61 0.099009900990099
99 60 0.099009900990099
99 59 0.0940594059405941
99 58 0.099009900990099
99 57 0.099009900990099
99 56 0.103960396039604
99 55 0.099009900990099
99 54 0.0891089108910891
99 53 0.099009900990099
99 52 0.0940594059405941
99 51 0.0940594059405941
99 50 0.0940594059405941
99 49 0.0940594059405941
99 48 0.0940594059405941
99 47 0.108910891089109
99 46 0.0940594059405941
99 45 0.108910891089109
99 44 0.099009900990099
99 43 0.108910891089109
99 42 0.103960396039604
99 41 0.108910891089109
99 40 0.108910891089109
99 39 0.108910891089109
99 38 0.108910891089109
99 37 0.113861386138614
99 36 0.118811881188119
99 35 0.113861386138614
99 34 0.118811881188119
99 33 0.128712871287129
99 32 0.123762376237624
99 31 0.133663366336634
99 30 0.118811881188119
99 29 0.113861386138614
99 28 0.118811881188119
99 27 0.103960396039604
99 26 0.123762376237624
99 25 0.128712871287129
99 24 0.113861386138614
99 23 0.133663366336634
99 22 0.128712871287129
99 21 0.133663366336634
99 20 0.148514851485149
99 19 0.143564356435644
99 18 0.143564356435644
99 17 0.153465346534653
99 16 0.153465346534653
99 15 0.173267326732673
99 14 0.158415841584158
99 13 0.143564356435644
99 12 0.148514851485149
99 11 0.143564356435644
99 10 0.148514851485149
99 9 0.153465346534653
99 8 0.143564356435644
99 7 0.138613861386139
99 6 0.133663366336634
99 5 0.123762376237624
99 4 0.163366336633663
99 3 0.198019801980198
99 2 0.212871287128713
99 1 0.212871287128713
