69 177555 0.217821782178218
69 17756 0.232673267326733
69 1776 0.173267326732673
69 200 0.118811881188119
69 199 0.128712871287129
69 198 0.113861386138614
69 197 0.113861386138614
69 196 0.118811881188119
69 195 0.113861386138614
69 194 0.113861386138614
69 193 0.118811881188119
69 192 0.108910891089109
69 191 0.108910891089109
69 190 0.123762376237624
69 189 0.123762376237624
69 188 0.118811881188119
69 187 0.118811881188119
69 186 0.118811881188119
69 185 0.123762376237624
69 184 0.123762376237624
69 183 0.108910891089109
69 182 0.118811881188119
69 181 0.118811881188119
69 180 0.108910891089109
69 179 0.108910891089109
69 178 0.108910891089109
69 177 0.099009900990099
69 176 0.118811881188119
69 175 0.108910891089109
69 174 0.103960396039604
69 173 0.113861386138614
69 172 0.113861386138614
69 171 0.118811881188119
69 170 0.118811881188119
69 169 0.118811881188119
69 168 0.113861386138614
69 167 0.118811881188119
69 166 0.108910891089109
69 165 0.113861386138614
69 164 0.118811881188119
69 163 0.118811881188119
69 162 0.108910891089109
69 161 0.108910891089109
69 160 0.128712871287129
69 159 0.108910891089109
69 158 0.103960396039604
69 157 0.103960396039604
69 156 0.118811881188119
69 155 0.113861386138614
69 154 0.108910891089109
69 153 0.103960396039604
69 152 0.113861386138614
69 151 0.118811881188119
69 150 0.113861386138614
69 149 0.103960396039604
69 148 0.103960396039604
69 147 0.108910891089109
69 146 0.113861386138614
69 145 0.108910891089109
69 144 0.118811881188119
69 143 0.118811881188119
69 142 0.123762376237624
69 141 0.113861386138614
69 140 0.113861386138614
69 139 0.103960396039604
69 138 0.113861386138614
69 137 0.118811881188119
69 136 0.108910891089109
69 135 0.128712871287129
69 134 0.123762376237624
69 133 0.099009900990099
69 132 0.099009900990099
69 131 0.113861386138614
69 130 0.118811881188119
69 129 0.0940594059405941
69 128 0.113861386138614
69 127 0.108910891089109
69 126 0.103960396039604
69 125 0.103960396039604
69 124 0.103960396039604
69 123 0.103960396039604
69 122 0.113861386138614
69 121 0.099009900990099
69 120 0.108910891089109
69 119 0.108910891089109
69 118 0.099009900990099
69 117 0.108910891089109
69 116 0.103960396039604
69 115 0.108910891089109
69 114 0.099009900990099
69 113 0.103960396039604
69 112 0.099009900990099
69 111 0.113861386138614
69 110 0.0940594059405941
69 109 0.103960396039604
69 108 0.108910891089109
69 107 0.108910891089109
69 106 0.108910891089109
69 105 0.113861386138614
69 104 0.108910891089109
69 103 0.103960396039604
69 102 0.103960396039604
69 101 0.113861386138614
69 100 0.113861386138614
69 99 0.113861386138614
69 98 0.108910891089109
69 97 0.113861386138614
69 96 0.103960396039604
69 95 0.103960396039604
69 94 0.108910891089109
69 93 0.103960396039604
69 92 0.108910891089109
69 91 0.103960396039604
69 90 0.108910891089109
69 89 0.099009900990099
69 88 0.108910891089109
69 87 0.118811881188119
69 86 0.099009900990099
69 85 0.108910891089109
69 84 0.108910891089109
69 83 0.103960396039604
69 82 0.108910891089109
69 81 0.103960396039604
69 80 0.108910891089109
69 79 0.103960396039604
69 78 0.108910891089109
69 77 0.113861386138614
69 76 0.113861386138614
69 75 0.118811881188119
69 74 0.108910891089109
69 73 0.113861386138614
69 72 0.099009900990099
69 71 0.118811881188119
69 70 0.108910891089109
69 69 0.113861386138614
69 68 0.108910891089109
69 67 0.099009900990099
69 66 0.108910891089109
69 65 0.118811881188119
69 64 0.0940594059405941
69 63 0.103960396039604
69 62 0.113861386138614
69 61 0.103960396039604
69 60 0.0940594059405941
69 59 0.113861386138614
69 58 0.099009900990099
69 57 0.0891089108910891
69 56 0.103960396039604
69 55 0.099009900990099
69 54 0.099009900990099
69 53 0.108910891089109
69 52 0.099009900990099
69 51 0.099009900990099
69 50 0.103960396039604
69 49 0.0940594059405941
69 48 0.099009900990099
69 47 0.0891089108910891
69 46 0.099009900990099
69 45 0.099009900990099
69 44 0.0891089108910891
69 43 0.099009900990099
69 42 0.0940594059405941
69 41 0.103960396039604
69 40 0.099009900990099
69 39 0.113861386138614
69 38 0.099009900990099
69 37 0.099009900990099
69 36 0.103960396039604
69 35 0.0940594059405941
69 34 0.103960396039604
69 33 0.113861386138614
69 32 0.103960396039604
69 31 0.128712871287129
69 30 0.113861386138614
69 29 0.113861386138614
69 28 0.113861386138614
69 27 0.103960396039604
69 26 0.103960396039604
69 25 0.113861386138614
69 24 0.118811881188119
69 23 0.108910891089109
69 22 0.103960396039604
69 21 0.118811881188119
69 20 0.128712871287129
69 19 0.128712871287129
69 18 0.128712871287129
69 17 0.118811881188119
69 16 0.128712871287129
69 15 0.138613861386139
69 14 0.128712871287129
69 13 0.133663366336634
69 12 0.118811881188119
69 11 0.138613861386139
69 10 0.163366336633663
69 9 0.133663366336634
69 8 0.138613861386139
69 7 0.183168316831683
69 6 0.148514851485149
69 5 0.148514851485149
69 4 0.247524752475248
69 3 0.183168316831683
69 2 0.222772277227723
69 1 0.247524752475248
