4 177555 0.222772277227723
4 17756 0.202970297029703
4 1776 0.168316831683168
4 200 0.128712871287129
4 199 0.123762376237624
4 198 0.123762376237624
4 197 0.123762376237624
4 196 0.108910891089109
4 195 0.128712871287129
4 194 0.113861386138614
4 193 0.113861386138614
4 192 0.123762376237624
4 191 0.123762376237624
4 190 0.133663366336634
4 189 0.118811881188119
4 188 0.118811881188119
4 187 0.128712871287129
4 186 0.118811881188119
4 185 0.123762376237624
4 184 0.118811881188119
4 183 0.108910891089109
4 182 0.108910891089109
4 181 0.113861386138614
4 180 0.108910891089109
4 179 0.113861386138614
4 178 0.118811881188119
4 177 0.113861386138614
4 176 0.123762376237624
4 175 0.128712871287129
4 174 0.123762376237624
4 173 0.113861386138614
4 172 0.108910891089109
4 171 0.118811881188119
4 170 0.118811881188119
4 169 0.113861386138614
4 168 0.103960396039604
4 167 0.123762376237624
4 166 0.108910891089109
4 165 0.123762376237624
4 164 0.113861386138614
4 163 0.108910891089109
4 162 0.108910891089109
4 161 0.113861386138614
4 160 0.113861386138614
4 159 0.108910891089109
4 158 0.123762376237624
4 157 0.113861386138614
4 156 0.113861386138614
4 155 0.108910891089109
4 154 0.118811881188119
4 153 0.118811881188119
4 152 0.118811881188119
4 151 0.113861386138614
4 150 0.113861386138614
4 149 0.113861386138614
4 148 0.113861386138614
4 147 0.123762376237624
4 146 0.118811881188119
4 145 0.108910891089109
4 144 0.118811881188119
4 143 0.108910891089109
4 142 0.113861386138614
4 141 0.118811881188119
4 140 0.118811881188119
4 139 0.113861386138614
4 138 0.113861386138614
4 137 0.118811881188119
4 136 0.128712871287129
4 135 0.113861386138614
4 134 0.113861386138614
4 133 0.118811881188119
4 132 0.133663366336634
4 131 0.103960396039604
4 130 0.108910891089109
4 129 0.128712871287129
4 128 0.113861386138614
4 127 0.123762376237624
4 126 0.118811881188119
4 125 0.118811881188119
4 124 0.113861386138614
4 123 0.108910891089109
4 122 0.113861386138614
4 121 0.113861386138614
4 120 0.108910891089109
4 119 0.113861386138614
4 118 0.113861386138614
4 117 0.118811881188119
4 116 0.103960396039604
4 115 0.123762376237624
4 114 0.113861386138614
4 113 0.108910891089109
4 112 0.113861386138614
4 111 0.118811881188119
4 110 0.103960396039604
4 109 0.113861386138614
4 108 0.108910891089109
4 107 0.113861386138614
4 106 0.113861386138614
4 105 0.099009900990099
4 104 0.118811881188119
4 103 0.123762376237624
4 102 0.113861386138614
4 101 0.118811881188119
4 100 0.108910891089109
4 99 0.108910891089109
4 98 0.118811881188119
4 97 0.123762376237624
4 96 0.113861386138614
4 95 0.108910891089109
4 94 0.099009900990099
4 93 0.118811881188119
4 92 0.123762376237624
4 91 0.123762376237624
4 90 0.123762376237624
4 89 0.118811881188119
4 88 0.123762376237624
4 87 0.123762376237624
4 86 0.108910891089109
4 85 0.118811881188119
4 84 0.123762376237624
4 83 0.108910891089109
4 82 0.133663366336634
4 81 0.118811881188119
4 80 0.128712871287129
4 79 0.123762376237624
4 78 0.113861386138614
4 77 0.128712871287129
4 76 0.123762376237624
4 75 0.128712871287129
4 74 0.128712871287129
4 73 0.128712871287129
4 72 0.118811881188119
4 71 0.123762376237624
4 70 0.128712871287129
4 69 0.118811881188119
4 68 0.128712871287129
4 67 0.123762376237624
4 66 0.113861386138614
4 65 0.123762376237624
4 64 0.113861386138614
4 63 0.123762376237624
4 62 0.123762376237624
4 61 0.118811881188119
4 60 0.113861386138614
4 59 0.123762376237624
4 58 0.128712871287129
4 57 0.123762376237624
4 56 0.118811881188119
4 55 0.123762376237624
4 54 0.123762376237624
4 53 0.123762376237624
4 52 0.128712871287129
4 51 0.113861386138614
4 50 0.123762376237624
4 49 0.123762376237624
4 48 0.133663366336634
4 47 0.108910891089109
4 46 0.128712871287129
4 45 0.118811881188119
4 44 0.123762376237624
4 43 0.113861386138614
4 42 0.123762376237624
4 41 0.123762376237624
4 40 0.128712871287129
4 39 0.118811881188119
4 38 0.123762376237624
4 37 0.108910891089109
4 36 0.103960396039604
4 35 0.113861386138614
4 34 0.133663366336634
4 33 0.118811881188119
4 32 0.099009900990099
4 31 0.128712871287129
4 30 0.103960396039604
4 29 0.113861386138614
4 28 0.108910891089109
4 27 0.128712871287129
4 26 0.118811881188119
4 25 0.128712871287129
4 24 0.123762376237624
4 23 0.123762376237624
4 22 0.143564356435644
4 21 0.138613861386139
4 20 0.138613861386139
4 19 0.148514851485149
4 18 0.118811881188119
4 17 0.113861386138614
4 16 0.143564356435644
4 15 0.128712871287129
4 14 0.138613861386139
4 13 0.138613861386139
4 12 0.153465346534653
4 11 0.158415841584158
4 10 0.148514851485149
4 9 0.128712871287129
4 8 0.163366336633663
4 7 0.153465346534653
4 6 0.163366336633663
4 5 0.133663366336634
4 4 0.237623762376238
4 3 0.193069306930693
4 2 0.148514851485149
4 1 0.326732673267327
