114 177555 0.237623762376238
114 17756 0.193069306930693
114 1776 0.173267326732673
114 200 0.148514851485149
114 199 0.138613861386139
114 198 0.123762376237624
114 197 0.138613861386139
114 196 0.148514851485149
114 195 0.143564356435644
114 194 0.133663366336634
114 193 0.133663366336634
114 192 0.138613861386139
114 191 0.133663366336634
114 190 0.133663366336634
114 189 0.138613861386139
114 188 0.138613861386139
114 187 0.123762376237624
114 186 0.138613861386139
114 185 0.143564356435644
114 184 0.123762376237624
114 183 0.133663366336634
114 182 0.118811881188119
114 181 0.133663366336634
114 180 0.133663366336634
114 179 0.138613861386139
114 178 0.123762376237624
114 177 0.138613861386139
114 176 0.148514851485149
114 175 0.133663366336634
114 174 0.143564356435644
114 173 0.148514851485149
114 172 0.128712871287129
114 171 0.133663366336634
114 170 0.138613861386139
114 169 0.143564356435644
114 168 0.128712871287129
114 167 0.143564356435644
114 166 0.138613861386139
114 165 0.138613861386139
114 164 0.128712871287129
114 163 0.138613861386139
114 162 0.128712871287129
114 161 0.128712871287129
114 160 0.138613861386139
114 159 0.133663366336634
114 158 0.138613861386139
114 157 0.143564356435644
114 156 0.123762376237624
114 155 0.138613861386139
114 154 0.133663366336634
114 153 0.123762376237624
114 152 0.138613861386139
114 151 0.118811881188119
114 150 0.143564356435644
114 149 0.133663366336634
114 148 0.133663366336634
114 147 0.138613861386139
114 146 0.128712871287129
114 145 0.133663366336634
114 144 0.133663366336634
114 143 0.133663366336634
114 142 0.133663366336634
114 141 0.123762376237624
114 140 0.123762376237624
114 139 0.123762376237624
114 138 0.133663366336634
114 137 0.138613861386139
114 136 0.133663366336634
114 135 0.128712871287129
114 134 0.133663366336634
114 133 0.123762376237624
114 132 0.118811881188119
114 131 0.128712871287129
114 130 0.123762376237624
114 129 0.138613861386139
114 128 0.123762376237624
114 127 0.118811881188119
114 126 0.123762376237624
114 125 0.123762376237624
114 124 0.133663366336634
114 123 0.133663366336634
114 122 0.118811881188119
114 121 0.138613861386139
114 120 0.118811881188119
114 119 0.113861386138614
114 118 0.128712871287129
114 117 0.128712871287129
114 116 0.128712871287129
114 115 0.118811881188119
114 114 0.133663366336634
114 113 0.113861386138614
114 112 0.123762376237624
114 111 0.128712871287129
114 110 0.128712871287129
114 109 0.118811881188119
114 108 0.123762376237624
114 107 0.113861386138614
114 106 0.123762376237624
114 105 0.113861386138614
114 104 0.128712871287129
114 103 0.123762376237624
114 102 0.123762376237624
114 101 0.118811881188119
114 100 0.123762376237624
114 99 0.118811881188119
114 98 0.123762376237624
114 97 0.123762376237624
114 96 0.128712871287129
114 95 0.123762376237624
114 94 0.123762376237624
114 93 0.138613861386139
114 92 0.123762376237624
114 91 0.0940594059405941
114 90 0.118811881188119
114 89 0.118811881188119
114 88 0.113861386138614
114 87 0.113861386138614
114 86 0.113861386138614
114 85 0.118811881188119
114 84 0.0940594059405941
114 83 0.113861386138614
114 82 0.113861386138614
114 81 0.123762376237624
114 80 0.108910891089109
114 79 0.113861386138614
114 78 0.099009900990099
114 77 0.118811881188119
114 76 0.103960396039604
114 75 0.113861386138614
114 74 0.099009900990099
114 73 0.113861386138614
114 72 0.103960396039604
114 71 0.099009900990099
114 70 0.103960396039604
114 69 0.113861386138614
114 68 0.118811881188119
114 67 0.108910891089109
114 66 0.118811881188119
114 65 0.113861386138614
114 64 0.118811881188119
114 63 0.118811881188119
114 62 0.123762376237624
114 61 0.118811881188119
114 60 0.123762376237624
114 59 0.118811881188119
114 58 0.108910891089109
114 57 0.103960396039604
114 56 0.118811881188119
114 55 0.118811881188119
114 54 0.118811881188119
114 53 0.123762376237624
114 52 0.118811881188119
114 51 0.108910891089109
114 50 0.108910891089109
114 49 0.108910891089109
114 48 0.103960396039604
114 47 0.118811881188119
114 46 0.113861386138614
114 45 0.108910891089109
114 44 0.113861386138614
114 43 0.103960396039604
114 42 0.103960396039604
114 41 0.123762376237624
114 40 0.123762376237624
114 39 0.118811881188119
114 38 0.123762376237624
114 37 0.113861386138614
114 36 0.123762376237624
114 35 0.118811881188119
114 34 0.113861386138614
114 33 0.113861386138614
114 32 0.113861386138614
114 31 0.113861386138614
114 30 0.103960396039604
114 29 0.113861386138614
114 28 0.118811881188119
114 27 0.123762376237624
114 26 0.108910891089109
114 25 0.123762376237624
114 24 0.113861386138614
114 23 0.103960396039604
114 22 0.108910891089109
114 21 0.0940594059405941
114 20 0.128712871287129
114 19 0.118811881188119
114 18 0.148514851485149
114 17 0.143564356435644
114 16 0.133663366336634
114 15 0.123762376237624
114 14 0.143564356435644
114 13 0.138613861386139
114 12 0.143564356435644
114 11 0.158415841584158
114 10 0.153465346534653
114 9 0.153465346534653
114 8 0.148514851485149
114 7 0.198019801980198
114 6 0.207920792079208
114 5 0.242574257425743
114 4 0.183168316831683
114 3 0.163366336633663
114 2 0.198019801980198
114 1 0.207920792079208
