165 177555 0.247524752475248
165 17756 0.193069306930693
165 1776 0.173267326732673
165 200 0.133663366336634
165 199 0.138613861386139
165 198 0.133663366336634
165 197 0.133663366336634
165 196 0.138613861386139
165 195 0.133663366336634
165 194 0.133663366336634
165 193 0.138613861386139
165 192 0.128712871287129
165 191 0.133663366336634
165 190 0.148514851485149
165 189 0.138613861386139
165 188 0.133663366336634
165 187 0.133663366336634
165 186 0.133663366336634
165 185 0.133663366336634
165 184 0.128712871287129
165 183 0.133663366336634
165 182 0.138613861386139
165 181 0.138613861386139
165 180 0.143564356435644
165 179 0.143564356435644
165 178 0.143564356435644
165 177 0.133663366336634
165 176 0.133663366336634
165 175 0.133663366336634
165 174 0.138613861386139
165 173 0.133663366336634
165 172 0.133663366336634
165 171 0.138613861386139
165 170 0.138613861386139
165 169 0.143564356435644
165 168 0.133663366336634
165 167 0.133663366336634
165 166 0.133663366336634
165 165 0.133663366336634
165 164 0.133663366336634
165 163 0.133663366336634
165 162 0.128712871287129
165 161 0.143564356435644
165 160 0.128712871287129
165 159 0.138613861386139
165 158 0.148514851485149
165 157 0.133663366336634
165 156 0.133663366336634
165 155 0.133663366336634
165 154 0.128712871287129
165 153 0.123762376237624
165 152 0.128712871287129
165 151 0.133663366336634
165 150 0.123762376237624
165 149 0.123762376237624
165 148 0.138613861386139
165 147 0.133663366336634
165 146 0.128712871287129
165 145 0.128712871287129
165 144 0.128712871287129
165 143 0.123762376237624
165 142 0.123762376237624
165 141 0.138613861386139
165 140 0.133663366336634
165 139 0.128712871287129
165 138 0.128712871287129
165 137 0.128712871287129
165 136 0.128712871287129
165 135 0.133663366336634
165 134 0.128712871287129
165 133 0.128712871287129
165 132 0.118811881188119
165 131 0.133663366336634
165 130 0.128712871287129
165 129 0.128712871287129
165 128 0.123762376237624
165 127 0.133663366336634
165 126 0.128712871287129
165 125 0.123762376237624
165 124 0.133663366336634
165 123 0.118811881188119
165 122 0.128712871287129
165 121 0.123762376237624
165 120 0.128712871287129
165 119 0.133663366336634
165 118 0.128712871287129
165 117 0.133663366336634
165 116 0.143564356435644
165 115 0.123762376237624
165 114 0.128712871287129
165 113 0.128712871287129
165 112 0.138613861386139
165 111 0.128712871287129
165 110 0.133663366336634
165 109 0.133663366336634
165 108 0.138613861386139
165 107 0.128712871287129
165 106 0.118811881188119
165 105 0.138613861386139
165 104 0.128712871287129
165 103 0.123762376237624
165 102 0.128712871287129
165 101 0.128712871287129
165 100 0.133663366336634
165 99 0.128712871287129
165 98 0.128712871287129
165 97 0.128712871287129
165 96 0.138613861386139
165 95 0.133663366336634
165 94 0.128712871287129
165 93 0.123762376237624
165 92 0.123762376237624
165 91 0.123762376237624
165 90 0.128712871287129
165 89 0.123762376237624
165 88 0.133663366336634
165 87 0.123762376237624
165 86 0.128712871287129
165 85 0.133663366336634
165 84 0.123762376237624
165 83 0.123762376237624
165 82 0.128712871287129
165 81 0.123762376237624
165 80 0.118811881188119
165 79 0.118811881188119
165 78 0.118811881188119
165 77 0.108910891089109
165 76 0.123762376237624
165 75 0.113861386138614
165 74 0.118811881188119
165 73 0.118811881188119
165 72 0.128712871287129
165 71 0.123762376237624
165 70 0.118811881188119
165 69 0.113861386138614
165 68 0.113861386138614
165 67 0.128712871287129
165 66 0.118811881188119
165 65 0.118811881188119
165 64 0.123762376237624
165 63 0.103960396039604
165 62 0.123762376237624
165 61 0.108910891089109
165 60 0.118811881188119
165 59 0.113861386138614
165 58 0.113861386138614
165 57 0.108910891089109
165 56 0.108910891089109
165 55 0.123762376237624
165 54 0.103960396039604
165 53 0.103960396039604
165 52 0.108910891089109
165 51 0.113861386138614
165 50 0.118811881188119
165 49 0.103960396039604
165 48 0.103960396039604
165 47 0.113861386138614
165 46 0.113861386138614
165 45 0.123762376237624
165 44 0.108910891089109
165 43 0.113861386138614
165 42 0.128712871287129
165 41 0.108910891089109
165 40 0.103960396039604
165 39 0.099009900990099
165 38 0.099009900990099
165 37 0.113861386138614
165 36 0.108910891089109
165 35 0.108910891089109
165 34 0.108910891089109
165 33 0.099009900990099
165 32 0.103960396039604
165 31 0.113861386138614
165 30 0.108910891089109
165 29 0.118811881188119
165 28 0.113861386138614
165 27 0.113861386138614
165 26 0.103960396039604
165 25 0.118811881188119
165 24 0.108910891089109
165 23 0.123762376237624
165 22 0.103960396039604
165 21 0.118811881188119
165 20 0.099009900990099
165 19 0.103960396039604
165 18 0.113861386138614
165 17 0.108910891089109
165 16 0.113861386138614
165 15 0.118811881188119
165 14 0.108910891089109
165 13 0.128712871287129
165 12 0.118811881188119
165 11 0.113861386138614
165 10 0.108910891089109
165 9 0.123762376237624
165 8 0.138613861386139
165 7 0.158415841584158
165 6 0.178217821782178
165 5 0.222772277227723
165 4 0.173267326732673
165 3 0.163366336633663
165 2 0.202970297029703
165 1 0.227722772277228
