182 177555 0.227722772277228
182 17756 0.222772277227723
182 1776 0.168316831683168
182 200 0.123762376237624
182 199 0.128712871287129
182 198 0.128712871287129
182 197 0.128712871287129
182 196 0.133663366336634
182 195 0.128712871287129
182 194 0.123762376237624
182 193 0.118811881188119
182 192 0.128712871287129
182 191 0.128712871287129
182 190 0.128712871287129
182 189 0.128712871287129
182 188 0.123762376237624
182 187 0.128712871287129
182 186 0.128712871287129
182 185 0.123762376237624
182 184 0.123762376237624
182 183 0.123762376237624
182 182 0.123762376237624
182 181 0.123762376237624
182 180 0.128712871287129
182 179 0.123762376237624
182 178 0.118811881188119
182 177 0.128712871287129
182 176 0.123762376237624
182 175 0.123762376237624
182 174 0.123762376237624
182 173 0.123762376237624
182 172 0.118811881188119
182 171 0.123762376237624
182 170 0.118811881188119
182 169 0.118811881188119
182 168 0.118811881188119
182 167 0.123762376237624
182 166 0.123762376237624
182 165 0.123762376237624
182 164 0.118811881188119
182 163 0.113861386138614
182 162 0.118811881188119
182 161 0.118811881188119
182 160 0.123762376237624
182 159 0.118811881188119
182 158 0.118811881188119
182 157 0.118811881188119
182 156 0.123762376237624
182 155 0.118811881188119
182 154 0.118811881188119
182 153 0.118811881188119
182 152 0.118811881188119
182 151 0.118811881188119
182 150 0.113861386138614
182 149 0.118811881188119
182 148 0.118811881188119
182 147 0.123762376237624
182 146 0.118811881188119
182 145 0.118811881188119
182 144 0.123762376237624
182 143 0.123762376237624
182 142 0.123762376237624
182 141 0.118811881188119
182 140 0.118811881188119
182 139 0.118811881188119
182 138 0.123762376237624
182 137 0.118811881188119
182 136 0.118811881188119
182 135 0.118811881188119
182 134 0.123762376237624
182 133 0.113861386138614
182 132 0.123762376237624
182 131 0.118811881188119
182 130 0.113861386138614
182 129 0.113861386138614
182 128 0.118811881188119
182 127 0.123762376237624
182 126 0.118811881188119
182 125 0.118811881188119
182 124 0.118811881188119
182 123 0.118811881188119
182 122 0.118811881188119
182 121 0.108910891089109
182 120 0.118811881188119
182 119 0.113861386138614
182 118 0.108910891089109
182 117 0.118811881188119
182 116 0.113861386138614
182 115 0.108910891089109
182 114 0.113861386138614
182 113 0.113861386138614
182 112 0.113861386138614
182 111 0.113861386138614
182 110 0.113861386138614
182 109 0.108910891089109
182 108 0.118811881188119
182 107 0.108910891089109
182 106 0.118811881188119
182 105 0.103960396039604
182 104 0.113861386138614
182 103 0.123762376237624
182 102 0.108910891089109
182 101 0.113861386138614
182 100 0.113861386138614
182 99 0.108910891089109
182 98 0.099009900990099
182 97 0.118811881188119
182 96 0.103960396039604
182 95 0.108910891089109
182 94 0.103960396039604
182 93 0.103960396039604
182 92 0.108910891089109
182 91 0.103960396039604
182 90 0.108910891089109
182 89 0.103960396039604
182 88 0.103960396039604
182 87 0.108910891089109
182 86 0.108910891089109
182 85 0.103960396039604
182 84 0.108910891089109
182 83 0.113861386138614
182 82 0.118811881188119
182 81 0.103960396039604
182 80 0.108910891089109
182 79 0.108910891089109
182 78 0.113861386138614
182 77 0.103960396039604
182 76 0.108910891089109
182 75 0.103960396039604
182 74 0.123762376237624
182 73 0.103960396039604
182 72 0.113861386138614
182 71 0.099009900990099
182 70 0.113861386138614
182 69 0.103960396039604
182 68 0.103960396039604
182 67 0.108910891089109
182 66 0.099009900990099
182 65 0.113861386138614
182 64 0.108910891089109
182 63 0.108910891089109
182 62 0.103960396039604
182 61 0.0940594059405941
182 60 0.113861386138614
182 59 0.108910891089109
182 58 0.099009900990099
182 57 0.108910891089109
182 56 0.113861386138614
182 55 0.123762376237624
182 54 0.118811881188119
182 53 0.103960396039604
182 52 0.108910891089109
182 51 0.123762376237624
182 50 0.113861386138614
182 49 0.118811881188119
182 48 0.113861386138614
182 47 0.118811881188119
182 46 0.123762376237624
182 45 0.113861386138614
182 44 0.123762376237624
182 43 0.128712871287129
182 42 0.123762376237624
182 41 0.123762376237624
182 40 0.123762376237624
182 39 0.123762376237624
182 38 0.133663366336634
182 37 0.113861386138614
182 36 0.133663366336634
182 35 0.133663366336634
182 34 0.123762376237624
182 33 0.123762376237624
182 32 0.108910891089109
182 31 0.123762376237624
182 30 0.123762376237624
182 29 0.133663366336634
182 28 0.113861386138614
182 27 0.128712871287129
182 26 0.123762376237624
182 25 0.128712871287129
182 24 0.128712871287129
182 23 0.128712871287129
182 22 0.133663366336634
182 21 0.148514851485149
182 20 0.133663366336634
182 19 0.148514851485149
182 18 0.138613861386139
182 17 0.128712871287129
182 16 0.128712871287129
182 15 0.128712871287129
182 14 0.123762376237624
182 13 0.133663366336634
182 12 0.148514851485149
182 11 0.148514851485149
182 10 0.153465346534653
182 9 0.138613861386139
182 8 0.168316831683168
182 7 0.153465346534653
182 6 0.178217821782178
182 5 0.153465346534653
182 4 0.133663366336634
182 3 0.143564356435644
182 2 0.168316831683168
182 1 0.242574257425743
