36 177555 0.252475247524752
36 17756 0.222772277227723
36 1776 0.188118811881188
36 200 0.103960396039604
36 199 0.113861386138614
36 198 0.108910891089109
36 197 0.113861386138614
36 196 0.113861386138614
36 195 0.113861386138614
36 194 0.108910891089109
36 193 0.113861386138614
36 192 0.103960396039604
36 191 0.118811881188119
36 190 0.113861386138614
36 189 0.103960396039604
36 188 0.113861386138614
36 187 0.113861386138614
36 186 0.113861386138614
36 185 0.113861386138614
36 184 0.108910891089109
36 183 0.108910891089109
36 182 0.103960396039604
36 181 0.103960396039604
36 180 0.099009900990099
36 179 0.108910891089109
36 178 0.113861386138614
36 177 0.113861386138614
36 176 0.108910891089109
36 175 0.113861386138614
36 174 0.103960396039604
36 173 0.108910891089109
36 172 0.113861386138614
36 171 0.108910891089109
36 170 0.103960396039604
36 169 0.108910891089109
36 168 0.108910891089109
36 167 0.113861386138614
36 166 0.108910891089109
36 165 0.108910891089109
36 164 0.108910891089109
36 163 0.108910891089109
36 162 0.113861386138614
36 161 0.108910891089109
36 160 0.123762376237624
36 159 0.103960396039604
36 158 0.103960396039604
36 157 0.108910891089109
36 156 0.108910891089109
36 155 0.103960396039604
36 154 0.113861386138614
36 153 0.0940594059405941
36 152 0.113861386138614
36 151 0.113861386138614
36 150 0.103960396039604
36 149 0.099009900990099
36 148 0.113861386138614
36 147 0.113861386138614
36 146 0.113861386138614
36 145 0.103960396039604
36 144 0.108910891089109
36 143 0.108910891089109
36 142 0.108910891089109
36 141 0.099009900990099
36 140 0.103960396039604
36 139 0.099009900990099
36 138 0.099009900990099
36 137 0.103960396039604
36 136 0.113861386138614
36 135 0.0891089108910891
36 134 0.103960396039604
36 133 0.099009900990099
36 132 0.099009900990099
36 131 0.0940594059405941
36 130 0.118811881188119
36 129 0.103960396039604
36 128 0.108910891089109
36 127 0.103960396039604
36 126 0.099009900990099
36 125 0.0940594059405941
36 124 0.103960396039604
36 123 0.113861386138614
36 122 0.099009900990099
36 121 0.103960396039604
36 120 0.103960396039604
36 119 0.099009900990099
36 118 0.0891089108910891
36 117 0.0891089108910891
36 116 0.0940594059405941
36 115 0.0940594059405941
36 114 0.103960396039604
36 113 0.113861386138614
36 112 0.0891089108910891
36 111 0.103960396039604
36 110 0.103960396039604
36 109 0.103960396039604
36 108 0.099009900990099
36 107 0.099009900990099
36 106 0.099009900990099
36 105 0.099009900990099
36 104 0.103960396039604
36 103 0.099009900990099
36 102 0.103960396039604
36 101 0.0891089108910891
36 100 0.0891089108910891
36 99 0.0792079207920792
36 98 0.0841584158415842
36 97 0.0841584158415842
36 96 0.0841584158415842
36 95 0.0891089108910891
36 94 0.0891089108910891
36 93 0.0940594059405941
36 92 0.0891089108910891
36 91 0.0940594059405941
36 90 0.0792079207920792
36 89 0.0891089108910891
36 88 0.0891089108910891
36 87 0.099009900990099
36 86 0.0742574257425743
36 85 0.0891089108910891
36 84 0.0891089108910891
36 83 0.0792079207920792
36 82 0.0841584158415842
36 81 0.0841584158415842
36 80 0.099009900990099
36 79 0.0940594059405941
36 78 0.0940594059405941
36 77 0.0841584158415842
36 76 0.0940594059405941
36 75 0.0891089108910891
36 74 0.0742574257425743
36 73 0.0841584158415842
36 72 0.0940594059405941
36 71 0.0841584158415842
36 70 0.0841584158415842
36 69 0.0940594059405941
36 68 0.099009900990099
36 67 0.103960396039604
36 66 0.0891089108910891
36 65 0.0891089108910891
36 64 0.0841584158415842
36 63 0.0841584158415842
36 62 0.0891089108910891
36 61 0.0693069306930693
36 60 0.0742574257425743
36 59 0.0693069306930693
36 58 0.0742574257425743
36 57 0.0742574257425743
36 56 0.0792079207920792
36 55 0.0841584158415842
36 54 0.0792079207920792
36 53 0.0742574257425743
36 52 0.0594059405940594
36 51 0.0693069306930693
36 50 0.0693069306930693
36 49 0.0841584158415842
36 48 0.099009900990099
36 47 0.099009900990099
36 46 0.103960396039604
36 45 0.0891089108910891
36 44 0.103960396039604
36 43 0.0940594059405941
36 42 0.0792079207920792
36 41 0.0891089108910891
36 40 0.0742574257425743
36 39 0.0891089108910891
36 38 0.0940594059405941
36 37 0.0841584158415842
36 36 0.0940594059405941
36 35 0.0841584158415842
36 34 0.0792079207920792
36 33 0.0940594059405941
36 32 0.103960396039604
36 31 0.0891089108910891
36 30 0.103960396039604
36 29 0.099009900990099
36 28 0.113861386138614
36 27 0.123762376237624
36 26 0.113861386138614
36 25 0.138613861386139
36 24 0.123762376237624
36 23 0.138613861386139
36 22 0.128712871287129
36 21 0.118811881188119
36 20 0.123762376237624
36 19 0.123762376237624
36 18 0.118811881188119
36 17 0.113861386138614
36 16 0.108910891089109
36 15 0.123762376237624
36 14 0.123762376237624
36 13 0.133663366336634
36 12 0.138613861386139
36 11 0.158415841584158
36 10 0.123762376237624
36 9 0.123762376237624
36 8 0.113861386138614
36 7 0.103960396039604
36 6 0.123762376237624
36 5 0.143564356435644
36 4 0.128712871287129
36 3 0.178217821782178
36 2 0.262376237623762
36 1 0.247524752475248
