91 177555 0.257425742574257
91 17756 0.212871287128713
91 1776 0.178217821782178
91 200 0.123762376237624
91 199 0.123762376237624
91 198 0.118811881188119
91 197 0.123762376237624
91 196 0.118811881188119
91 195 0.128712871287129
91 194 0.123762376237624
91 193 0.113861386138614
91 192 0.133663366336634
91 191 0.128712871287129
91 190 0.118811881188119
91 189 0.108910891089109
91 188 0.128712871287129
91 187 0.133663366336634
91 186 0.128712871287129
91 185 0.123762376237624
91 184 0.123762376237624
91 183 0.138613861386139
91 182 0.138613861386139
91 181 0.118811881188119
91 180 0.118811881188119
91 179 0.128712871287129
91 178 0.123762376237624
91 177 0.128712871287129
91 176 0.118811881188119
91 175 0.113861386138614
91 174 0.118811881188119
91 173 0.123762376237624
91 172 0.133663366336634
91 171 0.133663366336634
91 170 0.113861386138614
91 169 0.123762376237624
91 168 0.118811881188119
91 167 0.128712871287129
91 166 0.113861386138614
91 165 0.128712871287129
91 164 0.123762376237624
91 163 0.128712871287129
91 162 0.118811881188119
91 161 0.118811881188119
91 160 0.123762376237624
91 159 0.113861386138614
91 158 0.113861386138614
91 157 0.123762376237624
91 156 0.123762376237624
91 155 0.113861386138614
91 154 0.113861386138614
91 153 0.123762376237624
91 152 0.113861386138614
91 151 0.128712871287129
91 150 0.118811881188119
91 149 0.128712871287129
91 148 0.123762376237624
91 147 0.108910891089109
91 146 0.108910891089109
91 145 0.118811881188119
91 144 0.113861386138614
91 143 0.108910891089109
91 142 0.113861386138614
91 141 0.128712871287129
91 140 0.118811881188119
91 139 0.118811881188119
91 138 0.113861386138614
91 137 0.118811881188119
91 136 0.113861386138614
91 135 0.133663366336634
91 134 0.113861386138614
91 133 0.103960396039604
91 132 0.118811881188119
91 131 0.0940594059405941
91 130 0.108910891089109
91 129 0.113861386138614
91 128 0.113861386138614
91 127 0.108910891089109
91 126 0.113861386138614
91 125 0.123762376237624
91 124 0.118811881188119
91 123 0.103960396039604
91 122 0.118811881188119
91 121 0.113861386138614
91 120 0.108910891089109
91 119 0.103960396039604
91 118 0.113861386138614
91 117 0.113861386138614
91 116 0.118811881188119
91 115 0.118811881188119
91 114 0.103960396039604
91 113 0.103960396039604
91 112 0.103960396039604
91 111 0.123762376237624
91 110 0.113861386138614
91 109 0.103960396039604
91 108 0.113861386138614
91 107 0.103960396039604
91 106 0.103960396039604
91 105 0.103960396039604
91 104 0.118811881188119
91 103 0.099009900990099
91 102 0.108910891089109
91 101 0.123762376237624
91 100 0.113861386138614
91 99 0.113861386138614
91 98 0.103960396039604
91 97 0.103960396039604
91 96 0.108910891089109
91 95 0.103960396039604
91 94 0.113861386138614
91 93 0.118811881188119
91 92 0.108910891089109
91 91 0.099009900990099
91 90 0.108910891089109
91 89 0.113861386138614
91 88 0.113861386138614
91 87 0.099009900990099
91 86 0.103960396039604
91 85 0.128712871287129
91 84 0.108910891089109
91 83 0.128712871287129
91 82 0.108910891089109
91 81 0.108910891089109
91 80 0.108910891089109
91 79 0.113861386138614
91 78 0.103960396039604
91 77 0.103960396039604
91 76 0.103960396039604
91 75 0.108910891089109
91 74 0.103960396039604
91 73 0.099009900990099
91 72 0.099009900990099
91 71 0.123762376237624
91 70 0.103960396039604
91 69 0.108910891089109
91 68 0.113861386138614
91 67 0.108910891089109
91 66 0.108910891089109
91 65 0.103960396039604
91 64 0.099009900990099
91 63 0.0940594059405941
91 62 0.099009900990099
91 61 0.0940594059405941
91 60 0.103960396039604
91 59 0.108910891089109
91 58 0.0891089108910891
91 57 0.103960396039604
91 56 0.0940594059405941
91 55 0.0940594059405941
91 54 0.103960396039604
91 53 0.113861386138614
91 52 0.108910891089109
91 51 0.113861386138614
91 50 0.108910891089109
91 49 0.099009900990099
91 48 0.108910891089109
91 47 0.103960396039604
91 46 0.108910891089109
91 45 0.099009900990099
91 44 0.108910891089109
91 43 0.099009900990099
91 42 0.118811881188119
91 41 0.118811881188119
91 40 0.103960396039604
91 39 0.099009900990099
91 38 0.0940594059405941
91 37 0.108910891089109
91 36 0.108910891089109
91 35 0.108910891089109
91 34 0.118811881188119
91 33 0.108910891089109
91 32 0.099009900990099
91 31 0.123762376237624
91 30 0.133663366336634
91 29 0.113861386138614
91 28 0.128712871287129
91 27 0.118811881188119
91 26 0.123762376237624
91 25 0.123762376237624
91 24 0.113861386138614
91 23 0.118811881188119
91 22 0.099009900990099
91 21 0.108910891089109
91 20 0.118811881188119
91 19 0.118811881188119
91 18 0.133663366336634
91 17 0.108910891089109
91 16 0.113861386138614
91 15 0.108910891089109
91 14 0.108910891089109
91 13 0.113861386138614
91 12 0.113861386138614
91 11 0.0940594059405941
91 10 0.103960396039604
91 9 0.103960396039604
91 8 0.103960396039604
91 7 0.153465346534653
91 6 0.153465346534653
91 5 0.183168316831683
91 4 0.168316831683168
91 3 0.202970297029703
91 2 0.168316831683168
91 1 0.217821782178218
