6 177555 0.242574257425743
6 17756 0.198019801980198
6 1776 0.168316831683168
6 200 0.108910891089109
6 199 0.118811881188119
6 198 0.113861386138614
6 197 0.103960396039604
6 196 0.113861386138614
6 195 0.113861386138614
6 194 0.118811881188119
6 193 0.108910891089109
6 192 0.123762376237624
6 191 0.118811881188119
6 190 0.118811881188119
6 189 0.118811881188119
6 188 0.108910891089109
6 187 0.099009900990099
6 186 0.103960396039604
6 185 0.113861386138614
6 184 0.123762376237624
6 183 0.113861386138614
6 182 0.108910891089109
6 181 0.113861386138614
6 180 0.113861386138614
6 179 0.113861386138614
6 178 0.108910891089109
6 177 0.113861386138614
6 176 0.113861386138614
6 175 0.123762376237624
6 174 0.123762376237624
6 173 0.099009900990099
6 172 0.113861386138614
6 171 0.103960396039604
6 170 0.118811881188119
6 169 0.103960396039604
6 168 0.103960396039604
6 167 0.118811881188119
6 166 0.108910891089109
6 165 0.113861386138614
6 164 0.118811881188119
6 163 0.113861386138614
6 162 0.108910891089109
6 161 0.113861386138614
6 160 0.118811881188119
6 159 0.118811881188119
6 158 0.108910891089109
6 157 0.103960396039604
6 156 0.103960396039604
6 155 0.118811881188119
6 154 0.123762376237624
6 153 0.118811881188119
6 152 0.108910891089109
6 151 0.108910891089109
6 150 0.103960396039604
6 149 0.103960396039604
6 148 0.108910891089109
6 147 0.118811881188119
6 146 0.108910891089109
6 145 0.118811881188119
6 144 0.118811881188119
6 143 0.108910891089109
6 142 0.108910891089109
6 141 0.113861386138614
6 140 0.108910891089109
6 139 0.108910891089109
6 138 0.113861386138614
6 137 0.118811881188119
6 136 0.108910891089109
6 135 0.103960396039604
6 134 0.0891089108910891
6 133 0.108910891089109
6 132 0.108910891089109
6 131 0.103960396039604
6 130 0.103960396039604
6 129 0.108910891089109
6 128 0.103960396039604
6 127 0.103960396039604
6 126 0.108910891089109
6 125 0.103960396039604
6 124 0.108910891089109
6 123 0.099009900990099
6 122 0.108910891089109
6 121 0.103960396039604
6 120 0.108910891089109
6 119 0.099009900990099
6 118 0.099009900990099
6 117 0.108910891089109
6 116 0.108910891089109
6 115 0.108910891089109
6 114 0.108910891089109
6 113 0.113861386138614
6 112 0.0940594059405941
6 111 0.0940594059405941
6 110 0.099009900990099
6 109 0.113861386138614
6 108 0.108910891089109
6 107 0.103960396039604
6 106 0.099009900990099
6 105 0.108910891089109
6 104 0.099009900990099
6 103 0.103960396039604
6 102 0.099009900990099
6 101 0.103960396039604
6 100 0.0940594059405941
6 99 0.103960396039604
6 98 0.099009900990099
6 97 0.103960396039604
6 96 0.0940594059405941
6 95 0.0891089108910891
6 94 0.0841584158415842
6 93 0.0891089108910891
6 92 0.0891089108910891
6 91 0.099009900990099
6 90 0.0940594059405941
6 89 0.103960396039604
6 88 0.099009900990099
6 87 0.0940594059405941
6 86 0.0891089108910891
6 85 0.099009900990099
6 84 0.103960396039604
6 83 0.099009900990099
6 82 0.0940594059405941
6 81 0.099009900990099
6 80 0.0940594059405941
6 79 0.0940594059405941
6 78 0.099009900990099
6 77 0.099009900990099
6 76 0.0940594059405941
6 75 0.103960396039604
6 74 0.108910891089109
6 73 0.108910891089109
6 72 0.108910891089109
6 71 0.108910891089109
6 70 0.108910891089109
6 69 0.099009900990099
6 68 0.108910891089109
6 67 0.108910891089109
6 66 0.099009900990099
6 65 0.099009900990099
6 64 0.108910891089109
6 63 0.103960396039604
6 62 0.108910891089109
6 61 0.099009900990099
6 60 0.099009900990099
6 59 0.108910891089109
6 58 0.099009900990099
6 57 0.0891089108910891
6 56 0.099009900990099
6 55 0.0891089108910891
6 54 0.099009900990099
6 53 0.099009900990099
6 52 0.099009900990099
6 51 0.0891089108910891
6 50 0.0940594059405941
6 49 0.099009900990099
6 48 0.0940594059405941
6 47 0.099009900990099
6 46 0.0891089108910891
6 45 0.099009900990099
6 44 0.0841584158415842
6 43 0.0792079207920792
6 42 0.0891089108910891
6 41 0.0841584158415842
6 40 0.0891089108910891
6 39 0.0891089108910891
6 38 0.0792079207920792
6 37 0.0891089108910891
6 36 0.0792079207920792
6 35 0.0742574257425743
6 34 0.0841584158415842
6 33 0.0891089108910891
6 32 0.0841584158415842
6 31 0.0841584158415842
6 30 0.0891089108910891
6 29 0.0693069306930693
6 28 0.0841584158415842
6 27 0.0891089108910891
6 26 0.0940594059405941
6 25 0.0841584158415842
6 24 0.0940594059405941
6 23 0.0693069306930693
6 22 0.103960396039604
6 21 0.108910891089109
6 20 0.099009900990099
6 19 0.099009900990099
6 18 0.0841584158415842
6 17 0.118811881188119
6 16 0.099009900990099
6 15 0.123762376237624
6 14 0.143564356435644
6 13 0.113861386138614
6 12 0.128712871287129
6 11 0.123762376237624
6 10 0.153465346534653
6 9 0.148514851485149
6 8 0.118811881188119
6 7 0.163366336633663
6 6 0.118811881188119
6 5 0.183168316831683
6 4 0.198019801980198
6 3 0.178217821782178
6 2 0.272277227722772
6 1 0.267326732673267
