11 177555 0.227722772277228
11 17756 0.207920792079208
11 1776 0.163366336633663
11 200 0.123762376237624
11 199 0.133663366336634
11 198 0.123762376237624
11 197 0.128712871287129
11 196 0.123762376237624
11 195 0.128712871287129
11 194 0.133663366336634
11 193 0.133663366336634
11 192 0.128712871287129
11 191 0.128712871287129
11 190 0.123762376237624
11 189 0.128712871287129
11 188 0.128712871287129
11 187 0.128712871287129
11 186 0.128712871287129
11 185 0.133663366336634
11 184 0.133663366336634
11 183 0.128712871287129
11 182 0.133663366336634
11 181 0.128712871287129
11 180 0.128712871287129
11 179 0.138613861386139
11 178 0.133663366336634
11 177 0.128712871287129
11 176 0.128712871287129
11 175 0.128712871287129
11 174 0.133663366336634
11 173 0.123762376237624
11 172 0.123762376237624
11 171 0.123762376237624
11 170 0.128712871287129
11 169 0.133663366336634
11 168 0.128712871287129
11 167 0.123762376237624
11 166 0.128712871287129
11 165 0.133663366336634
11 164 0.128712871287129
11 163 0.133663366336634
11 162 0.128712871287129
11 161 0.118811881188119
11 160 0.128712871287129
11 159 0.123762376237624
11 158 0.123762376237624
11 157 0.123762376237624
11 156 0.113861386138614
11 155 0.123762376237624
11 154 0.128712871287129
11 153 0.118811881188119
11 152 0.113861386138614
11 151 0.113861386138614
11 150 0.128712871287129
11 149 0.123762376237624
11 148 0.118811881188119
11 147 0.118811881188119
11 146 0.128712871287129
11 145 0.123762376237624
11 144 0.118811881188119
11 143 0.133663366336634
11 142 0.113861386138614
11 141 0.123762376237624
11 140 0.128712871287129
11 139 0.123762376237624
11 138 0.108910891089109
11 137 0.133663366336634
11 136 0.128712871287129
11 135 0.123762376237624
11 134 0.108910891089109
11 133 0.113861386138614
11 132 0.113861386138614
11 131 0.118811881188119
11 130 0.118811881188119
11 129 0.118811881188119
11 128 0.108910891089109
11 127 0.108910891089109
11 126 0.118811881188119
11 125 0.118811881188119
11 124 0.099009900990099
11 123 0.113861386138614
11 122 0.108910891089109
11 121 0.108910891089109
11 120 0.113861386138614
11 119 0.113861386138614
11 118 0.113861386138614
11 117 0.108910891089109
11 116 0.108910891089109
11 115 0.113861386138614
11 114 0.123762376237624
11 113 0.118811881188119
11 112 0.113861386138614
11 111 0.108910891089109
11 110 0.123762376237624
11 109 0.123762376237624
11 108 0.118811881188119
11 107 0.118811881188119
11 106 0.118811881188119
11 105 0.118811881188119
11 104 0.123762376237624
11 103 0.123762376237624
11 102 0.118811881188119
11 101 0.113861386138614
11 100 0.118811881188119
11 99 0.128712871287129
11 98 0.108910891089109
11 97 0.118811881188119
11 96 0.118811881188119
11 95 0.108910891089109
11 94 0.123762376237624
11 93 0.123762376237624
11 92 0.128712871287129
11 91 0.123762376237624
11 90 0.118811881188119
11 89 0.133663366336634
11 88 0.123762376237624
11 87 0.123762376237624
11 86 0.123762376237624
11 85 0.133663366336634
11 84 0.118811881188119
11 83 0.113861386138614
11 82 0.118811881188119
11 81 0.118811881188119
11 80 0.113861386138614
11 79 0.118811881188119
11 78 0.113861386138614
11 77 0.133663366336634
11 76 0.123762376237624
11 75 0.128712871287129
11 74 0.128712871287129
11 73 0.133663366336634
11 72 0.123762376237624
11 71 0.128712871287129
11 70 0.133663366336634
11 69 0.118811881188119
11 68 0.123762376237624
11 67 0.138613861386139
11 66 0.128712871287129
11 65 0.118811881188119
11 64 0.113861386138614
11 63 0.123762376237624
11 62 0.128712871287129
11 61 0.123762376237624
11 60 0.143564356435644
11 59 0.118811881188119
11 58 0.128712871287129
11 57 0.123762376237624
11 56 0.123762376237624
11 55 0.118811881188119
11 54 0.138613861386139
11 53 0.138613861386139
11 52 0.138613861386139
11 51 0.128712871287129
11 50 0.128712871287129
11 49 0.128712871287129
11 48 0.143564356435644
11 47 0.128712871287129
11 46 0.138613861386139
11 45 0.128712871287129
11 44 0.133663366336634
11 43 0.123762376237624
11 42 0.128712871287129
11 41 0.133663366336634
11 40 0.133663366336634
11 39 0.128712871287129
11 38 0.138613861386139
11 37 0.123762376237624
11 36 0.133663366336634
11 35 0.143564356435644
11 34 0.148514851485149
11 33 0.128712871287129
11 32 0.143564356435644
11 31 0.123762376237624
11 30 0.118811881188119
11 29 0.133663366336634
11 28 0.138613861386139
11 27 0.148514851485149
11 26 0.138613861386139
11 25 0.148514851485149
11 24 0.138613861386139
11 23 0.158415841584158
11 22 0.153465346534653
11 21 0.138613861386139
11 20 0.128712871287129
11 19 0.128712871287129
11 18 0.133663366336634
11 17 0.143564356435644
11 16 0.143564356435644
11 15 0.128712871287129
11 14 0.138613861386139
11 13 0.133663366336634
11 12 0.143564356435644
11 11 0.133663366336634
11 10 0.143564356435644
11 9 0.133663366336634
11 8 0.143564356435644
11 7 0.158415841584158
11 6 0.168316831683168
11 5 0.207920792079208
11 4 0.297029702970297
11 3 0.193069306930693
11 2 0.237623762376238
11 1 0.207920792079208
