58 177555 0.252475247524752
58 17756 0.212871287128713
58 1776 0.178217821782178
58 200 0.113861386138614
58 199 0.113861386138614
58 198 0.103960396039604
58 197 0.108910891089109
58 196 0.103960396039604
58 195 0.113861386138614
58 194 0.123762376237624
58 193 0.113861386138614
58 192 0.108910891089109
58 191 0.113861386138614
58 190 0.113861386138614
58 189 0.108910891089109
58 188 0.103960396039604
58 187 0.113861386138614
58 186 0.113861386138614
58 185 0.108910891089109
58 184 0.103960396039604
58 183 0.103960396039604
58 182 0.108910891089109
58 181 0.108910891089109
58 180 0.108910891089109
58 179 0.103960396039604
58 178 0.108910891089109
58 177 0.103960396039604
58 176 0.108910891089109
58 175 0.108910891089109
58 174 0.103960396039604
58 173 0.099009900990099
58 172 0.108910891089109
58 171 0.108910891089109
58 170 0.103960396039604
58 169 0.103960396039604
58 168 0.108910891089109
58 167 0.108910891089109
58 166 0.118811881188119
58 165 0.103960396039604
58 164 0.103960396039604
58 163 0.113861386138614
58 162 0.0940594059405941
58 161 0.103960396039604
58 160 0.108910891089109
58 159 0.103960396039604
58 158 0.103960396039604
58 157 0.108910891089109
58 156 0.099009900990099
58 155 0.103960396039604
58 154 0.103960396039604
58 153 0.108910891089109
58 152 0.113861386138614
58 151 0.103960396039604
58 150 0.099009900990099
58 149 0.103960396039604
58 148 0.103960396039604
58 147 0.103960396039604
58 146 0.103960396039604
58 145 0.099009900990099
58 144 0.099009900990099
58 143 0.103960396039604
58 142 0.099009900990099
58 141 0.108910891089109
58 140 0.099009900990099
58 139 0.099009900990099
58 138 0.099009900990099
58 137 0.103960396039604
58 136 0.113861386138614
58 135 0.103960396039604
58 134 0.103960396039604
58 133 0.108910891089109
58 132 0.103960396039604
58 131 0.103960396039604
58 130 0.103960396039604
58 129 0.108910891089109
58 128 0.103960396039604
58 127 0.108910891089109
58 126 0.103960396039604
58 125 0.103960396039604
58 124 0.099009900990099
58 123 0.108910891089109
58 122 0.103960396039604
58 121 0.108910891089109
58 120 0.103960396039604
58 119 0.099009900990099
58 118 0.103960396039604
58 117 0.103960396039604
58 116 0.103960396039604
58 115 0.103960396039604
58 114 0.103960396039604
58 113 0.103960396039604
58 112 0.103960396039604
58 111 0.113861386138614
58 110 0.099009900990099
58 109 0.108910891089109
58 108 0.103960396039604
58 107 0.108910891089109
58 106 0.108910891089109
58 105 0.108910891089109
58 104 0.099009900990099
58 103 0.103960396039604
58 102 0.099009900990099
58 101 0.108910891089109
58 100 0.103960396039604
58 99 0.108910891089109
58 98 0.108910891089109
58 97 0.108910891089109
58 96 0.103960396039604
58 95 0.099009900990099
58 94 0.108910891089109
58 93 0.108910891089109
58 92 0.108910891089109
58 91 0.108910891089109
58 90 0.103960396039604
58 89 0.103960396039604
58 88 0.103960396039604
58 87 0.099009900990099
58 86 0.099009900990099
58 85 0.103960396039604
58 84 0.099009900990099
58 83 0.108910891089109
58 82 0.099009900990099
58 81 0.0940594059405941
58 80 0.099009900990099
58 79 0.108910891089109
58 78 0.103960396039604
58 77 0.099009900990099
58 76 0.0940594059405941
58 75 0.103960396039604
58 74 0.099009900990099
58 73 0.099009900990099
58 72 0.0940594059405941
58 71 0.0940594059405941
58 70 0.0940594059405941
58 69 0.0891089108910891
58 68 0.103960396039604
58 67 0.108910891089109
58 66 0.099009900990099
58 65 0.0940594059405941
58 64 0.0940594059405941
58 63 0.0940594059405941
58 62 0.103960396039604
58 61 0.099009900990099
58 60 0.0891089108910891
58 59 0.103960396039604
58 58 0.099009900990099
58 57 0.0940594059405941
58 56 0.0940594059405941
58 55 0.0940594059405941
58 54 0.108910891089109
58 53 0.099009900990099
58 52 0.108910891089109
58 51 0.113861386138614
58 50 0.103960396039604
58 49 0.108910891089109
58 48 0.113861386138614
58 47 0.113861386138614
58 46 0.099009900990099
58 45 0.108910891089109
58 44 0.113861386138614
58 43 0.0940594059405941
58 42 0.113861386138614
58 41 0.108910891089109
58 40 0.108910891089109
58 39 0.099009900990099
58 38 0.108910891089109
58 37 0.103960396039604
58 36 0.0891089108910891
58 35 0.108910891089109
58 34 0.103960396039604
58 33 0.103960396039604
58 32 0.113861386138614
58 31 0.118811881188119
58 30 0.108910891089109
58 29 0.103960396039604
58 28 0.113861386138614
58 27 0.128712871287129
58 26 0.118811881188119
58 25 0.113861386138614
58 24 0.123762376237624
58 23 0.138613861386139
58 22 0.133663366336634
58 21 0.103960396039604
58 20 0.113861386138614
58 19 0.103960396039604
58 18 0.103960396039604
58 17 0.123762376237624
58 16 0.143564356435644
58 15 0.128712871287129
58 14 0.128712871287129
58 13 0.123762376237624
58 12 0.148514851485149
58 11 0.158415841584158
58 10 0.123762376237624
58 9 0.133663366336634
58 8 0.153465346534653
58 7 0.153465346534653
58 6 0.143564356435644
58 5 0.113861386138614
58 4 0.173267326732673
58 3 0.143564356435644
58 2 0.183168316831683
58 1 0.188118811881188
