162 177555 0.237623762376238
162 17756 0.212871287128713
162 1776 0.163366336633663
162 200 0.128712871287129
162 199 0.133663366336634
162 198 0.133663366336634
162 197 0.133663366336634
162 196 0.128712871287129
162 195 0.143564356435644
162 194 0.133663366336634
162 193 0.138613861386139
162 192 0.153465346534653
162 191 0.143564356435644
162 190 0.148514851485149
162 189 0.148514851485149
162 188 0.148514851485149
162 187 0.128712871287129
162 186 0.123762376237624
162 185 0.133663366336634
162 184 0.138613861386139
162 183 0.128712871287129
162 182 0.133663366336634
162 181 0.133663366336634
162 180 0.138613861386139
162 179 0.123762376237624
162 178 0.143564356435644
162 177 0.138613861386139
162 176 0.143564356435644
162 175 0.138613861386139
162 174 0.143564356435644
162 173 0.133663366336634
162 172 0.138613861386139
162 171 0.128712871287129
162 170 0.133663366336634
162 169 0.128712871287129
162 168 0.128712871287129
162 167 0.143564356435644
162 166 0.133663366336634
162 165 0.128712871287129
162 164 0.133663366336634
162 163 0.128712871287129
162 162 0.133663366336634
162 161 0.128712871287129
162 160 0.133663366336634
162 159 0.128712871287129
162 158 0.138613861386139
162 157 0.133663366336634
162 156 0.133663366336634
162 155 0.128712871287129
162 154 0.138613861386139
162 153 0.123762376237624
162 152 0.138613861386139
162 151 0.128712871287129
162 150 0.123762376237624
162 149 0.118811881188119
162 148 0.118811881188119
162 147 0.123762376237624
162 146 0.128712871287129
162 145 0.123762376237624
162 144 0.128712871287129
162 143 0.138613861386139
162 142 0.118811881188119
162 141 0.123762376237624
162 140 0.128712871287129
162 139 0.128712871287129
162 138 0.133663366336634
162 137 0.138613861386139
162 136 0.138613861386139
162 135 0.123762376237624
162 134 0.118811881188119
162 133 0.118811881188119
162 132 0.118811881188119
162 131 0.133663366336634
162 130 0.138613861386139
162 129 0.128712871287129
162 128 0.128712871287129
162 127 0.123762376237624
162 126 0.133663366336634
162 125 0.123762376237624
162 124 0.128712871287129
162 123 0.133663366336634
162 122 0.133663366336634
162 121 0.123762376237624
162 120 0.118811881188119
162 119 0.133663366336634
162 118 0.123762376237624
162 117 0.128712871287129
162 116 0.128712871287129
162 115 0.128712871287129
162 114 0.118811881188119
162 113 0.133663366336634
162 112 0.128712871287129
162 111 0.128712871287129
162 110 0.133663366336634
162 109 0.118811881188119
162 108 0.128712871287129
162 107 0.128712871287129
162 106 0.123762376237624
162 105 0.128712871287129
162 104 0.128712871287129
162 103 0.118811881188119
162 102 0.128712871287129
162 101 0.108910891089109
162 100 0.123762376237624
162 99 0.123762376237624
162 98 0.108910891089109
162 97 0.123762376237624
162 96 0.128712871287129
162 95 0.133663366336634
162 94 0.123762376237624
162 93 0.118811881188119
162 92 0.123762376237624
162 91 0.118811881188119
162 90 0.128712871287129
162 89 0.123762376237624
162 88 0.113861386138614
162 87 0.128712871287129
162 86 0.138613861386139
162 85 0.123762376237624
162 84 0.108910891089109
162 83 0.128712871287129
162 82 0.133663366336634
162 81 0.108910891089109
162 80 0.113861386138614
162 79 0.128712871287129
162 78 0.113861386138614
162 77 0.113861386138614
162 76 0.123762376237624
162 75 0.118811881188119
162 74 0.113861386138614
162 73 0.108910891089109
162 72 0.103960396039604
162 71 0.113861386138614
162 70 0.113861386138614
162 69 0.118811881188119
162 68 0.113861386138614
162 67 0.138613861386139
162 66 0.113861386138614
162 65 0.118811881188119
162 64 0.118811881188119
162 63 0.118811881188119
162 62 0.108910891089109
162 61 0.123762376237624
162 60 0.128712871287129
162 59 0.123762376237624
162 58 0.113861386138614
162 57 0.123762376237624
162 56 0.118811881188119
162 55 0.128712871287129
162 54 0.128712871287129
162 53 0.123762376237624
162 52 0.128712871287129
162 51 0.128712871287129
162 50 0.118811881188119
162 49 0.133663366336634
162 48 0.118811881188119
162 47 0.128712871287129
162 46 0.118811881188119
162 45 0.123762376237624
162 44 0.133663366336634
162 43 0.118811881188119
162 42 0.123762376237624
162 41 0.128712871287129
162 40 0.113861386138614
162 39 0.108910891089109
162 38 0.113861386138614
162 37 0.128712871287129
162 36 0.118811881188119
162 35 0.123762376237624
162 34 0.118811881188119
162 33 0.113861386138614
162 32 0.108910891089109
162 31 0.108910891089109
162 30 0.103960396039604
162 29 0.118811881188119
162 28 0.113861386138614
162 27 0.113861386138614
162 26 0.103960396039604
162 25 0.123762376237624
162 24 0.118811881188119
162 23 0.128712871287129
162 22 0.143564356435644
162 21 0.123762376237624
162 20 0.138613861386139
162 19 0.123762376237624
162 18 0.118811881188119
162 17 0.123762376237624
162 16 0.133663366336634
162 15 0.153465346534653
162 14 0.143564356435644
162 13 0.128712871287129
162 12 0.148514851485149
162 11 0.163366336633663
162 10 0.148514851485149
162 9 0.138613861386139
162 8 0.143564356435644
162 7 0.163366336633663
162 6 0.163366336633663
162 5 0.178217821782178
162 4 0.272277227722772
162 3 0.198019801980198
162 2 0.168316831683168
162 1 0.326732673267327
