25 177555 0.227722772277228
25 17756 0.227722772277228
25 1776 0.178217821782178
25 200 0.118811881188119
25 199 0.118811881188119
25 198 0.133663366336634
25 197 0.113861386138614
25 196 0.113861386138614
25 195 0.108910891089109
25 194 0.118811881188119
25 193 0.103960396039604
25 192 0.113861386138614
25 191 0.118811881188119
25 190 0.113861386138614
25 189 0.103960396039604
25 188 0.113861386138614
25 187 0.113861386138614
25 186 0.103960396039604
25 185 0.123762376237624
25 184 0.113861386138614
25 183 0.113861386138614
25 182 0.118811881188119
25 181 0.118811881188119
25 180 0.113861386138614
25 179 0.118811881188119
25 178 0.118811881188119
25 177 0.118811881188119
25 176 0.113861386138614
25 175 0.118811881188119
25 174 0.118811881188119
25 173 0.113861386138614
25 172 0.118811881188119
25 171 0.118811881188119
25 170 0.128712871287129
25 169 0.113861386138614
25 168 0.099009900990099
25 167 0.103960396039604
25 166 0.103960396039604
25 165 0.118811881188119
25 164 0.108910891089109
25 163 0.118811881188119
25 162 0.108910891089109
25 161 0.128712871287129
25 160 0.108910891089109
25 159 0.099009900990099
25 158 0.103960396039604
25 157 0.103960396039604
25 156 0.103960396039604
25 155 0.103960396039604
25 154 0.108910891089109
25 153 0.103960396039604
25 152 0.113861386138614
25 151 0.108910891089109
25 150 0.099009900990099
25 149 0.103960396039604
25 148 0.103960396039604
25 147 0.103960396039604
25 146 0.103960396039604
25 145 0.0940594059405941
25 144 0.099009900990099
25 143 0.103960396039604
25 142 0.103960396039604
25 141 0.113861386138614
25 140 0.103960396039604
25 139 0.099009900990099
25 138 0.108910891089109
25 137 0.118811881188119
25 136 0.113861386138614
25 135 0.0940594059405941
25 134 0.103960396039604
25 133 0.108910891089109
25 132 0.099009900990099
25 131 0.103960396039604
25 130 0.103960396039604
25 129 0.0940594059405941
25 128 0.0940594059405941
25 127 0.099009900990099
25 126 0.0891089108910891
25 125 0.0940594059405941
25 124 0.0940594059405941
25 123 0.099009900990099
25 122 0.099009900990099
25 121 0.0940594059405941
25 120 0.099009900990099
25 119 0.099009900990099
25 118 0.0940594059405941
25 117 0.0940594059405941
25 116 0.0940594059405941
25 115 0.099009900990099
25 114 0.0891089108910891
25 113 0.103960396039604
25 112 0.0940594059405941
25 111 0.0940594059405941
25 110 0.0940594059405941
25 109 0.0891089108910891
25 108 0.103960396039604
25 107 0.0891089108910891
25 106 0.0940594059405941
25 105 0.0940594059405941
25 104 0.0891089108910891
25 103 0.0940594059405941
25 102 0.103960396039604
25 101 0.099009900990099
25 100 0.099009900990099
25 99 0.0891089108910891
25 98 0.099009900990099
25 97 0.0940594059405941
25 96 0.108910891089109
25 95 0.0940594059405941
25 94 0.103960396039604
25 93 0.099009900990099
25 92 0.108910891089109
25 91 0.0940594059405941
25 90 0.0891089108910891
25 89 0.0940594059405941
25 88 0.099009900990099
25 87 0.0940594059405941
25 86 0.0940594059405941
25 85 0.0940594059405941
25 84 0.108910891089109
25 83 0.103960396039604
25 82 0.099009900990099
25 81 0.0940594059405941
25 80 0.108910891089109
25 79 0.099009900990099
25 78 0.099009900990099
25 77 0.103960396039604
25 76 0.0940594059405941
25 75 0.103960396039604
25 74 0.103960396039604
25 73 0.0940594059405941
25 72 0.108910891089109
25 71 0.0940594059405941
25 70 0.103960396039604
25 69 0.108910891089109
25 68 0.0940594059405941
25 67 0.103960396039604
25 66 0.0940594059405941
25 65 0.108910891089109
25 64 0.103960396039604
25 63 0.0940594059405941
25 62 0.103960396039604
25 61 0.0940594059405941
25 60 0.108910891089109
25 59 0.108910891089109
25 58 0.108910891089109
25 57 0.123762376237624
25 56 0.118811881188119
25 55 0.118811881188119
25 54 0.113861386138614
25 53 0.123762376237624
25 52 0.118811881188119
25 51 0.103960396039604
25 50 0.108910891089109
25 49 0.0940594059405941
25 48 0.118811881188119
25 47 0.128712871287129
25 46 0.108910891089109
25 45 0.118811881188119
25 44 0.103960396039604
25 43 0.123762376237624
25 42 0.108910891089109
25 41 0.123762376237624
25 40 0.118811881188119
25 39 0.103960396039604
25 38 0.103960396039604
25 37 0.113861386138614
25 36 0.103960396039604
25 35 0.103960396039604
25 34 0.099009900990099
25 33 0.108910891089109
25 32 0.123762376237624
25 31 0.099009900990099
25 30 0.118811881188119
25 29 0.118811881188119
25 28 0.133663366336634
25 27 0.118811881188119
25 26 0.128712871287129
25 25 0.123762376237624
25 24 0.118811881188119
25 23 0.123762376237624
25 22 0.118811881188119
25 21 0.138613861386139
25 20 0.138613861386139
25 19 0.123762376237624
25 18 0.138613861386139
25 17 0.133663366336634
25 16 0.133663366336634
25 15 0.123762376237624
25 14 0.113861386138614
25 13 0.123762376237624
25 12 0.148514851485149
25 11 0.163366336633663
25 10 0.118811881188119
25 9 0.143564356435644
25 8 0.138613861386139
25 7 0.128712871287129
25 6 0.148514851485149
25 5 0.143564356435644
25 4 0.153465346534653
25 3 0.168316831683168
25 2 0.193069306930693
25 1 0.242574257425743
