156 177555 0.252475247524752
156 17756 0.227722772277228
156 1776 0.173267326732673
156 200 0.123762376237624
156 199 0.118811881188119
156 198 0.128712871287129
156 197 0.113861386138614
156 196 0.123762376237624
156 195 0.123762376237624
156 194 0.118811881188119
156 193 0.123762376237624
156 192 0.113861386138614
156 191 0.123762376237624
156 190 0.123762376237624
156 189 0.118811881188119
156 188 0.123762376237624
156 187 0.123762376237624
156 186 0.123762376237624
156 185 0.113861386138614
156 184 0.118811881188119
156 183 0.118811881188119
156 182 0.123762376237624
156 181 0.108910891089109
156 180 0.113861386138614
156 179 0.123762376237624
156 178 0.108910891089109
156 177 0.118811881188119
156 176 0.108910891089109
156 175 0.123762376237624
156 174 0.118811881188119
156 173 0.108910891089109
156 172 0.118811881188119
156 171 0.113861386138614
156 170 0.118811881188119
156 169 0.128712871287129
156 168 0.113861386138614
156 167 0.118811881188119
156 166 0.118811881188119
156 165 0.118811881188119
156 164 0.113861386138614
156 163 0.113861386138614
156 162 0.123762376237624
156 161 0.118811881188119
156 160 0.118811881188119
156 159 0.113861386138614
156 158 0.113861386138614
156 157 0.103960396039604
156 156 0.108910891089109
156 155 0.118811881188119
156 154 0.123762376237624
156 153 0.113861386138614
156 152 0.118811881188119
156 151 0.118811881188119
156 150 0.118811881188119
156 149 0.113861386138614
156 148 0.113861386138614
156 147 0.133663366336634
156 146 0.113861386138614
156 145 0.118811881188119
156 144 0.118811881188119
156 143 0.118811881188119
156 142 0.113861386138614
156 141 0.113861386138614
156 140 0.113861386138614
156 139 0.118811881188119
156 138 0.113861386138614
156 137 0.113861386138614
156 136 0.123762376237624
156 135 0.108910891089109
156 134 0.118811881188119
156 133 0.118811881188119
156 132 0.118811881188119
156 131 0.113861386138614
156 130 0.118811881188119
156 129 0.118811881188119
156 128 0.108910891089109
156 127 0.113861386138614
156 126 0.113861386138614
156 125 0.113861386138614
156 124 0.113861386138614
156 123 0.113861386138614
156 122 0.118811881188119
156 121 0.118811881188119
156 120 0.118811881188119
156 119 0.118811881188119
156 118 0.118811881188119
156 117 0.113861386138614
156 116 0.113861386138614
156 115 0.118811881188119
156 114 0.123762376237624
156 113 0.123762376237624
156 112 0.123762376237624
156 111 0.118811881188119
156 110 0.118811881188119
156 109 0.118811881188119
156 108 0.118811881188119
156 107 0.113861386138614
156 106 0.123762376237624
156 105 0.118811881188119
156 104 0.113861386138614
156 103 0.118811881188119
156 102 0.113861386138614
156 101 0.123762376237624
156 100 0.118811881188119
156 99 0.118811881188119
156 98 0.128712871287129
156 97 0.113861386138614
156 96 0.103960396039604
156 95 0.113861386138614
156 94 0.103960396039604
156 93 0.099009900990099
156 92 0.113861386138614
156 91 0.113861386138614
156 90 0.118811881188119
156 89 0.103960396039604
156 88 0.113861386138614
156 87 0.123762376237624
156 86 0.123762376237624
156 85 0.103960396039604
156 84 0.0940594059405941
156 83 0.108910891089109
156 82 0.108910891089109
156 81 0.099009900990099
156 80 0.108910891089109
156 79 0.099009900990099
156 78 0.103960396039604
156 77 0.103960396039604
156 76 0.103960396039604
156 75 0.103960396039604
156 74 0.113861386138614
156 73 0.118811881188119
156 72 0.108910891089109
156 71 0.113861386138614
156 70 0.099009900990099
156 69 0.108910891089109
156 68 0.099009900990099
156 67 0.0940594059405941
156 66 0.103960396039604
156 65 0.0940594059405941
156 64 0.103960396039604
156 63 0.103960396039604
156 62 0.0940594059405941
156 61 0.103960396039604
156 60 0.099009900990099
156 59 0.103960396039604
156 58 0.103960396039604
156 57 0.108910891089109
156 56 0.103960396039604
156 55 0.103960396039604
156 54 0.0940594059405941
156 53 0.103960396039604
156 52 0.099009900990099
156 51 0.108910891089109
156 50 0.099009900990099
156 49 0.108910891089109
156 48 0.123762376237624
156 47 0.0940594059405941
156 46 0.099009900990099
156 45 0.113861386138614
156 44 0.103960396039604
156 43 0.113861386138614
156 42 0.113861386138614
156 41 0.113861386138614
156 40 0.113861386138614
156 39 0.108910891089109
156 38 0.108910891089109
156 37 0.103960396039604
156 36 0.103960396039604
156 35 0.0891089108910891
156 34 0.099009900990099
156 33 0.099009900990099
156 32 0.099009900990099
156 31 0.108910891089109
156 30 0.0940594059405941
156 29 0.099009900990099
156 28 0.0891089108910891
156 27 0.103960396039604
156 26 0.099009900990099
156 25 0.103960396039604
156 24 0.099009900990099
156 23 0.0891089108910891
156 22 0.103960396039604
156 21 0.103960396039604
156 20 0.118811881188119
156 19 0.099009900990099
156 18 0.108910891089109
156 17 0.108910891089109
156 16 0.128712871287129
156 15 0.103960396039604
156 14 0.143564356435644
156 13 0.128712871287129
156 12 0.133663366336634
156 11 0.133663366336634
156 10 0.138613861386139
156 9 0.128712871287129
156 8 0.133663366336634
156 7 0.173267326732673
156 6 0.173267326732673
156 5 0.193069306930693
156 4 0.207920792079208
156 3 0.168316831683168
156 2 0.168316831683168
156 1 0.198019801980198
