66 177555 0.242574257425743
66 17756 0.202970297029703
66 1776 0.163366336633663
66 200 0.138613861386139
66 199 0.133663366336634
66 198 0.123762376237624
66 197 0.138613861386139
66 196 0.133663366336634
66 195 0.133663366336634
66 194 0.133663366336634
66 193 0.133663366336634
66 192 0.128712871287129
66 191 0.128712871287129
66 190 0.138613861386139
66 189 0.123762376237624
66 188 0.133663366336634
66 187 0.133663366336634
66 186 0.128712871287129
66 185 0.128712871287129
66 184 0.133663366336634
66 183 0.128712871287129
66 182 0.123762376237624
66 181 0.128712871287129
66 180 0.123762376237624
66 179 0.123762376237624
66 178 0.128712871287129
66 177 0.123762376237624
66 176 0.128712871287129
66 175 0.123762376237624
66 174 0.128712871287129
66 173 0.118811881188119
66 172 0.123762376237624
66 171 0.118811881188119
66 170 0.123762376237624
66 169 0.133663366336634
66 168 0.128712871287129
66 167 0.128712871287129
66 166 0.123762376237624
66 165 0.123762376237624
66 164 0.128712871287129
66 163 0.123762376237624
66 162 0.123762376237624
66 161 0.123762376237624
66 160 0.123762376237624
66 159 0.128712871287129
66 158 0.118811881188119
66 157 0.123762376237624
66 156 0.118811881188119
66 155 0.123762376237624
66 154 0.128712871287129
66 153 0.128712871287129
66 152 0.118811881188119
66 151 0.113861386138614
66 150 0.128712871287129
66 149 0.118811881188119
66 148 0.118811881188119
66 147 0.118811881188119
66 146 0.113861386138614
66 145 0.123762376237624
66 144 0.118811881188119
66 143 0.118811881188119
66 142 0.118811881188119
66 141 0.113861386138614
66 140 0.123762376237624
66 139 0.113861386138614
66 138 0.113861386138614
66 137 0.118811881188119
66 136 0.108910891089109
66 135 0.128712871287129
66 134 0.118811881188119
66 133 0.103960396039604
66 132 0.118811881188119
66 131 0.113861386138614
66 130 0.123762376237624
66 129 0.128712871287129
66 128 0.118811881188119
66 127 0.118811881188119
66 126 0.113861386138614
66 125 0.118811881188119
66 124 0.118811881188119
66 123 0.113861386138614
66 122 0.118811881188119
66 121 0.113861386138614
66 120 0.108910891089109
66 119 0.113861386138614
66 118 0.113861386138614
66 117 0.113861386138614
66 116 0.113861386138614
66 115 0.123762376237624
66 114 0.118811881188119
66 113 0.118811881188119
66 112 0.118811881188119
66 111 0.113861386138614
66 110 0.108910891089109
66 109 0.118811881188119
66 108 0.113861386138614
66 107 0.113861386138614
66 106 0.108910891089109
66 105 0.113861386138614
66 104 0.113861386138614
66 103 0.108910891089109
66 102 0.108910891089109
66 101 0.118811881188119
66 100 0.113861386138614
66 99 0.113861386138614
66 98 0.108910891089109
66 97 0.113861386138614
66 96 0.108910891089109
66 95 0.108910891089109
66 94 0.118811881188119
66 93 0.113861386138614
66 92 0.113861386138614
66 91 0.108910891089109
66 90 0.113861386138614
66 89 0.113861386138614
66 88 0.113861386138614
66 87 0.113861386138614
66 86 0.113861386138614
66 85 0.103960396039604
66 84 0.103960396039604
66 83 0.099009900990099
66 82 0.108910891089109
66 81 0.108910891089109
66 80 0.108910891089109
66 79 0.099009900990099
66 78 0.118811881188119
66 77 0.113861386138614
66 76 0.103960396039604
66 75 0.103960396039604
66 74 0.103960396039604
66 73 0.108910891089109
66 72 0.103960396039604
66 71 0.103960396039604
66 70 0.108910891089109
66 69 0.108910891089109
66 68 0.099009900990099
66 67 0.099009900990099
66 66 0.099009900990099
66 65 0.099009900990099
66 64 0.103960396039604
66 63 0.103960396039604
66 62 0.103960396039604
66 61 0.103960396039604
66 60 0.099009900990099
66 59 0.099009900990099
66 58 0.103960396039604
66 57 0.103960396039604
66 56 0.108910891089109
66 55 0.099009900990099
66 54 0.103960396039604
66 53 0.103960396039604
66 52 0.108910891089109
66 51 0.118811881188119
66 50 0.123762376237624
66 49 0.0940594059405941
66 48 0.0940594059405941
66 47 0.108910891089109
66 46 0.113861386138614
66 45 0.108910891089109
66 44 0.108910891089109
66 43 0.113861386138614
66 42 0.103960396039604
66 41 0.099009900990099
66 40 0.099009900990099
66 39 0.108910891089109
66 38 0.108910891089109
66 37 0.113861386138614
66 36 0.103960396039604
66 35 0.103960396039604
66 34 0.0940594059405941
66 33 0.108910891089109
66 32 0.113861386138614
66 31 0.118811881188119
66 30 0.108910891089109
66 29 0.118811881188119
66 28 0.103960396039604
66 27 0.099009900990099
66 26 0.0940594059405941
66 25 0.103960396039604
66 24 0.113861386138614
66 23 0.113861386138614
66 22 0.108910891089109
66 21 0.108910891089109
66 20 0.099009900990099
66 19 0.099009900990099
66 18 0.118811881188119
66 17 0.108910891089109
66 16 0.113861386138614
66 15 0.133663366336634
66 14 0.128712871287129
66 13 0.113861386138614
66 12 0.148514851485149
66 11 0.138613861386139
66 10 0.138613861386139
66 9 0.138613861386139
66 8 0.158415841584158
66 7 0.193069306930693
66 6 0.133663366336634
66 5 0.148514851485149
66 4 0.148514851485149
66 3 0.207920792079208
66 2 0.207920792079208
66 1 0.222772277227723
