9 177555 0.237623762376238
9 17756 0.207920792079208
9 1776 0.183168316831683
9 200 0.113861386138614
9 199 0.113861386138614
9 198 0.103960396039604
9 197 0.113861386138614
9 196 0.099009900990099
9 195 0.113861386138614
9 194 0.113861386138614
9 193 0.108910891089109
9 192 0.108910891089109
9 191 0.103960396039604
9 190 0.103960396039604
9 189 0.108910891089109
9 188 0.108910891089109
9 187 0.123762376237624
9 186 0.108910891089109
9 185 0.108910891089109
9 184 0.113861386138614
9 183 0.113861386138614
9 182 0.108910891089109
9 181 0.108910891089109
9 180 0.113861386138614
9 179 0.113861386138614
9 178 0.103960396039604
9 177 0.103960396039604
9 176 0.108910891089109
9 175 0.103960396039604
9 174 0.099009900990099
9 173 0.108910891089109
9 172 0.099009900990099
9 171 0.108910891089109
9 170 0.103960396039604
9 169 0.108910891089109
9 168 0.108910891089109
9 167 0.108910891089109
9 166 0.113861386138614
9 165 0.108910891089109
9 164 0.108910891089109
9 163 0.108910891089109
9 162 0.103960396039604
9 161 0.108910891089109
9 160 0.103960396039604
9 159 0.103960396039604
9 158 0.108910891089109
9 157 0.108910891089109
9 156 0.113861386138614
9 155 0.113861386138614
9 154 0.103960396039604
9 153 0.113861386138614
9 152 0.123762376237624
9 151 0.108910891089109
9 150 0.108910891089109
9 149 0.099009900990099
9 148 0.099009900990099
9 147 0.099009900990099
9 146 0.108910891089109
9 145 0.099009900990099
9 144 0.108910891089109
9 143 0.0940594059405941
9 142 0.103960396039604
9 141 0.103960396039604
9 140 0.099009900990099
9 139 0.113861386138614
9 138 0.108910891089109
9 137 0.099009900990099
9 136 0.0940594059405941
9 135 0.099009900990099
9 134 0.099009900990099
9 133 0.099009900990099
9 132 0.0940594059405941
9 131 0.0940594059405941
9 130 0.103960396039604
9 129 0.099009900990099
9 128 0.108910891089109
9 127 0.108910891089109
9 126 0.0841584158415842
9 125 0.099009900990099
9 124 0.099009900990099
9 123 0.0940594059405941
9 122 0.0891089108910891
9 121 0.0940594059405941
9 120 0.099009900990099
9 119 0.099009900990099
9 118 0.099009900990099
9 117 0.099009900990099
9 116 0.0891089108910891
9 115 0.099009900990099
9 114 0.099009900990099
9 113 0.099009900990099
9 112 0.0940594059405941
9 111 0.099009900990099
9 110 0.103960396039604
9 109 0.099009900990099
9 108 0.0940594059405941
9 107 0.099009900990099
9 106 0.0792079207920792
9 105 0.0891089108910891
9 104 0.103960396039604
9 103 0.0940594059405941
9 102 0.0891089108910891
9 101 0.0891089108910891
9 100 0.099009900990099
9 99 0.0940594059405941
9 98 0.108910891089109
9 97 0.103960396039604
9 96 0.0891089108910891
9 95 0.103960396039604
9 94 0.103960396039604
9 93 0.103960396039604
9 92 0.103960396039604
9 91 0.0940594059405941
9 90 0.103960396039604
9 89 0.0940594059405941
9 88 0.103960396039604
9 87 0.0940594059405941
9 86 0.099009900990099
9 85 0.099009900990099
9 84 0.0841584158415842
9 83 0.103960396039604
9 82 0.099009900990099
9 81 0.0841584158415842
9 80 0.0841584158415842
9 79 0.099009900990099
9 78 0.099009900990099
9 77 0.103960396039604
9 76 0.0940594059405941
9 75 0.099009900990099
9 74 0.0891089108910891
9 73 0.108910891089109
9 72 0.0940594059405941
9 71 0.099009900990099
9 70 0.103960396039604
9 69 0.0891089108910891
9 68 0.0891089108910891
9 67 0.099009900990099
9 66 0.0940594059405941
9 65 0.099009900990099
9 64 0.103960396039604
9 63 0.0940594059405941
9 62 0.103960396039604
9 61 0.099009900990099
9 60 0.103960396039604
9 59 0.108910891089109
9 58 0.108910891089109
9 57 0.0940594059405941
9 56 0.103960396039604
9 55 0.103960396039604
9 54 0.113861386138614
9 53 0.108910891089109
9 52 0.099009900990099
9 51 0.108910891089109
9 50 0.108910891089109
9 49 0.103960396039604
9 48 0.113861386138614
9 47 0.118811881188119
9 46 0.108910891089109
9 45 0.113861386138614
9 44 0.0891089108910891
9 43 0.099009900990099
9 42 0.113861386138614
9 41 0.103960396039604
9 40 0.108910891089109
9 39 0.108910891089109
9 38 0.118811881188119
9 37 0.113861386138614
9 36 0.108910891089109
9 35 0.103960396039604
9 34 0.099009900990099
9 33 0.099009900990099
9 32 0.103960396039604
9 31 0.103960396039604
9 30 0.099009900990099
9 29 0.099009900990099
9 28 0.099009900990099
9 27 0.099009900990099
9 26 0.103960396039604
9 25 0.0940594059405941
9 24 0.099009900990099
9 23 0.113861386138614
9 22 0.0940594059405941
9 21 0.103960396039604
9 20 0.113861386138614
9 19 0.103960396039604
9 18 0.0841584158415842
9 17 0.103960396039604
9 16 0.099009900990099
9 15 0.108910891089109
9 14 0.118811881188119
9 13 0.103960396039604
9 12 0.118811881188119
9 11 0.123762376237624
9 10 0.138613861386139
9 9 0.123762376237624
9 8 0.128712871287129
9 7 0.148514851485149
9 6 0.123762376237624
9 5 0.148514851485149
9 4 0.178217821782178
9 3 0.212871287128713
9 2 0.222772277227723
9 1 0.202970297029703
