88 177555 0.242574257425743
88 17756 0.222772277227723
88 1776 0.168316831683168
88 200 0.123762376237624
88 199 0.133663366336634
88 198 0.138613861386139
88 197 0.128712871287129
88 196 0.123762376237624
88 195 0.133663366336634
88 194 0.128712871287129
88 193 0.123762376237624
88 192 0.128712871287129
88 191 0.128712871287129
88 190 0.113861386138614
88 189 0.128712871287129
88 188 0.123762376237624
88 187 0.133663366336634
88 186 0.133663366336634
88 185 0.118811881188119
88 184 0.133663366336634
88 183 0.123762376237624
88 182 0.133663366336634
88 181 0.123762376237624
88 180 0.118811881188119
88 179 0.123762376237624
88 178 0.123762376237624
88 177 0.118811881188119
88 176 0.113861386138614
88 175 0.123762376237624
88 174 0.118811881188119
88 173 0.113861386138614
88 172 0.123762376237624
88 171 0.108910891089109
88 170 0.123762376237624
88 169 0.113861386138614
88 168 0.108910891089109
88 167 0.113861386138614
88 166 0.108910891089109
88 165 0.128712871287129
88 164 0.118811881188119
88 163 0.108910891089109
88 162 0.113861386138614
88 161 0.108910891089109
88 160 0.108910891089109
88 159 0.118811881188119
88 158 0.108910891089109
88 157 0.103960396039604
88 156 0.108910891089109
88 155 0.113861386138614
88 154 0.118811881188119
88 153 0.113861386138614
88 152 0.108910891089109
88 151 0.099009900990099
88 150 0.118811881188119
88 149 0.103960396039604
88 148 0.103960396039604
88 147 0.128712871287129
88 146 0.113861386138614
88 145 0.103960396039604
88 144 0.103960396039604
88 143 0.103960396039604
88 142 0.118811881188119
88 141 0.103960396039604
88 140 0.108910891089109
88 139 0.103960396039604
88 138 0.103960396039604
88 137 0.113861386138614
88 136 0.108910891089109
88 135 0.103960396039604
88 134 0.103960396039604
88 133 0.108910891089109
88 132 0.113861386138614
88 131 0.108910891089109
88 130 0.118811881188119
88 129 0.118811881188119
88 128 0.103960396039604
88 127 0.103960396039604
88 126 0.108910891089109
88 125 0.103960396039604
88 124 0.103960396039604
88 123 0.103960396039604
88 122 0.113861386138614
88 121 0.113861386138614
88 120 0.103960396039604
88 119 0.108910891089109
88 118 0.099009900990099
88 117 0.099009900990099
88 116 0.0891089108910891
88 115 0.103960396039604
88 114 0.0891089108910891
88 113 0.103960396039604
88 112 0.0940594059405941
88 111 0.0891089108910891
88 110 0.0841584158415842
88 109 0.099009900990099
88 108 0.0940594059405941
88 107 0.0891089108910891
88 106 0.0940594059405941
88 105 0.0891089108910891
88 104 0.103960396039604
88 103 0.0940594059405941
88 102 0.103960396039604
88 101 0.103960396039604
88 100 0.103960396039604
88 99 0.0940594059405941
88 98 0.099009900990099
88 97 0.0940594059405941
88 96 0.0940594059405941
88 95 0.099009900990099
88 94 0.0940594059405941
88 93 0.0940594059405941
88 92 0.0940594059405941
88 91 0.0891089108910891
88 90 0.0841584158415842
88 89 0.0841584158415842
88 88 0.0891089108910891
88 87 0.0841584158415842
88 86 0.0940594059405941
88 85 0.0940594059405941
88 84 0.0891089108910891
88 83 0.0891089108910891
88 82 0.0891089108910891
88 81 0.099009900990099
88 80 0.0940594059405941
88 79 0.099009900990099
88 78 0.0891089108910891
88 77 0.0841584158415842
88 76 0.0940594059405941
88 75 0.0891089108910891
88 74 0.0940594059405941
88 73 0.0841584158415842
88 72 0.0841584158415842
88 71 0.0841584158415842
88 70 0.0891089108910891
88 69 0.0940594059405941
88 68 0.0841584158415842
88 67 0.0742574257425743
88 66 0.0841584158415842
88 65 0.0792079207920792
88 64 0.0792079207920792
88 63 0.0841584158415842
88 62 0.0792079207920792
88 61 0.0841584158415842
88 60 0.0841584158415842
88 59 0.0841584158415842
88 58 0.0891089108910891
88 57 0.0940594059405941
88 56 0.0940594059405941
88 55 0.0792079207920792
88 54 0.0841584158415842
88 53 0.0792079207920792
88 52 0.0693069306930693
88 51 0.0693069306930693
88 50 0.0792079207920792
88 49 0.0742574257425743
88 48 0.0792079207920792
88 47 0.0940594059405941
88 46 0.0693069306930693
88 45 0.0742574257425743
88 44 0.0841584158415842
88 43 0.0792079207920792
88 42 0.0841584158415842
88 41 0.0940594059405941
88 40 0.0940594059405941
88 39 0.0792079207920792
88 38 0.0841584158415842
88 37 0.0891089108910891
88 36 0.099009900990099
88 35 0.108910891089109
88 34 0.0891089108910891
88 33 0.0940594059405941
88 32 0.0940594059405941
88 31 0.0891089108910891
88 30 0.0940594059405941
88 29 0.0891089108910891
88 28 0.0841584158415842
88 27 0.108910891089109
88 26 0.0841584158415842
88 25 0.0841584158415842
88 24 0.103960396039604
88 23 0.099009900990099
88 22 0.0841584158415842
88 21 0.108910891089109
88 20 0.103960396039604
88 19 0.103960396039604
88 18 0.103960396039604
88 17 0.113861386138614
88 16 0.118811881188119
88 15 0.118811881188119
88 14 0.128712871287129
88 13 0.128712871287129
88 12 0.148514851485149
88 11 0.128712871287129
88 10 0.123762376237624
88 9 0.128712871287129
88 8 0.153465346534653
88 7 0.148514851485149
88 6 0.153465346534653
88 5 0.163366336633663
88 4 0.227722772277228
88 3 0.232673267326733
88 2 0.257425742574257
88 1 0.247524752475248
