116 177555 0.242574257425743
116 17756 0.212871287128713
116 1776 0.178217821782178
116 200 0.123762376237624
116 199 0.133663366336634
116 198 0.133663366336634
116 197 0.118811881188119
116 196 0.128712871287129
116 195 0.133663366336634
116 194 0.128712871287129
116 193 0.128712871287129
116 192 0.118811881188119
116 191 0.128712871287129
116 190 0.118811881188119
116 189 0.123762376237624
116 188 0.123762376237624
116 187 0.123762376237624
116 186 0.113861386138614
116 185 0.118811881188119
116 184 0.128712871287129
116 183 0.128712871287129
116 182 0.118811881188119
116 181 0.123762376237624
116 180 0.118811881188119
116 179 0.138613861386139
116 178 0.133663366336634
116 177 0.108910891089109
116 176 0.133663366336634
116 175 0.128712871287129
116 174 0.118811881188119
116 173 0.128712871287129
116 172 0.128712871287129
116 171 0.113861386138614
116 170 0.128712871287129
116 169 0.128712871287129
116 168 0.118811881188119
116 167 0.128712871287129
116 166 0.148514851485149
116 165 0.123762376237624
116 164 0.138613861386139
116 163 0.128712871287129
116 162 0.118811881188119
116 161 0.128712871287129
116 160 0.133663366336634
116 159 0.128712871287129
116 158 0.133663366336634
116 157 0.123762376237624
116 156 0.128712871287129
116 155 0.123762376237624
116 154 0.133663366336634
116 153 0.118811881188119
116 152 0.118811881188119
116 151 0.123762376237624
116 150 0.128712871287129
116 149 0.128712871287129
116 148 0.128712871287129
116 147 0.128712871287129
116 146 0.123762376237624
116 145 0.123762376237624
116 144 0.113861386138614
116 143 0.138613861386139
116 142 0.123762376237624
116 141 0.123762376237624
116 140 0.118811881188119
116 139 0.123762376237624
116 138 0.123762376237624
116 137 0.128712871287129
116 136 0.103960396039604
116 135 0.123762376237624
116 134 0.133663366336634
116 133 0.133663366336634
116 132 0.128712871287129
116 131 0.128712871287129
116 130 0.103960396039604
116 129 0.118811881188119
116 128 0.123762376237624
116 127 0.103960396039604
116 126 0.118811881188119
116 125 0.118811881188119
116 124 0.108910891089109
116 123 0.108910891089109
116 122 0.113861386138614
116 121 0.108910891089109
116 120 0.118811881188119
116 119 0.113861386138614
116 118 0.108910891089109
116 117 0.123762376237624
116 116 0.128712871287129
116 115 0.103960396039604
116 114 0.108910891089109
116 113 0.123762376237624
116 112 0.113861386138614
116 111 0.113861386138614
116 110 0.103960396039604
116 109 0.108910891089109
116 108 0.099009900990099
116 107 0.0891089108910891
116 106 0.118811881188119
116 105 0.113861386138614
116 104 0.099009900990099
116 103 0.103960396039604
116 102 0.103960396039604
116 101 0.108910891089109
116 100 0.103960396039604
116 99 0.118811881188119
116 98 0.103960396039604
116 97 0.103960396039604
116 96 0.103960396039604
116 95 0.103960396039604
116 94 0.103960396039604
116 93 0.103960396039604
116 92 0.123762376237624
116 91 0.108910891089109
116 90 0.103960396039604
116 89 0.118811881188119
116 88 0.099009900990099
116 87 0.099009900990099
116 86 0.113861386138614
116 85 0.0940594059405941
116 84 0.123762376237624
116 83 0.113861386138614
116 82 0.103960396039604
116 81 0.103960396039604
116 80 0.118811881188119
116 79 0.108910891089109
116 78 0.113861386138614
116 77 0.103960396039604
116 76 0.103960396039604
116 75 0.118811881188119
116 74 0.118811881188119
116 73 0.099009900990099
116 72 0.123762376237624
116 71 0.113861386138614
116 70 0.118811881188119
116 69 0.108910891089109
116 68 0.118811881188119
116 67 0.103960396039604
116 66 0.103960396039604
116 65 0.108910891089109
116 64 0.103960396039604
116 63 0.103960396039604
116 62 0.113861386138614
116 61 0.113861386138614
116 60 0.108910891089109
116 59 0.108910891089109
116 58 0.103960396039604
116 57 0.118811881188119
116 56 0.123762376237624
116 55 0.123762376237624
116 54 0.108910891089109
116 53 0.113861386138614
116 52 0.0940594059405941
116 51 0.099009900990099
116 50 0.113861386138614
116 49 0.099009900990099
116 48 0.108910891089109
116 47 0.103960396039604
116 46 0.108910891089109
116 45 0.113861386138614
116 44 0.118811881188119
116 43 0.103960396039604
116 42 0.099009900990099
116 41 0.118811881188119
116 40 0.113861386138614
116 39 0.108910891089109
116 38 0.118811881188119
116 37 0.113861386138614
116 36 0.108910891089109
116 35 0.108910891089109
116 34 0.118811881188119
116 33 0.138613861386139
116 32 0.118811881188119
116 31 0.143564356435644
116 30 0.103960396039604
116 29 0.103960396039604
116 28 0.108910891089109
116 27 0.113861386138614
116 26 0.118811881188119
116 25 0.108910891089109
116 24 0.0940594059405941
116 23 0.108910891089109
116 22 0.123762376237624
116 21 0.103960396039604
116 20 0.118811881188119
116 19 0.123762376237624
116 18 0.103960396039604
116 17 0.113861386138614
116 16 0.153465346534653
116 15 0.133663366336634
116 14 0.133663366336634
116 13 0.133663366336634
116 12 0.153465346534653
116 11 0.143564356435644
116 10 0.128712871287129
116 9 0.143564356435644
116 8 0.123762376237624
116 7 0.099009900990099
116 6 0.163366336633663
116 5 0.193069306930693
116 4 0.153465346534653
116 3 0.188118811881188
116 2 0.242574257425743
116 1 0.252475247524752
