45 177555 0.267326732673267
45 17756 0.222772277227723
45 1776 0.168316831683168
45 200 0.108910891089109
45 199 0.108910891089109
45 198 0.113861386138614
45 197 0.103960396039604
45 196 0.103960396039604
45 195 0.108910891089109
45 194 0.103960396039604
45 193 0.108910891089109
45 192 0.108910891089109
45 191 0.108910891089109
45 190 0.108910891089109
45 189 0.108910891089109
45 188 0.103960396039604
45 187 0.113861386138614
45 186 0.113861386138614
45 185 0.113861386138614
45 184 0.108910891089109
45 183 0.103960396039604
45 182 0.108910891089109
45 181 0.113861386138614
45 180 0.108910891089109
45 179 0.123762376237624
45 178 0.103960396039604
45 177 0.113861386138614
45 176 0.099009900990099
45 175 0.113861386138614
45 174 0.108910891089109
45 173 0.108910891089109
45 172 0.108910891089109
45 171 0.108910891089109
45 170 0.103960396039604
45 169 0.099009900990099
45 168 0.099009900990099
45 167 0.118811881188119
45 166 0.099009900990099
45 165 0.0940594059405941
45 164 0.0940594059405941
45 163 0.103960396039604
45 162 0.099009900990099
45 161 0.103960396039604
45 160 0.103960396039604
45 159 0.108910891089109
45 158 0.103960396039604
45 157 0.099009900990099
45 156 0.099009900990099
45 155 0.099009900990099
45 154 0.103960396039604
45 153 0.099009900990099
45 152 0.0940594059405941
45 151 0.0940594059405941
45 150 0.099009900990099
45 149 0.103960396039604
45 148 0.103960396039604
45 147 0.0940594059405941
45 146 0.099009900990099
45 145 0.103960396039604
45 144 0.103960396039604
45 143 0.0940594059405941
45 142 0.103960396039604
45 141 0.103960396039604
45 140 0.103960396039604
45 139 0.108910891089109
45 138 0.099009900990099
45 137 0.099009900990099
45 136 0.103960396039604
45 135 0.103960396039604
45 134 0.099009900990099
45 133 0.108910891089109
45 132 0.099009900990099
45 131 0.103960396039604
45 130 0.099009900990099
45 129 0.0940594059405941
45 128 0.0891089108910891
45 127 0.0940594059405941
45 126 0.108910891089109
45 125 0.099009900990099
45 124 0.099009900990099
45 123 0.103960396039604
45 122 0.099009900990099
45 121 0.103960396039604
45 120 0.099009900990099
45 119 0.103960396039604
45 118 0.099009900990099
45 117 0.103960396039604
45 116 0.103960396039604
45 115 0.0940594059405941
45 114 0.099009900990099
45 113 0.0891089108910891
45 112 0.099009900990099
45 111 0.0841584158415842
45 110 0.099009900990099
45 109 0.103960396039604
45 108 0.0940594059405941
45 107 0.103960396039604
45 106 0.099009900990099
45 105 0.099009900990099
45 104 0.103960396039604
45 103 0.099009900990099
45 102 0.0940594059405941
45 101 0.103960396039604
45 100 0.108910891089109
45 99 0.099009900990099
45 98 0.099009900990099
45 97 0.103960396039604
45 96 0.099009900990099
45 95 0.103960396039604
45 94 0.103960396039604
45 93 0.099009900990099
45 92 0.108910891089109
45 91 0.099009900990099
45 90 0.123762376237624
45 89 0.0940594059405941
45 88 0.108910891089109
45 87 0.108910891089109
45 86 0.103960396039604
45 85 0.113861386138614
45 84 0.113861386138614
45 83 0.103960396039604
45 82 0.108910891089109
45 81 0.103960396039604
45 80 0.113861386138614
45 79 0.113861386138614
45 78 0.113861386138614
45 77 0.108910891089109
45 76 0.103960396039604
45 75 0.118811881188119
45 74 0.118811881188119
45 73 0.118811881188119
45 72 0.123762376237624
45 71 0.113861386138614
45 70 0.108910891089109
45 69 0.103960396039604
45 68 0.103960396039604
45 67 0.113861386138614
45 66 0.128712871287129
45 65 0.103960396039604
45 64 0.103960396039604
45 63 0.113861386138614
45 62 0.103960396039604
45 61 0.099009900990099
45 60 0.113861386138614
45 59 0.108910891089109
45 58 0.0940594059405941
45 57 0.118811881188119
45 56 0.108910891089109
45 55 0.123762376237624
45 54 0.0841584158415842
45 53 0.103960396039604
45 52 0.0891089108910891
45 51 0.0891089108910891
45 50 0.108910891089109
45 49 0.103960396039604
45 48 0.103960396039604
45 47 0.108910891089109
45 46 0.0940594059405941
45 45 0.099009900990099
45 44 0.103960396039604
45 43 0.108910891089109
45 42 0.0940594059405941
45 41 0.108910891089109
45 40 0.099009900990099
45 39 0.103960396039604
45 38 0.099009900990099
45 37 0.103960396039604
45 36 0.099009900990099
45 35 0.103960396039604
45 34 0.0940594059405941
45 33 0.103960396039604
45 32 0.103960396039604
45 31 0.0891089108910891
45 30 0.0891089108910891
45 29 0.103960396039604
45 28 0.0940594059405941
45 27 0.108910891089109
45 26 0.113861386138614
45 25 0.123762376237624
45 24 0.113861386138614
45 23 0.123762376237624
45 22 0.123762376237624
45 21 0.118811881188119
45 20 0.123762376237624
45 19 0.123762376237624
45 18 0.113861386138614
45 17 0.108910891089109
45 16 0.138613861386139
45 15 0.113861386138614
45 14 0.118811881188119
45 13 0.123762376237624
45 12 0.118811881188119
45 11 0.113861386138614
45 10 0.123762376237624
45 9 0.113861386138614
45 8 0.138613861386139
45 7 0.143564356435644
45 6 0.143564356435644
45 5 0.163366336633663
45 4 0.153465346534653
45 3 0.188118811881188
45 2 0.198019801980198
45 1 0.217821782178218
