102 177555 0.247524752475248
102 17756 0.217821782178218
102 1776 0.183168316831683
102 200 0.138613861386139
102 199 0.123762376237624
102 198 0.128712871287129
102 197 0.118811881188119
102 196 0.133663366336634
102 195 0.123762376237624
102 194 0.113861386138614
102 193 0.133663366336634
102 192 0.128712871287129
102 191 0.133663366336634
102 190 0.128712871287129
102 189 0.133663366336634
102 188 0.138613861386139
102 187 0.133663366336634
102 186 0.128712871287129
102 185 0.128712871287129
102 184 0.133663366336634
102 183 0.128712871287129
102 182 0.148514851485149
102 181 0.143564356435644
102 180 0.138613861386139
102 179 0.128712871287129
102 178 0.153465346534653
102 177 0.123762376237624
102 176 0.138613861386139
102 175 0.138613861386139
102 174 0.113861386138614
102 173 0.138613861386139
102 172 0.128712871287129
102 171 0.138613861386139
102 170 0.143564356435644
102 169 0.113861386138614
102 168 0.128712871287129
102 167 0.138613861386139
102 166 0.118811881188119
102 165 0.123762376237624
102 164 0.128712871287129
102 163 0.128712871287129
102 162 0.133663366336634
102 161 0.113861386138614
102 160 0.143564356435644
102 159 0.123762376237624
102 158 0.138613861386139
102 157 0.118811881188119
102 156 0.138613861386139
102 155 0.128712871287129
102 154 0.133663366336634
102 153 0.128712871287129
102 152 0.118811881188119
102 151 0.133663366336634
102 150 0.138613861386139
102 149 0.113861386138614
102 148 0.133663366336634
102 147 0.118811881188119
102 146 0.133663366336634
102 145 0.118811881188119
102 144 0.113861386138614
102 143 0.128712871287129
102 142 0.118811881188119
102 141 0.123762376237624
102 140 0.113861386138614
102 139 0.133663366336634
102 138 0.118811881188119
102 137 0.118811881188119
102 136 0.108910891089109
102 135 0.118811881188119
102 134 0.113861386138614
102 133 0.128712871287129
102 132 0.118811881188119
102 131 0.113861386138614
102 130 0.128712871287129
102 129 0.118811881188119
102 128 0.113861386138614
102 127 0.108910891089109
102 126 0.128712871287129
102 125 0.118811881188119
102 124 0.113861386138614
102 123 0.108910891089109
102 122 0.123762376237624
102 121 0.113861386138614
102 120 0.103960396039604
102 119 0.113861386138614
102 118 0.123762376237624
102 117 0.128712871287129
102 116 0.103960396039604
102 115 0.103960396039604
102 114 0.099009900990099
102 113 0.108910891089109
102 112 0.113861386138614
102 111 0.118811881188119
102 110 0.118811881188119
102 109 0.113861386138614
102 108 0.118811881188119
102 107 0.138613861386139
102 106 0.108910891089109
102 105 0.0891089108910891
102 104 0.108910891089109
102 103 0.113861386138614
102 102 0.103960396039604
102 101 0.113861386138614
102 100 0.103960396039604
102 99 0.103960396039604
102 98 0.113861386138614
102 97 0.118811881188119
102 96 0.099009900990099
102 95 0.108910891089109
102 94 0.103960396039604
102 93 0.103960396039604
102 92 0.118811881188119
102 91 0.108910891089109
102 90 0.099009900990099
102 89 0.113861386138614
102 88 0.113861386138614
102 87 0.108910891089109
102 86 0.108910891089109
102 85 0.0940594059405941
102 84 0.118811881188119
102 83 0.118811881188119
102 82 0.099009900990099
102 81 0.103960396039604
102 80 0.108910891089109
102 79 0.108910891089109
102 78 0.099009900990099
102 77 0.108910891089109
102 76 0.0940594059405941
102 75 0.099009900990099
102 74 0.108910891089109
102 73 0.103960396039604
102 72 0.099009900990099
102 71 0.099009900990099
102 70 0.099009900990099
102 69 0.108910891089109
102 68 0.0940594059405941
102 67 0.108910891089109
102 66 0.108910891089109
102 65 0.103960396039604
102 64 0.099009900990099
102 63 0.103960396039604
102 62 0.103960396039604
102 61 0.103960396039604
102 60 0.099009900990099
102 59 0.118811881188119
102 58 0.0891089108910891
102 57 0.0891089108910891
102 56 0.118811881188119
102 55 0.103960396039604
102 54 0.103960396039604
102 53 0.0891089108910891
102 52 0.108910891089109
102 51 0.099009900990099
102 50 0.103960396039604
102 49 0.108910891089109
102 48 0.099009900990099
102 47 0.099009900990099
102 46 0.113861386138614
102 45 0.0891089108910891
102 44 0.0940594059405941
102 43 0.0940594059405941
102 42 0.103960396039604
102 41 0.113861386138614
102 40 0.113861386138614
102 39 0.118811881188119
102 38 0.113861386138614
102 37 0.113861386138614
102 36 0.108910891089109
102 35 0.103960396039604
102 34 0.123762376237624
102 33 0.128712871287129
102 32 0.118811881188119
102 31 0.113861386138614
102 30 0.128712871287129
102 29 0.108910891089109
102 28 0.108910891089109
102 27 0.133663366336634
102 26 0.118811881188119
102 25 0.128712871287129
102 24 0.118811881188119
102 23 0.108910891089109
102 22 0.128712871287129
102 21 0.099009900990099
102 20 0.0940594059405941
102 19 0.108910891089109
102 18 0.103960396039604
102 17 0.0940594059405941
102 16 0.113861386138614
102 15 0.099009900990099
102 14 0.103960396039604
102 13 0.108910891089109
102 12 0.113861386138614
102 11 0.123762376237624
102 10 0.113861386138614
102 9 0.128712871287129
102 8 0.103960396039604
102 7 0.108910891089109
102 6 0.138613861386139
102 5 0.158415841584158
102 4 0.173267326732673
102 3 0.168316831683168
102 2 0.193069306930693
102 1 0.212871287128713
