148 177555 0.237623762376238
148 17756 0.212871287128713
148 1776 0.178217821782178
148 200 0.128712871287129
148 199 0.133663366336634
148 198 0.123762376237624
148 197 0.128712871287129
148 196 0.123762376237624
148 195 0.138613861386139
148 194 0.128712871287129
148 193 0.133663366336634
148 192 0.123762376237624
148 191 0.123762376237624
148 190 0.128712871287129
148 189 0.113861386138614
148 188 0.128712871287129
148 187 0.123762376237624
148 186 0.128712871287129
148 185 0.128712871287129
148 184 0.118811881188119
148 183 0.128712871287129
148 182 0.128712871287129
148 181 0.118811881188119
148 180 0.118811881188119
148 179 0.123762376237624
148 178 0.123762376237624
148 177 0.128712871287129
148 176 0.118811881188119
148 175 0.118811881188119
148 174 0.118811881188119
148 173 0.123762376237624
148 172 0.118811881188119
148 171 0.128712871287129
148 170 0.118811881188119
148 169 0.123762376237624
148 168 0.118811881188119
148 167 0.118811881188119
148 166 0.123762376237624
148 165 0.118811881188119
148 164 0.113861386138614
148 163 0.113861386138614
148 162 0.118811881188119
148 161 0.108910891089109
148 160 0.113861386138614
148 159 0.118811881188119
148 158 0.128712871287129
148 157 0.118811881188119
148 156 0.108910891089109
148 155 0.103960396039604
148 154 0.108910891089109
148 153 0.113861386138614
148 152 0.103960396039604
148 151 0.108910891089109
148 150 0.108910891089109
148 149 0.113861386138614
148 148 0.123762376237624
148 147 0.118811881188119
148 146 0.108910891089109
148 145 0.133663366336634
148 144 0.103960396039604
148 143 0.113861386138614
148 142 0.113861386138614
148 141 0.108910891089109
148 140 0.123762376237624
148 139 0.113861386138614
148 138 0.099009900990099
148 137 0.123762376237624
148 136 0.103960396039604
148 135 0.108910891089109
148 134 0.103960396039604
148 133 0.113861386138614
148 132 0.113861386138614
148 131 0.113861386138614
148 130 0.113861386138614
148 129 0.108910891089109
148 128 0.103960396039604
148 127 0.103960396039604
148 126 0.108910891089109
148 125 0.108910891089109
148 124 0.128712871287129
148 123 0.099009900990099
148 122 0.118811881188119
148 121 0.108910891089109
148 120 0.108910891089109
148 119 0.108910891089109
148 118 0.108910891089109
148 117 0.113861386138614
148 116 0.108910891089109
148 115 0.118811881188119
148 114 0.113861386138614
148 113 0.108910891089109
148 112 0.113861386138614
148 111 0.103960396039604
148 110 0.123762376237624
148 109 0.103960396039604
148 108 0.123762376237624
148 107 0.108910891089109
148 106 0.118811881188119
148 105 0.113861386138614
148 104 0.103960396039604
148 103 0.108910891089109
148 102 0.118811881188119
148 101 0.113861386138614
148 100 0.099009900990099
148 99 0.108910891089109
148 98 0.103960396039604
148 97 0.108910891089109
148 96 0.108910891089109
148 95 0.118811881188119
148 94 0.113861386138614
148 93 0.118811881188119
148 92 0.113861386138614
148 91 0.103960396039604
148 90 0.118811881188119
148 89 0.099009900990099
148 88 0.113861386138614
148 87 0.103960396039604
148 86 0.108910891089109
148 85 0.123762376237624
148 84 0.108910891089109
148 83 0.123762376237624
148 82 0.118811881188119
148 81 0.128712871287129
148 80 0.128712871287129
148 79 0.123762376237624
148 78 0.128712871287129
148 77 0.118811881188119
148 76 0.108910891089109
148 75 0.118811881188119
148 74 0.123762376237624
148 73 0.113861386138614
148 72 0.113861386138614
148 71 0.118811881188119
148 70 0.113861386138614
148 69 0.118811881188119
148 68 0.108910891089109
148 67 0.128712871287129
148 66 0.123762376237624
148 65 0.118811881188119
148 64 0.113861386138614
148 63 0.118811881188119
148 62 0.118811881188119
148 61 0.108910891089109
148 60 0.113861386138614
148 59 0.113861386138614
148 58 0.113861386138614
148 57 0.108910891089109
148 56 0.113861386138614
148 55 0.113861386138614
148 54 0.123762376237624
148 53 0.103960396039604
148 52 0.113861386138614
148 51 0.108910891089109
148 50 0.123762376237624
148 49 0.103960396039604
148 48 0.099009900990099
148 47 0.113861386138614
148 46 0.123762376237624
148 45 0.108910891089109
148 44 0.099009900990099
148 43 0.113861386138614
148 42 0.113861386138614
148 41 0.113861386138614
148 40 0.123762376237624
148 39 0.103960396039604
148 38 0.0940594059405941
148 37 0.113861386138614
148 36 0.108910891089109
148 35 0.108910891089109
148 34 0.103960396039604
148 33 0.103960396039604
148 32 0.103960396039604
148 31 0.118811881188119
148 30 0.118811881188119
148 29 0.108910891089109
148 28 0.128712871287129
148 27 0.118811881188119
148 26 0.123762376237624
148 25 0.113861386138614
148 24 0.103960396039604
148 23 0.103960396039604
148 22 0.108910891089109
148 21 0.099009900990099
148 20 0.103960396039604
148 19 0.099009900990099
148 18 0.0891089108910891
148 17 0.099009900990099
148 16 0.113861386138614
148 15 0.099009900990099
148 14 0.123762376237624
148 13 0.123762376237624
148 12 0.128712871287129
148 11 0.138613861386139
148 10 0.128712871287129
148 9 0.123762376237624
148 8 0.133663366336634
148 7 0.178217821782178
148 6 0.168316831683168
148 5 0.168316831683168
148 4 0.153465346534653
148 3 0.183168316831683
148 2 0.163366336633663
148 1 0.188118811881188
