73 177555 0.242574257425743
73 17756 0.202970297029703
73 1776 0.158415841584158
73 200 0.123762376237624
73 199 0.108910891089109
73 198 0.123762376237624
73 197 0.113861386138614
73 196 0.118811881188119
73 195 0.123762376237624
73 194 0.118811881188119
73 193 0.123762376237624
73 192 0.118811881188119
73 191 0.108910891089109
73 190 0.123762376237624
73 189 0.113861386138614
73 188 0.113861386138614
73 187 0.108910891089109
73 186 0.118811881188119
73 185 0.113861386138614
73 184 0.108910891089109
73 183 0.113861386138614
73 182 0.103960396039604
73 181 0.108910891089109
73 180 0.118811881188119
73 179 0.118811881188119
73 178 0.113861386138614
73 177 0.103960396039604
73 176 0.108910891089109
73 175 0.113861386138614
73 174 0.103960396039604
73 173 0.123762376237624
73 172 0.113861386138614
73 171 0.113861386138614
73 170 0.099009900990099
73 169 0.103960396039604
73 168 0.103960396039604
73 167 0.108910891089109
73 166 0.099009900990099
73 165 0.099009900990099
73 164 0.108910891089109
73 163 0.099009900990099
73 162 0.099009900990099
73 161 0.0940594059405941
73 160 0.0940594059405941
73 159 0.099009900990099
73 158 0.0891089108910891
73 157 0.099009900990099
73 156 0.099009900990099
73 155 0.099009900990099
73 154 0.0891089108910891
73 153 0.0891089108910891
73 152 0.0940594059405941
73 151 0.103960396039604
73 150 0.113861386138614
73 149 0.099009900990099
73 148 0.0891089108910891
73 147 0.0891089108910891
73 146 0.099009900990099
73 145 0.108910891089109
73 144 0.0940594059405941
73 143 0.108910891089109
73 142 0.0940594059405941
73 141 0.0940594059405941
73 140 0.099009900990099
73 139 0.099009900990099
73 138 0.103960396039604
73 137 0.099009900990099
73 136 0.0891089108910891
73 135 0.103960396039604
73 134 0.0841584158415842
73 133 0.099009900990099
73 132 0.0891089108910891
73 131 0.0891089108910891
73 130 0.0841584158415842
73 129 0.0940594059405941
73 128 0.099009900990099
73 127 0.0940594059405941
73 126 0.0940594059405941
73 125 0.0891089108910891
73 124 0.0940594059405941
73 123 0.0940594059405941
73 122 0.0841584158415842
73 121 0.0891089108910891
73 120 0.0940594059405941
73 119 0.099009900990099
73 118 0.099009900990099
73 117 0.0891089108910891
73 116 0.0940594059405941
73 115 0.0940594059405941
73 114 0.0891089108910891
73 113 0.103960396039604
73 112 0.0891089108910891
73 111 0.0841584158415842
73 110 0.099009900990099
73 109 0.0940594059405941
73 108 0.0891089108910891
73 107 0.0891089108910891
73 106 0.0940594059405941
73 105 0.099009900990099
73 104 0.099009900990099
73 103 0.0841584158415842
73 102 0.0841584158415842
73 101 0.0792079207920792
73 100 0.0891089108910891
73 99 0.0792079207920792
73 98 0.0841584158415842
73 97 0.0792079207920792
73 96 0.0940594059405941
73 95 0.0841584158415842
73 94 0.0841584158415842
73 93 0.0940594059405941
73 92 0.0940594059405941
73 91 0.0891089108910891
73 90 0.0792079207920792
73 89 0.0792079207920792
73 88 0.0841584158415842
73 87 0.0891089108910891
73 86 0.0940594059405941
73 85 0.0841584158415842
73 84 0.0940594059405941
73 83 0.0891089108910891
73 82 0.0841584158415842
73 81 0.0940594059405941
73 80 0.0891089108910891
73 79 0.0841584158415842
73 78 0.0841584158415842
73 77 0.0742574257425743
73 76 0.0940594059405941
73 75 0.0841584158415842
73 74 0.0841584158415842
73 73 0.0792079207920792
73 72 0.0940594059405941
73 71 0.0891089108910891
73 70 0.0841584158415842
73 69 0.0841584158415842
73 68 0.0742574257425743
73 67 0.0841584158415842
73 66 0.0891089108910891
73 65 0.099009900990099
73 64 0.0940594059405941
73 63 0.0891089108910891
73 62 0.0742574257425743
73 61 0.0841584158415842
73 60 0.0841584158415842
73 59 0.0792079207920792
73 58 0.0742574257425743
73 57 0.0841584158415842
73 56 0.0891089108910891
73 55 0.0792079207920792
73 54 0.0792079207920792
73 53 0.0742574257425743
73 52 0.0792079207920792
73 51 0.0841584158415842
73 50 0.108910891089109
73 49 0.099009900990099
73 48 0.099009900990099
73 47 0.0940594059405941
73 46 0.0891089108910891
73 45 0.103960396039604
73 44 0.099009900990099
73 43 0.099009900990099
73 42 0.103960396039604
73 41 0.103960396039604
73 40 0.0891089108910891
73 39 0.118811881188119
73 38 0.103960396039604
73 37 0.118811881188119
73 36 0.108910891089109
73 35 0.099009900990099
73 34 0.103960396039604
73 33 0.108910891089109
73 32 0.0940594059405941
73 31 0.0891089108910891
73 30 0.0940594059405941
73 29 0.0940594059405941
73 28 0.103960396039604
73 27 0.108910891089109
73 26 0.113861386138614
73 25 0.103960396039604
73 24 0.108910891089109
73 23 0.099009900990099
73 22 0.108910891089109
73 21 0.118811881188119
73 20 0.108910891089109
73 19 0.103960396039604
73 18 0.108910891089109
73 17 0.103960396039604
73 16 0.123762376237624
73 15 0.118811881188119
73 14 0.118811881188119
73 13 0.128712871287129
73 12 0.113861386138614
73 11 0.103960396039604
73 10 0.103960396039604
73 9 0.128712871287129
73 8 0.143564356435644
73 7 0.153465346534653
73 6 0.143564356435644
73 5 0.158415841584158
73 4 0.143564356435644
73 3 0.193069306930693
73 2 0.232673267326733
73 1 0.252475247524752
