106 177555 0.232673267326733
106 17756 0.207920792079208
106 1776 0.173267326732673
106 200 0.133663366336634
106 199 0.118811881188119
106 198 0.133663366336634
106 197 0.133663366336634
106 196 0.138613861386139
106 195 0.133663366336634
106 194 0.133663366336634
106 193 0.128712871287129
106 192 0.123762376237624
106 191 0.128712871287129
106 190 0.133663366336634
106 189 0.128712871287129
106 188 0.128712871287129
106 187 0.128712871287129
106 186 0.128712871287129
106 185 0.133663366336634
106 184 0.123762376237624
106 183 0.133663366336634
106 182 0.128712871287129
106 181 0.128712871287129
106 180 0.123762376237624
106 179 0.138613861386139
106 178 0.123762376237624
106 177 0.133663366336634
106 176 0.138613861386139
106 175 0.128712871287129
106 174 0.128712871287129
106 173 0.133663366336634
106 172 0.133663366336634
106 171 0.123762376237624
106 170 0.118811881188119
106 169 0.118811881188119
106 168 0.123762376237624
106 167 0.123762376237624
106 166 0.113861386138614
106 165 0.128712871287129
106 164 0.118811881188119
106 163 0.133663366336634
106 162 0.118811881188119
106 161 0.118811881188119
106 160 0.118811881188119
106 159 0.133663366336634
106 158 0.118811881188119
106 157 0.128712871287129
106 156 0.123762376237624
106 155 0.113861386138614
106 154 0.113861386138614
106 153 0.113861386138614
106 152 0.118811881188119
106 151 0.123762376237624
106 150 0.118811881188119
106 149 0.123762376237624
106 148 0.128712871287129
106 147 0.108910891089109
106 146 0.123762376237624
106 145 0.128712871287129
106 144 0.128712871287129
106 143 0.113861386138614
106 142 0.108910891089109
106 141 0.113861386138614
106 140 0.108910891089109
106 139 0.133663366336634
106 138 0.133663366336634
106 137 0.113861386138614
106 136 0.108910891089109
106 135 0.108910891089109
106 134 0.128712871287129
106 133 0.113861386138614
106 132 0.118811881188119
106 131 0.118811881188119
106 130 0.113861386138614
106 129 0.123762376237624
106 128 0.118811881188119
106 127 0.118811881188119
106 126 0.113861386138614
106 125 0.118811881188119
106 124 0.118811881188119
106 123 0.118811881188119
106 122 0.118811881188119
106 121 0.118811881188119
106 120 0.108910891089109
106 119 0.118811881188119
106 118 0.123762376237624
106 117 0.113861386138614
106 116 0.123762376237624
106 115 0.108910891089109
106 114 0.113861386138614
106 113 0.118811881188119
106 112 0.118811881188119
106 111 0.113861386138614
106 110 0.113861386138614
106 109 0.108910891089109
106 108 0.113861386138614
106 107 0.103960396039604
106 106 0.118811881188119
106 105 0.123762376237624
106 104 0.113861386138614
106 103 0.113861386138614
106 102 0.108910891089109
106 101 0.099009900990099
106 100 0.118811881188119
106 99 0.113861386138614
106 98 0.103960396039604
106 97 0.123762376237624
106 96 0.113861386138614
106 95 0.099009900990099
106 94 0.113861386138614
106 93 0.113861386138614
106 92 0.108910891089109
106 91 0.108910891089109
106 90 0.103960396039604
106 89 0.099009900990099
106 88 0.099009900990099
106 87 0.099009900990099
106 86 0.099009900990099
106 85 0.108910891089109
106 84 0.103960396039604
106 83 0.108910891089109
106 82 0.113861386138614
106 81 0.103960396039604
106 80 0.099009900990099
106 79 0.099009900990099
106 78 0.099009900990099
106 77 0.103960396039604
106 76 0.103960396039604
106 75 0.103960396039604
106 74 0.099009900990099
106 73 0.108910891089109
106 72 0.099009900990099
106 71 0.103960396039604
106 70 0.099009900990099
106 69 0.0891089108910891
106 68 0.103960396039604
106 67 0.103960396039604
106 66 0.099009900990099
106 65 0.099009900990099
106 64 0.108910891089109
106 63 0.0891089108910891
106 62 0.108910891089109
106 61 0.099009900990099
106 60 0.103960396039604
106 59 0.108910891089109
106 58 0.108910891089109
106 57 0.103960396039604
106 56 0.099009900990099
106 55 0.0940594059405941
106 54 0.099009900990099
106 53 0.0891089108910891
106 52 0.103960396039604
106 51 0.103960396039604
106 50 0.0940594059405941
106 49 0.099009900990099
106 48 0.099009900990099
106 47 0.0940594059405941
106 46 0.118811881188119
106 45 0.103960396039604
106 44 0.103960396039604
106 43 0.103960396039604
106 42 0.103960396039604
106 41 0.108910891089109
106 40 0.108910891089109
106 39 0.099009900990099
106 38 0.0940594059405941
106 37 0.118811881188119
106 36 0.108910891089109
106 35 0.099009900990099
106 34 0.099009900990099
106 33 0.099009900990099
106 32 0.103960396039604
106 31 0.113861386138614
106 30 0.0940594059405941
106 29 0.113861386138614
106 28 0.099009900990099
106 27 0.099009900990099
106 26 0.113861386138614
106 25 0.118811881188119
106 24 0.108910891089109
106 23 0.118811881188119
106 22 0.103960396039604
106 21 0.113861386138614
106 20 0.113861386138614
106 19 0.108910891089109
106 18 0.113861386138614
106 17 0.113861386138614
106 16 0.118811881188119
106 15 0.123762376237624
106 14 0.118811881188119
106 13 0.118811881188119
106 12 0.133663366336634
106 11 0.148514851485149
106 10 0.163366336633663
106 9 0.138613861386139
106 8 0.113861386138614
106 7 0.178217821782178
106 6 0.158415841584158
106 5 0.188118811881188
106 4 0.207920792079208
106 3 0.158415841584158
106 2 0.173267326732673
106 1 0.212871287128713
