29 177555 0.237623762376238
29 17756 0.207920792079208
29 1776 0.173267326732673
29 200 0.118811881188119
29 199 0.108910891089109
29 198 0.108910891089109
29 197 0.118811881188119
29 196 0.123762376237624
29 195 0.123762376237624
29 194 0.118811881188119
29 193 0.113861386138614
29 192 0.103960396039604
29 191 0.118811881188119
29 190 0.118811881188119
29 189 0.108910891089109
29 188 0.118811881188119
29 187 0.108910891089109
29 186 0.118811881188119
29 185 0.123762376237624
29 184 0.123762376237624
29 183 0.108910891089109
29 182 0.113861386138614
29 181 0.108910891089109
29 180 0.113861386138614
29 179 0.108910891089109
29 178 0.123762376237624
29 177 0.099009900990099
29 176 0.113861386138614
29 175 0.108910891089109
29 174 0.103960396039604
29 173 0.118811881188119
29 172 0.108910891089109
29 171 0.118811881188119
29 170 0.118811881188119
29 169 0.113861386138614
29 168 0.103960396039604
29 167 0.108910891089109
29 166 0.108910891089109
29 165 0.118811881188119
29 164 0.103960396039604
29 163 0.113861386138614
29 162 0.113861386138614
29 161 0.108910891089109
29 160 0.108910891089109
29 159 0.113861386138614
29 158 0.113861386138614
29 157 0.108910891089109
29 156 0.113861386138614
29 155 0.108910891089109
29 154 0.123762376237624
29 153 0.099009900990099
29 152 0.108910891089109
29 151 0.103960396039604
29 150 0.108910891089109
29 149 0.108910891089109
29 148 0.123762376237624
29 147 0.108910891089109
29 146 0.0940594059405941
29 145 0.108910891089109
29 144 0.108910891089109
29 143 0.103960396039604
29 142 0.099009900990099
29 141 0.108910891089109
29 140 0.103960396039604
29 139 0.103960396039604
29 138 0.108910891089109
29 137 0.099009900990099
29 136 0.099009900990099
29 135 0.103960396039604
29 134 0.0940594059405941
29 133 0.103960396039604
29 132 0.0940594059405941
29 131 0.099009900990099
29 130 0.0940594059405941
29 129 0.099009900990099
29 128 0.099009900990099
29 127 0.0891089108910891
29 126 0.099009900990099
29 125 0.108910891089109
29 124 0.099009900990099
29 123 0.103960396039604
29 122 0.0940594059405941
29 121 0.0940594059405941
29 120 0.0891089108910891
29 119 0.099009900990099
29 118 0.103960396039604
29 117 0.0940594059405941
29 116 0.0940594059405941
29 115 0.0891089108910891
29 114 0.099009900990099
29 113 0.099009900990099
29 112 0.099009900990099
29 111 0.099009900990099
29 110 0.099009900990099
29 109 0.0891089108910891
29 108 0.0940594059405941
29 107 0.0891089108910891
29 106 0.099009900990099
29 105 0.0940594059405941
29 104 0.099009900990099
29 103 0.099009900990099
29 102 0.099009900990099
29 101 0.0891089108910891
29 100 0.0891089108910891
29 99 0.0841584158415842
29 98 0.0940594059405941
29 97 0.0940594059405941
29 96 0.0940594059405941
29 95 0.099009900990099
29 94 0.108910891089109
29 93 0.0940594059405941
29 92 0.099009900990099
29 91 0.108910891089109
29 90 0.099009900990099
29 89 0.099009900990099
29 88 0.0940594059405941
29 87 0.0940594059405941
29 86 0.099009900990099
29 85 0.0891089108910891
29 84 0.099009900990099
29 83 0.0940594059405941
29 82 0.0891089108910891
29 81 0.0940594059405941
29 80 0.0940594059405941
29 79 0.0940594059405941
29 78 0.0841584158415842
29 77 0.0940594059405941
29 76 0.099009900990099
29 75 0.0940594059405941
29 74 0.0940594059405941
29 73 0.103960396039604
29 72 0.0940594059405941
29 71 0.0940594059405941
29 70 0.0940594059405941
29 69 0.0891089108910891
29 68 0.0940594059405941
29 67 0.0891089108910891
29 66 0.103960396039604
29 65 0.099009900990099
29 64 0.099009900990099
29 63 0.099009900990099
29 62 0.099009900990099
29 61 0.099009900990099
29 60 0.099009900990099
29 59 0.099009900990099
29 58 0.099009900990099
29 57 0.108910891089109
29 56 0.0792079207920792
29 55 0.099009900990099
29 54 0.103960396039604
29 53 0.099009900990099
29 52 0.099009900990099
29 51 0.0940594059405941
29 50 0.0891089108910891
29 49 0.0940594059405941
29 48 0.0940594059405941
29 47 0.103960396039604
29 46 0.0940594059405941
29 45 0.0940594059405941
29 44 0.099009900990099
29 43 0.0940594059405941
29 42 0.099009900990099
29 41 0.099009900990099
29 40 0.103960396039604
29 39 0.0891089108910891
29 38 0.0940594059405941
29 37 0.0792079207920792
29 36 0.0841584158415842
29 35 0.0940594059405941
29 34 0.0891089108910891
29 33 0.099009900990099
29 32 0.0891089108910891
29 31 0.0841584158415842
29 30 0.0940594059405941
29 29 0.0940594059405941
29 28 0.099009900990099
29 27 0.0891089108910891
29 26 0.099009900990099
29 25 0.099009900990099
29 24 0.099009900990099
29 23 0.0940594059405941
29 22 0.099009900990099
29 21 0.0940594059405941
29 20 0.103960396039604
29 19 0.108910891089109
29 18 0.103960396039604
29 17 0.108910891089109
29 16 0.103960396039604
29 15 0.113861386138614
29 14 0.128712871287129
29 13 0.123762376237624
29 12 0.123762376237624
29 11 0.123762376237624
29 10 0.148514851485149
29 9 0.118811881188119
29 8 0.118811881188119
29 7 0.128712871287129
29 6 0.123762376237624
29 5 0.133663366336634
29 4 0.153465346534653
29 3 0.163366336633663
29 2 0.202970297029703
29 1 0.193069306930693
