59 177555 0.272277227722772
59 17756 0.227722772277228
59 1776 0.173267326732673
59 200 0.118811881188119
59 199 0.113861386138614
59 198 0.118811881188119
59 197 0.128712871287129
59 196 0.113861386138614
59 195 0.118811881188119
59 194 0.113861386138614
59 193 0.108910891089109
59 192 0.118811881188119
59 191 0.113861386138614
59 190 0.113861386138614
59 189 0.103960396039604
59 188 0.118811881188119
59 187 0.113861386138614
59 186 0.108910891089109
59 185 0.113861386138614
59 184 0.113861386138614
59 183 0.108910891089109
59 182 0.113861386138614
59 181 0.108910891089109
59 180 0.108910891089109
59 179 0.108910891089109
59 178 0.113861386138614
59 177 0.108910891089109
59 176 0.113861386138614
59 175 0.123762376237624
59 174 0.118811881188119
59 173 0.118811881188119
59 172 0.118811881188119
59 171 0.108910891089109
59 170 0.118811881188119
59 169 0.108910891089109
59 168 0.108910891089109
59 167 0.113861386138614
59 166 0.113861386138614
59 165 0.113861386138614
59 164 0.108910891089109
59 163 0.108910891089109
59 162 0.123762376237624
59 161 0.108910891089109
59 160 0.108910891089109
59 159 0.108910891089109
59 158 0.113861386138614
59 157 0.108910891089109
59 156 0.103960396039604
59 155 0.113861386138614
59 154 0.108910891089109
59 153 0.113861386138614
59 152 0.113861386138614
59 151 0.108910891089109
59 150 0.108910891089109
59 149 0.118811881188119
59 148 0.118811881188119
59 147 0.103960396039604
59 146 0.113861386138614
59 145 0.118811881188119
59 144 0.108910891089109
59 143 0.108910891089109
59 142 0.103960396039604
59 141 0.099009900990099
59 140 0.108910891089109
59 139 0.123762376237624
59 138 0.108910891089109
59 137 0.108910891089109
59 136 0.103960396039604
59 135 0.103960396039604
59 134 0.099009900990099
59 133 0.099009900990099
59 132 0.108910891089109
59 131 0.103960396039604
59 130 0.103960396039604
59 129 0.0940594059405941
59 128 0.108910891089109
59 127 0.103960396039604
59 126 0.113861386138614
59 125 0.113861386138614
59 124 0.099009900990099
59 123 0.113861386138614
59 122 0.108910891089109
59 121 0.113861386138614
59 120 0.099009900990099
59 119 0.108910891089109
59 118 0.103960396039604
59 117 0.0940594059405941
59 116 0.108910891089109
59 115 0.099009900990099
59 114 0.108910891089109
59 113 0.108910891089109
59 112 0.103960396039604
59 111 0.103960396039604
59 110 0.099009900990099
59 109 0.108910891089109
59 108 0.103960396039604
59 107 0.0940594059405941
59 106 0.103960396039604
59 105 0.099009900990099
59 104 0.108910891089109
59 103 0.099009900990099
59 102 0.099009900990099
59 101 0.099009900990099
59 100 0.103960396039604
59 99 0.099009900990099
59 98 0.0940594059405941
59 97 0.108910891089109
59 96 0.103960396039604
59 95 0.099009900990099
59 94 0.099009900990099
59 93 0.099009900990099
59 92 0.103960396039604
59 91 0.108910891089109
59 90 0.103960396039604
59 89 0.099009900990099
59 88 0.099009900990099
59 87 0.108910891089109
59 86 0.108910891089109
59 85 0.103960396039604
59 84 0.099009900990099
59 83 0.099009900990099
59 82 0.103960396039604
59 81 0.099009900990099
59 80 0.108910891089109
59 79 0.103960396039604
59 78 0.108910891089109
59 77 0.108910891089109
59 76 0.103960396039604
59 75 0.108910891089109
59 74 0.099009900990099
59 73 0.099009900990099
59 72 0.108910891089109
59 71 0.108910891089109
59 70 0.113861386138614
59 69 0.108910891089109
59 68 0.103960396039604
59 67 0.099009900990099
59 66 0.099009900990099
59 65 0.108910891089109
59 64 0.103960396039604
59 63 0.108910891089109
59 62 0.103960396039604
59 61 0.0940594059405941
59 60 0.0940594059405941
59 59 0.103960396039604
59 58 0.099009900990099
59 57 0.103960396039604
59 56 0.108910891089109
59 55 0.103960396039604
59 54 0.108910891089109
59 53 0.0940594059405941
59 52 0.0940594059405941
59 51 0.099009900990099
59 50 0.0891089108910891
59 49 0.0940594059405941
59 48 0.0891089108910891
59 47 0.0940594059405941
59 46 0.099009900990099
59 45 0.099009900990099
59 44 0.103960396039604
59 43 0.099009900990099
59 42 0.108910891089109
59 41 0.108910891089109
59 40 0.113861386138614
59 39 0.103960396039604
59 38 0.099009900990099
59 37 0.0940594059405941
59 36 0.099009900990099
59 35 0.0940594059405941
59 34 0.0940594059405941
59 33 0.118811881188119
59 32 0.103960396039604
59 31 0.113861386138614
59 30 0.103960396039604
59 29 0.108910891089109
59 28 0.118811881188119
59 27 0.0940594059405941
59 26 0.0940594059405941
59 25 0.099009900990099
59 24 0.108910891089109
59 23 0.103960396039604
59 22 0.113861386138614
59 21 0.113861386138614
59 20 0.108910891089109
59 19 0.113861386138614
59 18 0.108910891089109
59 17 0.113861386138614
59 16 0.108910891089109
59 15 0.0940594059405941
59 14 0.0841584158415842
59 13 0.099009900990099
59 12 0.123762376237624
59 11 0.113861386138614
59 10 0.123762376237624
59 9 0.138613861386139
59 8 0.123762376237624
59 7 0.138613861386139
59 6 0.198019801980198
59 5 0.178217821782178
59 4 0.202970297029703
59 3 0.153465346534653
59 2 0.163366336633663
59 1 0.212871287128713
