191 177555 0.277227722772277
191 17756 0.212871287128713
191 1776 0.163366336633663
191 200 0.118811881188119
191 199 0.118811881188119
191 198 0.108910891089109
191 197 0.123762376237624
191 196 0.113861386138614
191 195 0.118811881188119
191 194 0.118811881188119
191 193 0.123762376237624
191 192 0.118811881188119
191 191 0.118811881188119
191 190 0.123762376237624
191 189 0.118811881188119
191 188 0.118811881188119
191 187 0.118811881188119
191 186 0.108910891089109
191 185 0.123762376237624
191 184 0.113861386138614
191 183 0.108910891089109
191 182 0.108910891089109
191 181 0.113861386138614
191 180 0.108910891089109
191 179 0.113861386138614
191 178 0.113861386138614
191 177 0.113861386138614
191 176 0.113861386138614
191 175 0.118811881188119
191 174 0.113861386138614
191 173 0.113861386138614
191 172 0.113861386138614
191 171 0.099009900990099
191 170 0.113861386138614
191 169 0.118811881188119
191 168 0.113861386138614
191 167 0.118811881188119
191 166 0.113861386138614
191 165 0.123762376237624
191 164 0.113861386138614
191 163 0.099009900990099
191 162 0.108910891089109
191 161 0.113861386138614
191 160 0.118811881188119
191 159 0.103960396039604
191 158 0.099009900990099
191 157 0.108910891089109
191 156 0.113861386138614
191 155 0.0940594059405941
191 154 0.113861386138614
191 153 0.103960396039604
191 152 0.099009900990099
191 151 0.099009900990099
191 150 0.103960396039604
191 149 0.103960396039604
191 148 0.103960396039604
191 147 0.113861386138614
191 146 0.103960396039604
191 145 0.099009900990099
191 144 0.108910891089109
191 143 0.099009900990099
191 142 0.118811881188119
191 141 0.113861386138614
191 140 0.0940594059405941
191 139 0.118811881188119
191 138 0.123762376237624
191 137 0.113861386138614
191 136 0.099009900990099
191 135 0.103960396039604
191 134 0.118811881188119
191 133 0.0940594059405941
191 132 0.108910891089109
191 131 0.108910891089109
191 130 0.113861386138614
191 129 0.108910891089109
191 128 0.103960396039604
191 127 0.108910891089109
191 126 0.103960396039604
191 125 0.108910891089109
191 124 0.0940594059405941
191 123 0.0940594059405941
191 122 0.103960396039604
191 121 0.099009900990099
191 120 0.099009900990099
191 119 0.103960396039604
191 118 0.108910891089109
191 117 0.103960396039604
191 116 0.108910891089109
191 115 0.108910891089109
191 114 0.0940594059405941
191 113 0.103960396039604
191 112 0.103960396039604
191 111 0.0891089108910891
191 110 0.0940594059405941
191 109 0.103960396039604
191 108 0.0841584158415842
191 107 0.108910891089109
191 106 0.0940594059405941
191 105 0.0940594059405941
191 104 0.0940594059405941
191 103 0.0940594059405941
191 102 0.099009900990099
191 101 0.0891089108910891
191 100 0.099009900990099
191 99 0.0940594059405941
191 98 0.099009900990099
191 97 0.0940594059405941
191 96 0.0940594059405941
191 95 0.103960396039604
191 94 0.103960396039604
191 93 0.118811881188119
191 92 0.103960396039604
191 91 0.099009900990099
191 90 0.103960396039604
191 89 0.0940594059405941
191 88 0.108910891089109
191 87 0.099009900990099
191 86 0.0841584158415842
191 85 0.0841584158415842
191 84 0.099009900990099
191 83 0.0792079207920792
191 82 0.099009900990099
191 81 0.108910891089109
191 80 0.099009900990099
191 79 0.0940594059405941
191 78 0.0891089108910891
191 77 0.0841584158415842
191 76 0.099009900990099
191 75 0.0841584158415842
191 74 0.0891089108910891
191 73 0.0693069306930693
191 72 0.0792079207920792
191 71 0.099009900990099
191 70 0.0841584158415842
191 69 0.0792079207920792
191 68 0.0792079207920792
191 67 0.0891089108910891
191 66 0.0841584158415842
191 65 0.0891089108910891
191 64 0.0792079207920792
191 63 0.0792079207920792
191 62 0.0891089108910891
191 61 0.0940594059405941
191 60 0.099009900990099
191 59 0.0792079207920792
191 58 0.099009900990099
191 57 0.0891089108910891
191 56 0.0940594059405941
191 55 0.0891089108910891
191 54 0.103960396039604
191 53 0.099009900990099
191 52 0.103960396039604
191 51 0.123762376237624
191 50 0.123762376237624
191 49 0.113861386138614
191 48 0.103960396039604
191 47 0.103960396039604
191 46 0.099009900990099
191 45 0.108910891089109
191 44 0.123762376237624
191 43 0.113861386138614
191 42 0.118811881188119
191 41 0.108910891089109
191 40 0.108910891089109
191 39 0.123762376237624
191 38 0.123762376237624
191 37 0.123762376237624
191 36 0.128712871287129
191 35 0.113861386138614
191 34 0.108910891089109
191 33 0.118811881188119
191 32 0.123762376237624
191 31 0.113861386138614
191 30 0.123762376237624
191 29 0.128712871287129
191 28 0.108910891089109
191 27 0.103960396039604
191 26 0.108910891089109
191 25 0.108910891089109
191 24 0.113861386138614
191 23 0.118811881188119
191 22 0.103960396039604
191 21 0.108910891089109
191 20 0.113861386138614
191 19 0.113861386138614
191 18 0.103960396039604
191 17 0.118811881188119
191 16 0.108910891089109
191 15 0.0940594059405941
191 14 0.099009900990099
191 13 0.113861386138614
191 12 0.128712871287129
191 11 0.133663366336634
191 10 0.153465346534653
191 9 0.153465346534653
191 8 0.158415841584158
191 7 0.198019801980198
191 6 0.153465346534653
191 5 0.178217821782178
191 4 0.143564356435644
191 3 0.163366336633663
191 2 0.198019801980198
191 1 0.207920792079208
