154 177555 0.262376237623762
154 17756 0.217821782178218
154 1776 0.183168316831683
154 200 0.123762376237624
154 199 0.118811881188119
154 198 0.118811881188119
154 197 0.118811881188119
154 196 0.123762376237624
154 195 0.128712871287129
154 194 0.123762376237624
154 193 0.118811881188119
154 192 0.118811881188119
154 191 0.118811881188119
154 190 0.123762376237624
154 189 0.113861386138614
154 188 0.123762376237624
154 187 0.123762376237624
154 186 0.123762376237624
154 185 0.128712871287129
154 184 0.123762376237624
154 183 0.123762376237624
154 182 0.128712871287129
154 181 0.123762376237624
154 180 0.123762376237624
154 179 0.133663366336634
154 178 0.128712871287129
154 177 0.123762376237624
154 176 0.123762376237624
154 175 0.123762376237624
154 174 0.103960396039604
154 173 0.113861386138614
154 172 0.123762376237624
154 171 0.118811881188119
154 170 0.123762376237624
154 169 0.123762376237624
154 168 0.123762376237624
154 167 0.118811881188119
154 166 0.123762376237624
154 165 0.133663366336634
154 164 0.123762376237624
154 163 0.123762376237624
154 162 0.123762376237624
154 161 0.128712871287129
154 160 0.118811881188119
154 159 0.113861386138614
154 158 0.118811881188119
154 157 0.123762376237624
154 156 0.123762376237624
154 155 0.123762376237624
154 154 0.118811881188119
154 153 0.118811881188119
154 152 0.123762376237624
154 151 0.128712871287129
154 150 0.118811881188119
154 149 0.118811881188119
154 148 0.118811881188119
154 147 0.123762376237624
154 146 0.113861386138614
154 145 0.123762376237624
154 144 0.123762376237624
154 143 0.123762376237624
154 142 0.123762376237624
154 141 0.103960396039604
154 140 0.108910891089109
154 139 0.113861386138614
154 138 0.128712871287129
154 137 0.118811881188119
154 136 0.118811881188119
154 135 0.118811881188119
154 134 0.113861386138614
154 133 0.108910891089109
154 132 0.123762376237624
154 131 0.108910891089109
154 130 0.118811881188119
154 129 0.103960396039604
154 128 0.118811881188119
154 127 0.118811881188119
154 126 0.108910891089109
154 125 0.118811881188119
154 124 0.118811881188119
154 123 0.118811881188119
154 122 0.123762376237624
154 121 0.118811881188119
154 120 0.103960396039604
154 119 0.123762376237624
154 118 0.113861386138614
154 117 0.108910891089109
154 116 0.123762376237624
154 115 0.123762376237624
154 114 0.103960396039604
154 113 0.103960396039604
154 112 0.108910891089109
154 111 0.099009900990099
154 110 0.099009900990099
154 109 0.099009900990099
154 108 0.099009900990099
154 107 0.108910891089109
154 106 0.108910891089109
154 105 0.099009900990099
154 104 0.118811881188119
154 103 0.103960396039604
154 102 0.099009900990099
154 101 0.108910891089109
154 100 0.0940594059405941
154 99 0.103960396039604
154 98 0.113861386138614
154 97 0.103960396039604
154 96 0.0891089108910891
154 95 0.103960396039604
154 94 0.0891089108910891
154 93 0.0841584158415842
154 92 0.0891089108910891
154 91 0.108910891089109
154 90 0.099009900990099
154 89 0.099009900990099
154 88 0.0940594059405941
154 87 0.0940594059405941
154 86 0.099009900990099
154 85 0.0891089108910891
154 84 0.103960396039604
154 83 0.103960396039604
154 82 0.0792079207920792
154 81 0.103960396039604
154 80 0.0841584158415842
154 79 0.0891089108910891
154 78 0.0841584158415842
154 77 0.0841584158415842
154 76 0.0940594059405941
154 75 0.0792079207920792
154 74 0.0891089108910891
154 73 0.0940594059405941
154 72 0.0841584158415842
154 71 0.103960396039604
154 70 0.0940594059405941
154 69 0.0891089108910891
154 68 0.0940594059405941
154 67 0.0940594059405941
154 66 0.0891089108910891
154 65 0.0792079207920792
154 64 0.0940594059405941
154 63 0.0891089108910891
154 62 0.0891089108910891
154 61 0.0940594059405941
154 60 0.0792079207920792
154 59 0.099009900990099
154 58 0.0891089108910891
154 57 0.099009900990099
154 56 0.0792079207920792
154 55 0.0792079207920792
154 54 0.0792079207920792
154 53 0.0792079207920792
154 52 0.0742574257425743
154 51 0.0841584158415842
154 50 0.0742574257425743
154 49 0.0792079207920792
154 48 0.0841584158415842
154 47 0.0742574257425743
154 46 0.0792079207920792
154 45 0.0940594059405941
154 44 0.0792079207920792
154 43 0.0940594059405941
154 42 0.103960396039604
154 41 0.118811881188119
154 40 0.099009900990099
154 39 0.103960396039604
154 38 0.113861386138614
154 37 0.113861386138614
154 36 0.103960396039604
154 35 0.103960396039604
154 34 0.118811881188119
154 33 0.0841584158415842
154 32 0.0940594059405941
154 31 0.0940594059405941
154 30 0.0940594059405941
154 29 0.0940594059405941
154 28 0.099009900990099
154 27 0.099009900990099
154 26 0.108910891089109
154 25 0.0891089108910891
154 24 0.103960396039604
154 23 0.103960396039604
154 22 0.099009900990099
154 21 0.099009900990099
154 20 0.103960396039604
154 19 0.0940594059405941
154 18 0.108910891089109
154 17 0.118811881188119
154 16 0.103960396039604
154 15 0.0940594059405941
154 14 0.0742574257425743
154 13 0.0841584158415842
154 12 0.128712871287129
154 11 0.118811881188119
154 10 0.118811881188119
154 9 0.158415841584158
154 8 0.153465346534653
154 7 0.193069306930693
154 6 0.178217821782178
154 5 0.183168316831683
154 4 0.212871287128713
154 3 0.178217821782178
154 2 0.222772277227723
154 1 0.242574257425743
