70 177555 0.237623762376238
70 17756 0.227722772277228
70 1776 0.163366336633663
70 200 0.113861386138614
70 199 0.123762376237624
70 198 0.123762376237624
70 197 0.113861386138614
70 196 0.123762376237624
70 195 0.133663366336634
70 194 0.113861386138614
70 193 0.118811881188119
70 192 0.118811881188119
70 191 0.118811881188119
70 190 0.118811881188119
70 189 0.128712871287129
70 188 0.123762376237624
70 187 0.113861386138614
70 186 0.108910891089109
70 185 0.108910891089109
70 184 0.113861386138614
70 183 0.118811881188119
70 182 0.113861386138614
70 181 0.123762376237624
70 180 0.118811881188119
70 179 0.108910891089109
70 178 0.113861386138614
70 177 0.108910891089109
70 176 0.103960396039604
70 175 0.103960396039604
70 174 0.128712871287129
70 173 0.113861386138614
70 172 0.103960396039604
70 171 0.128712871287129
70 170 0.099009900990099
70 169 0.108910891089109
70 168 0.103960396039604
70 167 0.113861386138614
70 166 0.0891089108910891
70 165 0.118811881188119
70 164 0.103960396039604
70 163 0.108910891089109
70 162 0.113861386138614
70 161 0.123762376237624
70 160 0.118811881188119
70 159 0.103960396039604
70 158 0.113861386138614
70 157 0.113861386138614
70 156 0.103960396039604
70 155 0.103960396039604
70 154 0.118811881188119
70 153 0.113861386138614
70 152 0.0891089108910891
70 151 0.103960396039604
70 150 0.103960396039604
70 149 0.123762376237624
70 148 0.108910891089109
70 147 0.099009900990099
70 146 0.103960396039604
70 145 0.118811881188119
70 144 0.118811881188119
70 143 0.118811881188119
70 142 0.103960396039604
70 141 0.118811881188119
70 140 0.118811881188119
70 139 0.103960396039604
70 138 0.103960396039604
70 137 0.113861386138614
70 136 0.103960396039604
70 135 0.0940594059405941
70 134 0.113861386138614
70 133 0.118811881188119
70 132 0.113861386138614
70 131 0.103960396039604
70 130 0.103960396039604
70 129 0.103960396039604
70 128 0.108910891089109
70 127 0.099009900990099
70 126 0.099009900990099
70 125 0.108910891089109
70 124 0.099009900990099
70 123 0.103960396039604
70 122 0.103960396039604
70 121 0.0940594059405941
70 120 0.099009900990099
70 119 0.099009900990099
70 118 0.0940594059405941
70 117 0.099009900990099
70 116 0.099009900990099
70 115 0.099009900990099
70 114 0.113861386138614
70 113 0.108910891089109
70 112 0.103960396039604
70 111 0.113861386138614
70 110 0.113861386138614
70 109 0.0940594059405941
70 108 0.113861386138614
70 107 0.099009900990099
70 106 0.099009900990099
70 105 0.099009900990099
70 104 0.099009900990099
70 103 0.103960396039604
70 102 0.0940594059405941
70 101 0.118811881188119
70 100 0.0891089108910891
70 99 0.103960396039604
70 98 0.0891089108910891
70 97 0.099009900990099
70 96 0.0792079207920792
70 95 0.0940594059405941
70 94 0.0891089108910891
70 93 0.0841584158415842
70 92 0.108910891089109
70 91 0.099009900990099
70 90 0.0891089108910891
70 89 0.0891089108910891
70 88 0.0940594059405941
70 87 0.0891089108910891
70 86 0.099009900990099
70 85 0.099009900990099
70 84 0.0891089108910891
70 83 0.103960396039604
70 82 0.0940594059405941
70 81 0.0940594059405941
70 80 0.0891089108910891
70 79 0.099009900990099
70 78 0.0940594059405941
70 77 0.0841584158415842
70 76 0.0940594059405941
70 75 0.0940594059405941
70 74 0.0891089108910891
70 73 0.0891089108910891
70 72 0.0891089108910891
70 71 0.0891089108910891
70 70 0.099009900990099
70 69 0.099009900990099
70 68 0.0891089108910891
70 67 0.0891089108910891
70 66 0.099009900990099
70 65 0.0891089108910891
70 64 0.0841584158415842
70 63 0.0891089108910891
70 62 0.0940594059405941
70 61 0.0841584158415842
70 60 0.099009900990099
70 59 0.0940594059405941
70 58 0.099009900990099
70 57 0.099009900990099
70 56 0.0891089108910891
70 55 0.0891089108910891
70 54 0.0940594059405941
70 53 0.0891089108910891
70 52 0.103960396039604
70 51 0.0940594059405941
70 50 0.099009900990099
70 49 0.0891089108910891
70 48 0.0891089108910891
70 47 0.0792079207920792
70 46 0.0792079207920792
70 45 0.0891089108910891
70 44 0.0891089108910891
70 43 0.0940594059405941
70 42 0.0940594059405941
70 41 0.0940594059405941
70 40 0.0940594059405941
70 39 0.0841584158415842
70 38 0.0940594059405941
70 37 0.0940594059405941
70 36 0.0940594059405941
70 35 0.099009900990099
70 34 0.0891089108910891
70 33 0.099009900990099
70 32 0.103960396039604
70 31 0.108910891089109
70 30 0.0891089108910891
70 29 0.0940594059405941
70 28 0.0841584158415842
70 27 0.0792079207920792
70 26 0.0891089108910891
70 25 0.0940594059405941
70 24 0.099009900990099
70 23 0.099009900990099
70 22 0.0940594059405941
70 21 0.103960396039604
70 20 0.099009900990099
70 19 0.103960396039604
70 18 0.0742574257425743
70 17 0.113861386138614
70 16 0.0891089108910891
70 15 0.108910891089109
70 14 0.103960396039604
70 13 0.099009900990099
70 12 0.099009900990099
70 11 0.0891089108910891
70 10 0.0940594059405941
70 9 0.0841584158415842
70 8 0.118811881188119
70 7 0.123762376237624
70 6 0.163366336633663
70 5 0.153465346534653
70 4 0.178217821782178
70 3 0.148514851485149
70 2 0.207920792079208
70 1 0.237623762376238
