175 177555 0.237623762376238
175 17756 0.222772277227723
175 1776 0.178217821782178
175 200 0.138613861386139
175 199 0.123762376237624
175 198 0.128712871287129
175 197 0.118811881188119
175 196 0.133663366336634
175 195 0.123762376237624
175 194 0.113861386138614
175 193 0.118811881188119
175 192 0.118811881188119
175 191 0.103960396039604
175 190 0.118811881188119
175 189 0.113861386138614
175 188 0.113861386138614
175 187 0.118811881188119
175 186 0.128712871287129
175 185 0.103960396039604
175 184 0.118811881188119
175 183 0.103960396039604
175 182 0.118811881188119
175 181 0.113861386138614
175 180 0.118811881188119
175 179 0.113861386138614
175 178 0.123762376237624
175 177 0.128712871287129
175 176 0.118811881188119
175 175 0.118811881188119
175 174 0.123762376237624
175 173 0.118811881188119
175 172 0.113861386138614
175 171 0.113861386138614
175 170 0.108910891089109
175 169 0.113861386138614
175 168 0.123762376237624
175 167 0.118811881188119
175 166 0.103960396039604
175 165 0.108910891089109
175 164 0.108910891089109
175 163 0.123762376237624
175 162 0.103960396039604
175 161 0.108910891089109
175 160 0.113861386138614
175 159 0.108910891089109
175 158 0.108910891089109
175 157 0.123762376237624
175 156 0.118811881188119
175 155 0.108910891089109
175 154 0.118811881188119
175 153 0.103960396039604
175 152 0.113861386138614
175 151 0.118811881188119
175 150 0.0940594059405941
175 149 0.108910891089109
175 148 0.103960396039604
175 147 0.099009900990099
175 146 0.118811881188119
175 145 0.108910891089109
175 144 0.099009900990099
175 143 0.108910891089109
175 142 0.113861386138614
175 141 0.108910891089109
175 140 0.108910891089109
175 139 0.108910891089109
175 138 0.118811881188119
175 137 0.108910891089109
175 136 0.108910891089109
175 135 0.103960396039604
175 134 0.103960396039604
175 133 0.103960396039604
175 132 0.113861386138614
175 131 0.103960396039604
175 130 0.0891089108910891
175 129 0.108910891089109
175 128 0.0940594059405941
175 127 0.103960396039604
175 126 0.099009900990099
175 125 0.099009900990099
175 124 0.099009900990099
175 123 0.103960396039604
175 122 0.0940594059405941
175 121 0.113861386138614
175 120 0.0940594059405941
175 119 0.099009900990099
175 118 0.108910891089109
175 117 0.099009900990099
175 116 0.103960396039604
175 115 0.113861386138614
175 114 0.103960396039604
175 113 0.103960396039604
175 112 0.103960396039604
175 111 0.099009900990099
175 110 0.108910891089109
175 109 0.0891089108910891
175 108 0.099009900990099
175 107 0.103960396039604
175 106 0.108910891089109
175 105 0.099009900990099
175 104 0.0940594059405941
175 103 0.103960396039604
175 102 0.099009900990099
175 101 0.103960396039604
175 100 0.099009900990099
175 99 0.103960396039604
175 98 0.099009900990099
175 97 0.108910891089109
175 96 0.099009900990099
175 95 0.0940594059405941
175 94 0.103960396039604
175 93 0.103960396039604
175 92 0.0940594059405941
175 91 0.0940594059405941
175 90 0.099009900990099
175 89 0.099009900990099
175 88 0.0891089108910891
175 87 0.0940594059405941
175 86 0.0841584158415842
175 85 0.0891089108910891
175 84 0.0940594059405941
175 83 0.099009900990099
175 82 0.0940594059405941
175 81 0.099009900990099
175 80 0.099009900990099
175 79 0.099009900990099
175 78 0.0891089108910891
175 77 0.0940594059405941
175 76 0.0940594059405941
175 75 0.0940594059405941
175 74 0.103960396039604
175 73 0.0940594059405941
175 72 0.103960396039604
175 71 0.099009900990099
175 70 0.099009900990099
175 69 0.103960396039604
175 68 0.108910891089109
175 67 0.113861386138614
175 66 0.103960396039604
175 65 0.103960396039604
175 64 0.0940594059405941
175 63 0.103960396039604
175 62 0.118811881188119
175 61 0.099009900990099
175 60 0.108910891089109
175 59 0.118811881188119
175 58 0.103960396039604
175 57 0.103960396039604
175 56 0.108910891089109
175 55 0.0940594059405941
175 54 0.108910891089109
175 53 0.0940594059405941
175 52 0.108910891089109
175 51 0.099009900990099
175 50 0.118811881188119
175 49 0.108910891089109
175 48 0.108910891089109
175 47 0.108910891089109
175 46 0.118811881188119
175 45 0.118811881188119
175 44 0.128712871287129
175 43 0.099009900990099
175 42 0.113861386138614
175 41 0.118811881188119
175 40 0.099009900990099
175 39 0.108910891089109
175 38 0.118811881188119
175 37 0.103960396039604
175 36 0.113861386138614
175 35 0.113861386138614
175 34 0.123762376237624
175 33 0.113861386138614
175 32 0.128712871287129
175 31 0.123762376237624
175 30 0.113861386138614
175 29 0.108910891089109
175 28 0.118811881188119
175 27 0.118811881188119
175 26 0.123762376237624
175 25 0.113861386138614
175 24 0.113861386138614
175 23 0.113861386138614
175 22 0.108910891089109
175 21 0.103960396039604
175 20 0.108910891089109
175 19 0.123762376237624
175 18 0.108910891089109
175 17 0.113861386138614
175 16 0.113861386138614
175 15 0.108910891089109
175 14 0.133663366336634
175 13 0.133663366336634
175 12 0.118811881188119
175 11 0.138613861386139
175 10 0.133663366336634
175 9 0.138613861386139
175 8 0.113861386138614
175 7 0.148514851485149
175 6 0.143564356435644
175 5 0.158415841584158
175 4 0.212871287128713
175 3 0.198019801980198
175 2 0.237623762376238
175 1 0.193069306930693
