171 177555 0.232673267326733
171 17756 0.207920792079208
171 1776 0.168316831683168
171 200 0.123762376237624
171 199 0.113861386138614
171 198 0.123762376237624
171 197 0.123762376237624
171 196 0.108910891089109
171 195 0.123762376237624
171 194 0.113861386138614
171 193 0.128712871287129
171 192 0.108910891089109
171 191 0.118811881188119
171 190 0.108910891089109
171 189 0.113861386138614
171 188 0.108910891089109
171 187 0.103960396039604
171 186 0.113861386138614
171 185 0.108910891089109
171 184 0.108910891089109
171 183 0.123762376237624
171 182 0.108910891089109
171 181 0.108910891089109
171 180 0.108910891089109
171 179 0.118811881188119
171 178 0.099009900990099
171 177 0.108910891089109
171 176 0.108910891089109
171 175 0.118811881188119
171 174 0.123762376237624
171 173 0.113861386138614
171 172 0.113861386138614
171 171 0.108910891089109
171 170 0.108910891089109
171 169 0.103960396039604
171 168 0.118811881188119
171 167 0.108910891089109
171 166 0.113861386138614
171 165 0.118811881188119
171 164 0.118811881188119
171 163 0.108910891089109
171 162 0.113861386138614
171 161 0.118811881188119
171 160 0.103960396039604
171 159 0.108910891089109
171 158 0.103960396039604
171 157 0.103960396039604
171 156 0.123762376237624
171 155 0.118811881188119
171 154 0.118811881188119
171 153 0.108910891089109
171 152 0.108910891089109
171 151 0.108910891089109
171 150 0.118811881188119
171 149 0.108910891089109
171 148 0.113861386138614
171 147 0.113861386138614
171 146 0.103960396039604
171 145 0.108910891089109
171 144 0.099009900990099
171 143 0.123762376237624
171 142 0.108910891089109
171 141 0.108910891089109
171 140 0.108910891089109
171 139 0.108910891089109
171 138 0.108910891089109
171 137 0.113861386138614
171 136 0.099009900990099
171 135 0.099009900990099
171 134 0.103960396039604
171 133 0.113861386138614
171 132 0.113861386138614
171 131 0.103960396039604
171 130 0.103960396039604
171 129 0.103960396039604
171 128 0.099009900990099
171 127 0.099009900990099
171 126 0.099009900990099
171 125 0.108910891089109
171 124 0.103960396039604
171 123 0.099009900990099
171 122 0.113861386138614
171 121 0.103960396039604
171 120 0.099009900990099
171 119 0.0940594059405941
171 118 0.103960396039604
171 117 0.108910891089109
171 116 0.099009900990099
171 115 0.0940594059405941
171 114 0.103960396039604
171 113 0.103960396039604
171 112 0.103960396039604
171 111 0.099009900990099
171 110 0.0940594059405941
171 109 0.099009900990099
171 108 0.103960396039604
171 107 0.0891089108910891
171 106 0.0940594059405941
171 105 0.108910891089109
171 104 0.0891089108910891
171 103 0.0891089108910891
171 102 0.108910891089109
171 101 0.0940594059405941
171 100 0.108910891089109
171 99 0.0940594059405941
171 98 0.099009900990099
171 97 0.103960396039604
171 96 0.099009900990099
171 95 0.099009900990099
171 94 0.099009900990099
171 93 0.103960396039604
171 92 0.103960396039604
171 91 0.0940594059405941
171 90 0.099009900990099
171 89 0.099009900990099
171 88 0.0891089108910891
171 87 0.099009900990099
171 86 0.108910891089109
171 85 0.099009900990099
171 84 0.103960396039604
171 83 0.0940594059405941
171 82 0.103960396039604
171 81 0.099009900990099
171 80 0.099009900990099
171 79 0.099009900990099
171 78 0.0891089108910891
171 77 0.0940594059405941
171 76 0.099009900990099
171 75 0.099009900990099
171 74 0.0891089108910891
171 73 0.103960396039604
171 72 0.099009900990099
171 71 0.0940594059405941
171 70 0.099009900990099
171 69 0.0940594059405941
171 68 0.0891089108910891
171 67 0.099009900990099
171 66 0.099009900990099
171 65 0.0940594059405941
171 64 0.103960396039604
171 63 0.103960396039604
171 62 0.0940594059405941
171 61 0.103960396039604
171 60 0.0940594059405941
171 59 0.099009900990099
171 58 0.108910891089109
171 57 0.099009900990099
171 56 0.099009900990099
171 55 0.0891089108910891
171 54 0.099009900990099
171 53 0.0891089108910891
171 52 0.0891089108910891
171 51 0.0891089108910891
171 50 0.0891089108910891
171 49 0.0841584158415842
171 48 0.103960396039604
171 47 0.0940594059405941
171 46 0.0940594059405941
171 45 0.0940594059405941
171 44 0.103960396039604
171 43 0.0940594059405941
171 42 0.099009900990099
171 41 0.099009900990099
171 40 0.0891089108910891
171 39 0.103960396039604
171 38 0.103960396039604
171 37 0.108910891089109
171 36 0.099009900990099
171 35 0.0891089108910891
171 34 0.0940594059405941
171 33 0.0841584158415842
171 32 0.108910891089109
171 31 0.0940594059405941
171 30 0.0940594059405941
171 29 0.0940594059405941
171 28 0.099009900990099
171 27 0.099009900990099
171 26 0.099009900990099
171 25 0.103960396039604
171 24 0.108910891089109
171 23 0.099009900990099
171 22 0.0940594059405941
171 21 0.0841584158415842
171 20 0.099009900990099
171 19 0.113861386138614
171 18 0.0940594059405941
171 17 0.113861386138614
171 16 0.118811881188119
171 15 0.118811881188119
171 14 0.128712871287129
171 13 0.128712871287129
171 12 0.108910891089109
171 11 0.103960396039604
171 10 0.103960396039604
171 9 0.123762376237624
171 8 0.113861386138614
171 7 0.148514851485149
171 6 0.123762376237624
171 5 0.118811881188119
171 4 0.178217821782178
171 3 0.143564356435644
171 2 0.178217821782178
171 1 0.262376237623762
