187 177555 0.252475247524752
187 17756 0.207920792079208
187 1776 0.173267326732673
187 200 0.128712871287129
187 199 0.123762376237624
187 198 0.128712871287129
187 197 0.123762376237624
187 196 0.118811881188119
187 195 0.123762376237624
187 194 0.128712871287129
187 193 0.138613861386139
187 192 0.118811881188119
187 191 0.118811881188119
187 190 0.113861386138614
187 189 0.113861386138614
187 188 0.113861386138614
187 187 0.133663366336634
187 186 0.118811881188119
187 185 0.108910891089109
187 184 0.113861386138614
187 183 0.123762376237624
187 182 0.108910891089109
187 181 0.133663366336634
187 180 0.128712871287129
187 179 0.103960396039604
187 178 0.123762376237624
187 177 0.108910891089109
187 176 0.118811881188119
187 175 0.103960396039604
187 174 0.113861386138614
187 173 0.133663366336634
187 172 0.103960396039604
187 171 0.123762376237624
187 170 0.128712871287129
187 169 0.123762376237624
187 168 0.113861386138614
187 167 0.123762376237624
187 166 0.123762376237624
187 165 0.128712871287129
187 164 0.128712871287129
187 163 0.118811881188119
187 162 0.103960396039604
187 161 0.128712871287129
187 160 0.103960396039604
187 159 0.118811881188119
187 158 0.118811881188119
187 157 0.108910891089109
187 156 0.123762376237624
187 155 0.118811881188119
187 154 0.113861386138614
187 153 0.123762376237624
187 152 0.123762376237624
187 151 0.113861386138614
187 150 0.128712871287129
187 149 0.118811881188119
187 148 0.108910891089109
187 147 0.128712871287129
187 146 0.113861386138614
187 145 0.108910891089109
187 144 0.118811881188119
187 143 0.103960396039604
187 142 0.123762376237624
187 141 0.123762376237624
187 140 0.123762376237624
187 139 0.118811881188119
187 138 0.108910891089109
187 137 0.123762376237624
187 136 0.118811881188119
187 135 0.113861386138614
187 134 0.113861386138614
187 133 0.133663366336634
187 132 0.123762376237624
187 131 0.108910891089109
187 130 0.128712871287129
187 129 0.108910891089109
187 128 0.113861386138614
187 127 0.113861386138614
187 126 0.118811881188119
187 125 0.108910891089109
187 124 0.113861386138614
187 123 0.113861386138614
187 122 0.118811881188119
187 121 0.108910891089109
187 120 0.118811881188119
187 119 0.108910891089109
187 118 0.113861386138614
187 117 0.113861386138614
187 116 0.123762376237624
187 115 0.118811881188119
187 114 0.118811881188119
187 113 0.118811881188119
187 112 0.108910891089109
187 111 0.123762376237624
187 110 0.118811881188119
187 109 0.118811881188119
187 108 0.108910891089109
187 107 0.118811881188119
187 106 0.108910891089109
187 105 0.099009900990099
187 104 0.103960396039604
187 103 0.103960396039604
187 102 0.108910891089109
187 101 0.108910891089109
187 100 0.108910891089109
187 99 0.113861386138614
187 98 0.099009900990099
187 97 0.113861386138614
187 96 0.0891089108910891
187 95 0.123762376237624
187 94 0.113861386138614
187 93 0.113861386138614
187 92 0.113861386138614
187 91 0.113861386138614
187 90 0.113861386138614
187 89 0.128712871287129
187 88 0.108910891089109
187 87 0.099009900990099
187 86 0.118811881188119
187 85 0.118811881188119
187 84 0.113861386138614
187 83 0.118811881188119
187 82 0.113861386138614
187 81 0.118811881188119
187 80 0.113861386138614
187 79 0.108910891089109
187 78 0.108910891089109
187 77 0.108910891089109
187 76 0.108910891089109
187 75 0.113861386138614
187 74 0.103960396039604
187 73 0.099009900990099
187 72 0.118811881188119
187 71 0.103960396039604
187 70 0.099009900990099
187 69 0.108910891089109
187 68 0.113861386138614
187 67 0.113861386138614
187 66 0.099009900990099
187 65 0.103960396039604
187 64 0.113861386138614
187 63 0.118811881188119
187 62 0.113861386138614
187 61 0.108910891089109
187 60 0.103960396039604
187 59 0.113861386138614
187 58 0.099009900990099
187 57 0.118811881188119
187 56 0.103960396039604
187 55 0.108910891089109
187 54 0.099009900990099
187 53 0.108910891089109
187 52 0.0940594059405941
187 51 0.0891089108910891
187 50 0.118811881188119
187 49 0.108910891089109
187 48 0.113861386138614
187 47 0.123762376237624
187 46 0.123762376237624
187 45 0.118811881188119
187 44 0.118811881188119
187 43 0.099009900990099
187 42 0.108910891089109
187 41 0.108910891089109
187 40 0.108910891089109
187 39 0.118811881188119
187 38 0.103960396039604
187 37 0.103960396039604
187 36 0.113861386138614
187 35 0.118811881188119
187 34 0.118811881188119
187 33 0.118811881188119
187 32 0.108910891089109
187 31 0.103960396039604
187 30 0.0940594059405941
187 29 0.0891089108910891
187 28 0.103960396039604
187 27 0.108910891089109
187 26 0.108910891089109
187 25 0.103960396039604
187 24 0.099009900990099
187 23 0.118811881188119
187 22 0.103960396039604
187 21 0.123762376237624
187 20 0.123762376237624
187 19 0.0940594059405941
187 18 0.123762376237624
187 17 0.123762376237624
187 16 0.133663366336634
187 15 0.143564356435644
187 14 0.143564356435644
187 13 0.173267326732673
187 12 0.148514851485149
187 11 0.153465346534653
187 10 0.138613861386139
187 9 0.143564356435644
187 8 0.148514851485149
187 7 0.158415841584158
187 6 0.148514851485149
187 5 0.128712871287129
187 4 0.148514851485149
187 3 0.143564356435644
187 2 0.163366336633663
187 1 0.198019801980198
