166 177555 0.217821782178218
166 17756 0.212871287128713
166 1776 0.168316831683168
166 200 0.108910891089109
166 199 0.113861386138614
166 198 0.113861386138614
166 197 0.118811881188119
166 196 0.118811881188119
166 195 0.113861386138614
166 194 0.118811881188119
166 193 0.108910891089109
166 192 0.113861386138614
166 191 0.108910891089109
166 190 0.118811881188119
166 189 0.123762376237624
166 188 0.123762376237624
166 187 0.113861386138614
166 186 0.113861386138614
166 185 0.113861386138614
166 184 0.108910891089109
166 183 0.113861386138614
166 182 0.118811881188119
166 181 0.123762376237624
166 180 0.113861386138614
166 179 0.113861386138614
166 178 0.118811881188119
166 177 0.113861386138614
166 176 0.118811881188119
166 175 0.118811881188119
166 174 0.113861386138614
166 173 0.113861386138614
166 172 0.118811881188119
166 171 0.113861386138614
166 170 0.118811881188119
166 169 0.118811881188119
166 168 0.113861386138614
166 167 0.108910891089109
166 166 0.118811881188119
166 165 0.113861386138614
166 164 0.103960396039604
166 163 0.113861386138614
166 162 0.118811881188119
166 161 0.113861386138614
166 160 0.118811881188119
166 159 0.123762376237624
166 158 0.108910891089109
166 157 0.118811881188119
166 156 0.113861386138614
166 155 0.113861386138614
166 154 0.108910891089109
166 153 0.123762376237624
166 152 0.118811881188119
166 151 0.103960396039604
166 150 0.118811881188119
166 149 0.113861386138614
166 148 0.118811881188119
166 147 0.113861386138614
166 146 0.118811881188119
166 145 0.108910891089109
166 144 0.118811881188119
166 143 0.118811881188119
166 142 0.118811881188119
166 141 0.103960396039604
166 140 0.113861386138614
166 139 0.113861386138614
166 138 0.113861386138614
166 137 0.118811881188119
166 136 0.113861386138614
166 135 0.108910891089109
166 134 0.108910891089109
166 133 0.108910891089109
166 132 0.108910891089109
166 131 0.103960396039604
166 130 0.113861386138614
166 129 0.108910891089109
166 128 0.103960396039604
166 127 0.108910891089109
166 126 0.108910891089109
166 125 0.108910891089109
166 124 0.113861386138614
166 123 0.108910891089109
166 122 0.113861386138614
166 121 0.108910891089109
166 120 0.113861386138614
166 119 0.118811881188119
166 118 0.118811881188119
166 117 0.113861386138614
166 116 0.113861386138614
166 115 0.118811881188119
166 114 0.118811881188119
166 113 0.113861386138614
166 112 0.118811881188119
166 111 0.113861386138614
166 110 0.113861386138614
166 109 0.128712871287129
166 108 0.113861386138614
166 107 0.103960396039604
166 106 0.103960396039604
166 105 0.103960396039604
166 104 0.103960396039604
166 103 0.113861386138614
166 102 0.108910891089109
166 101 0.103960396039604
166 100 0.103960396039604
166 99 0.118811881188119
166 98 0.113861386138614
166 97 0.108910891089109
166 96 0.108910891089109
166 95 0.113861386138614
166 94 0.113861386138614
166 93 0.103960396039604
166 92 0.108910891089109
166 91 0.108910891089109
166 90 0.108910891089109
166 89 0.113861386138614
166 88 0.103960396039604
166 87 0.103960396039604
166 86 0.108910891089109
166 85 0.103960396039604
166 84 0.108910891089109
166 83 0.099009900990099
166 82 0.099009900990099
166 81 0.108910891089109
166 80 0.108910891089109
166 79 0.103960396039604
166 78 0.103960396039604
166 77 0.113861386138614
166 76 0.108910891089109
166 75 0.103960396039604
166 74 0.103960396039604
166 73 0.103960396039604
166 72 0.108910891089109
166 71 0.108910891089109
166 70 0.0940594059405941
166 69 0.099009900990099
166 68 0.108910891089109
166 67 0.103960396039604
166 66 0.0940594059405941
166 65 0.099009900990099
166 64 0.108910891089109
166 63 0.099009900990099
166 62 0.108910891089109
166 61 0.103960396039604
166 60 0.108910891089109
166 59 0.108910891089109
166 58 0.103960396039604
166 57 0.108910891089109
166 56 0.118811881188119
166 55 0.108910891089109
166 54 0.128712871287129
166 53 0.113861386138614
166 52 0.113861386138614
166 51 0.123762376237624
166 50 0.128712871287129
166 49 0.123762376237624
166 48 0.113861386138614
166 47 0.113861386138614
166 46 0.108910891089109
166 45 0.113861386138614
166 44 0.113861386138614
166 43 0.128712871287129
166 42 0.103960396039604
166 41 0.118811881188119
166 40 0.118811881188119
166 39 0.108910891089109
166 38 0.128712871287129
166 37 0.108910891089109
166 36 0.128712871287129
166 35 0.133663366336634
166 34 0.138613861386139
166 33 0.128712871287129
166 32 0.133663366336634
166 31 0.108910891089109
166 30 0.133663366336634
166 29 0.123762376237624
166 28 0.108910891089109
166 27 0.138613861386139
166 26 0.123762376237624
166 25 0.138613861386139
166 24 0.138613861386139
166 23 0.123762376237624
166 22 0.133663366336634
166 21 0.138613861386139
166 20 0.133663366336634
166 19 0.148514851485149
166 18 0.138613861386139
166 17 0.138613861386139
166 16 0.138613861386139
166 15 0.148514851485149
166 14 0.143564356435644
166 13 0.138613861386139
166 12 0.113861386138614
166 11 0.128712871287129
166 10 0.138613861386139
166 9 0.138613861386139
166 8 0.168316831683168
166 7 0.158415841584158
166 6 0.153465346534653
166 5 0.173267326732673
166 4 0.163366336633663
166 3 0.163366336633663
166 2 0.178217821782178
166 1 0.227722772277228
