137 177555 0.247524752475248
137 17756 0.217821782178218
137 1776 0.163366336633663
137 200 0.133663366336634
137 199 0.133663366336634
137 198 0.123762376237624
137 197 0.138613861386139
137 196 0.138613861386139
137 195 0.133663366336634
137 194 0.128712871287129
137 193 0.123762376237624
137 192 0.133663366336634
137 191 0.123762376237624
137 190 0.128712871287129
137 189 0.133663366336634
137 188 0.128712871287129
137 187 0.138613861386139
137 186 0.133663366336634
137 185 0.133663366336634
137 184 0.133663366336634
137 183 0.133663366336634
137 182 0.133663366336634
137 181 0.123762376237624
137 180 0.118811881188119
137 179 0.123762376237624
137 178 0.118811881188119
137 177 0.113861386138614
137 176 0.118811881188119
137 175 0.133663366336634
137 174 0.128712871287129
137 173 0.118811881188119
137 172 0.128712871287129
137 171 0.128712871287129
137 170 0.133663366336634
137 169 0.123762376237624
137 168 0.133663366336634
137 167 0.123762376237624
137 166 0.118811881188119
137 165 0.128712871287129
137 164 0.118811881188119
137 163 0.123762376237624
137 162 0.128712871287129
137 161 0.123762376237624
137 160 0.123762376237624
137 159 0.123762376237624
137 158 0.123762376237624
137 157 0.118811881188119
137 156 0.128712871287129
137 155 0.123762376237624
137 154 0.118811881188119
137 153 0.113861386138614
137 152 0.118811881188119
137 151 0.118811881188119
137 150 0.118811881188119
137 149 0.099009900990099
137 148 0.118811881188119
137 147 0.113861386138614
137 146 0.113861386138614
137 145 0.123762376237624
137 144 0.113861386138614
137 143 0.108910891089109
137 142 0.113861386138614
137 141 0.108910891089109
137 140 0.108910891089109
137 139 0.108910891089109
137 138 0.113861386138614
137 137 0.108910891089109
137 136 0.103960396039604
137 135 0.113861386138614
137 134 0.103960396039604
137 133 0.108910891089109
137 132 0.099009900990099
137 131 0.108910891089109
137 130 0.108910891089109
137 129 0.103960396039604
137 128 0.118811881188119
137 127 0.103960396039604
137 126 0.123762376237624
137 125 0.108910891089109
137 124 0.113861386138614
137 123 0.113861386138614
137 122 0.108910891089109
137 121 0.103960396039604
137 120 0.103960396039604
137 119 0.103960396039604
137 118 0.108910891089109
137 117 0.103960396039604
137 116 0.103960396039604
137 115 0.113861386138614
137 114 0.0940594059405941
137 113 0.099009900990099
137 112 0.103960396039604
137 111 0.113861386138614
137 110 0.103960396039604
137 109 0.103960396039604
137 108 0.113861386138614
137 107 0.099009900990099
137 106 0.103960396039604
137 105 0.103960396039604
137 104 0.103960396039604
137 103 0.099009900990099
137 102 0.103960396039604
137 101 0.099009900990099
137 100 0.103960396039604
137 99 0.099009900990099
137 98 0.108910891089109
137 97 0.103960396039604
137 96 0.103960396039604
137 95 0.103960396039604
137 94 0.113861386138614
137 93 0.099009900990099
137 92 0.108910891089109
137 91 0.099009900990099
137 90 0.108910891089109
137 89 0.113861386138614
137 88 0.108910891089109
137 87 0.113861386138614
137 86 0.108910891089109
137 85 0.108910891089109
137 84 0.108910891089109
137 83 0.123762376237624
137 82 0.103960396039604
137 81 0.123762376237624
137 80 0.113861386138614
137 79 0.103960396039604
137 78 0.108910891089109
137 77 0.103960396039604
137 76 0.108910891089109
137 75 0.103960396039604
137 74 0.128712871287129
137 73 0.108910891089109
137 72 0.103960396039604
137 71 0.113861386138614
137 70 0.103960396039604
137 69 0.113861386138614
137 68 0.113861386138614
137 67 0.108910891089109
137 66 0.108910891089109
137 65 0.099009900990099
137 64 0.103960396039604
137 63 0.103960396039604
137 62 0.103960396039604
137 61 0.099009900990099
137 60 0.108910891089109
137 59 0.099009900990099
137 58 0.0940594059405941
137 57 0.0940594059405941
137 56 0.099009900990099
137 55 0.108910891089109
137 54 0.103960396039604
137 53 0.103960396039604
137 52 0.118811881188119
137 51 0.103960396039604
137 50 0.123762376237624
137 49 0.108910891089109
137 48 0.108910891089109
137 47 0.0940594059405941
137 46 0.113861386138614
137 45 0.0940594059405941
137 44 0.108910891089109
137 43 0.113861386138614
137 42 0.123762376237624
137 41 0.108910891089109
137 40 0.099009900990099
137 39 0.099009900990099
137 38 0.108910891089109
137 37 0.103960396039604
137 36 0.118811881188119
137 35 0.099009900990099
137 34 0.099009900990099
137 33 0.099009900990099
137 32 0.099009900990099
137 31 0.103960396039604
137 30 0.138613861386139
137 29 0.118811881188119
137 28 0.123762376237624
137 27 0.108910891089109
137 26 0.128712871287129
137 25 0.123762376237624
137 24 0.138613861386139
137 23 0.118811881188119
137 22 0.103960396039604
137 21 0.123762376237624
137 20 0.103960396039604
137 19 0.108910891089109
137 18 0.108910891089109
137 17 0.113861386138614
137 16 0.113861386138614
137 15 0.123762376237624
137 14 0.128712871287129
137 13 0.143564356435644
137 12 0.128712871287129
137 11 0.138613861386139
137 10 0.133663366336634
137 9 0.163366336633663
137 8 0.153465346534653
137 7 0.168316831683168
137 6 0.188118811881188
137 5 0.207920792079208
137 4 0.193069306930693
137 3 0.247524752475248
137 2 0.232673267326733
137 1 0.262376237623762
