83 177555 0.237623762376238
83 17756 0.222772277227723
83 1776 0.173267326732673
83 200 0.123762376237624
83 199 0.118811881188119
83 198 0.128712871287129
83 197 0.123762376237624
83 196 0.123762376237624
83 195 0.123762376237624
83 194 0.123762376237624
83 193 0.118811881188119
83 192 0.123762376237624
83 191 0.128712871287129
83 190 0.118811881188119
83 189 0.123762376237624
83 188 0.123762376237624
83 187 0.128712871287129
83 186 0.128712871287129
83 185 0.133663366336634
83 184 0.123762376237624
83 183 0.118811881188119
83 182 0.128712871287129
83 181 0.123762376237624
83 180 0.123762376237624
83 179 0.123762376237624
83 178 0.118811881188119
83 177 0.118811881188119
83 176 0.123762376237624
83 175 0.113861386138614
83 174 0.123762376237624
83 173 0.113861386138614
83 172 0.118811881188119
83 171 0.123762376237624
83 170 0.108910891089109
83 169 0.103960396039604
83 168 0.108910891089109
83 167 0.113861386138614
83 166 0.113861386138614
83 165 0.103960396039604
83 164 0.118811881188119
83 163 0.103960396039604
83 162 0.103960396039604
83 161 0.108910891089109
83 160 0.113861386138614
83 159 0.103960396039604
83 158 0.103960396039604
83 157 0.103960396039604
83 156 0.118811881188119
83 155 0.103960396039604
83 154 0.103960396039604
83 153 0.108910891089109
83 152 0.113861386138614
83 151 0.118811881188119
83 150 0.113861386138614
83 149 0.103960396039604
83 148 0.118811881188119
83 147 0.113861386138614
83 146 0.103960396039604
83 145 0.113861386138614
83 144 0.103960396039604
83 143 0.103960396039604
83 142 0.113861386138614
83 141 0.108910891089109
83 140 0.103960396039604
83 139 0.103960396039604
83 138 0.108910891089109
83 137 0.103960396039604
83 136 0.103960396039604
83 135 0.103960396039604
83 134 0.108910891089109
83 133 0.103960396039604
83 132 0.108910891089109
83 131 0.103960396039604
83 130 0.103960396039604
83 129 0.103960396039604
83 128 0.103960396039604
83 127 0.099009900990099
83 126 0.103960396039604
83 125 0.099009900990099
83 124 0.099009900990099
83 123 0.099009900990099
83 122 0.108910891089109
83 121 0.113861386138614
83 120 0.108910891089109
83 119 0.103960396039604
83 118 0.103960396039604
83 117 0.099009900990099
83 116 0.108910891089109
83 115 0.113861386138614
83 114 0.103960396039604
83 113 0.103960396039604
83 112 0.099009900990099
83 111 0.099009900990099
83 110 0.099009900990099
83 109 0.099009900990099
83 108 0.099009900990099
83 107 0.0940594059405941
83 106 0.099009900990099
83 105 0.103960396039604
83 104 0.099009900990099
83 103 0.099009900990099
83 102 0.0891089108910891
83 101 0.0940594059405941
83 100 0.0940594059405941
83 99 0.099009900990099
83 98 0.0940594059405941
83 97 0.099009900990099
83 96 0.099009900990099
83 95 0.0940594059405941
83 94 0.099009900990099
83 93 0.0940594059405941
83 92 0.113861386138614
83 91 0.0940594059405941
83 90 0.099009900990099
83 89 0.0940594059405941
83 88 0.103960396039604
83 87 0.103960396039604
83 86 0.103960396039604
83 85 0.108910891089109
83 84 0.108910891089109
83 83 0.108910891089109
83 82 0.103960396039604
83 81 0.103960396039604
83 80 0.099009900990099
83 79 0.099009900990099
83 78 0.099009900990099
83 77 0.099009900990099
83 76 0.099009900990099
83 75 0.103960396039604
83 74 0.099009900990099
83 73 0.0940594059405941
83 72 0.113861386138614
83 71 0.113861386138614
83 70 0.103960396039604
83 69 0.108910891089109
83 68 0.103960396039604
83 67 0.108910891089109
83 66 0.113861386138614
83 65 0.099009900990099
83 64 0.099009900990099
83 63 0.108910891089109
83 62 0.0940594059405941
83 61 0.0940594059405941
83 60 0.099009900990099
83 59 0.103960396039604
83 58 0.103960396039604
83 57 0.108910891089109
83 56 0.0940594059405941
83 55 0.099009900990099
83 54 0.108910891089109
83 53 0.0891089108910891
83 52 0.103960396039604
83 51 0.099009900990099
83 50 0.103960396039604
83 49 0.0940594059405941
83 48 0.099009900990099
83 47 0.103960396039604
83 46 0.108910891089109
83 45 0.103960396039604
83 44 0.108910891089109
83 43 0.113861386138614
83 42 0.108910891089109
83 41 0.113861386138614
83 40 0.108910891089109
83 39 0.103960396039604
83 38 0.103960396039604
83 37 0.108910891089109
83 36 0.099009900990099
83 35 0.099009900990099
83 34 0.099009900990099
83 33 0.108910891089109
83 32 0.128712871287129
83 31 0.103960396039604
83 30 0.113861386138614
83 29 0.108910891089109
83 28 0.113861386138614
83 27 0.103960396039604
83 26 0.108910891089109
83 25 0.113861386138614
83 24 0.108910891089109
83 23 0.103960396039604
83 22 0.103960396039604
83 21 0.103960396039604
83 20 0.103960396039604
83 19 0.128712871287129
83 18 0.108910891089109
83 17 0.118811881188119
83 16 0.118811881188119
83 15 0.123762376237624
83 14 0.143564356435644
83 13 0.128712871287129
83 12 0.138613861386139
83 11 0.148514851485149
83 10 0.133663366336634
83 9 0.118811881188119
83 8 0.143564356435644
83 7 0.0940594059405941
83 6 0.118811881188119
83 5 0.123762376237624
83 4 0.133663366336634
83 3 0.168316831683168
83 2 0.163366336633663
83 1 0.242574257425743
