199 177555 0.252475247524752
199 17756 0.198019801980198
199 1776 0.173267326732673
199 200 0.108910891089109
199 199 0.113861386138614
199 198 0.113861386138614
199 197 0.108910891089109
199 196 0.108910891089109
199 195 0.113861386138614
199 194 0.103960396039604
199 193 0.103960396039604
199 192 0.108910891089109
199 191 0.103960396039604
199 190 0.099009900990099
199 189 0.103960396039604
199 188 0.103960396039604
199 187 0.118811881188119
199 186 0.099009900990099
199 185 0.108910891089109
199 184 0.108910891089109
199 183 0.113861386138614
199 182 0.113861386138614
199 181 0.113861386138614
199 180 0.113861386138614
199 179 0.108910891089109
199 178 0.108910891089109
199 177 0.113861386138614
199 176 0.108910891089109
199 175 0.108910891089109
199 174 0.099009900990099
199 173 0.113861386138614
199 172 0.108910891089109
199 171 0.108910891089109
199 170 0.113861386138614
199 169 0.103960396039604
199 168 0.099009900990099
199 167 0.103960396039604
199 166 0.103960396039604
199 165 0.099009900990099
199 164 0.103960396039604
199 163 0.099009900990099
199 162 0.118811881188119
199 161 0.099009900990099
199 160 0.103960396039604
199 159 0.099009900990099
199 158 0.103960396039604
199 157 0.118811881188119
199 156 0.103960396039604
199 155 0.099009900990099
199 154 0.103960396039604
199 153 0.0891089108910891
199 152 0.0940594059405941
199 151 0.103960396039604
199 150 0.103960396039604
199 149 0.108910891089109
199 148 0.108910891089109
199 147 0.099009900990099
199 146 0.099009900990099
199 145 0.099009900990099
199 144 0.108910891089109
199 143 0.108910891089109
199 142 0.103960396039604
199 141 0.108910891089109
199 140 0.113861386138614
199 139 0.103960396039604
199 138 0.099009900990099
199 137 0.103960396039604
199 136 0.108910891089109
199 135 0.0940594059405941
199 134 0.108910891089109
199 133 0.108910891089109
199 132 0.108910891089109
199 131 0.099009900990099
199 130 0.099009900990099
199 129 0.103960396039604
199 128 0.0940594059405941
199 127 0.103960396039604
199 126 0.103960396039604
199 125 0.099009900990099
199 124 0.099009900990099
199 123 0.0940594059405941
199 122 0.0891089108910891
199 121 0.0940594059405941
199 120 0.0940594059405941
199 119 0.0940594059405941
199 118 0.0940594059405941
199 117 0.0940594059405941
199 116 0.108910891089109
199 115 0.099009900990099
199 114 0.099009900990099
199 113 0.0940594059405941
199 112 0.099009900990099
199 111 0.108910891089109
199 110 0.0940594059405941
199 109 0.113861386138614
199 108 0.0891089108910891
199 107 0.0891089108910891
199 106 0.0891089108910891
199 105 0.0940594059405941
199 104 0.0891089108910891
199 103 0.0940594059405941
199 102 0.0841584158415842
199 101 0.0891089108910891
199 100 0.0940594059405941
199 99 0.0891089108910891
199 98 0.0841584158415842
199 97 0.099009900990099
199 96 0.0940594059405941
199 95 0.0891089108910891
199 94 0.0940594059405941
199 93 0.099009900990099
199 92 0.099009900990099
199 91 0.103960396039604
199 90 0.0940594059405941
199 89 0.099009900990099
199 88 0.0940594059405941
199 87 0.103960396039604
199 86 0.099009900990099
199 85 0.0940594059405941
199 84 0.103960396039604
199 83 0.099009900990099
199 82 0.099009900990099
199 81 0.0891089108910891
199 80 0.0891089108910891
199 79 0.0940594059405941
199 78 0.099009900990099
199 77 0.099009900990099
199 76 0.0940594059405941
199 75 0.0940594059405941
199 74 0.099009900990099
199 73 0.103960396039604
199 72 0.0792079207920792
199 71 0.103960396039604
199 70 0.099009900990099
199 69 0.099009900990099
199 68 0.103960396039604
199 67 0.0940594059405941
199 66 0.0940594059405941
199 65 0.0940594059405941
199 64 0.0891089108910891
199 63 0.0891089108910891
199 62 0.0940594059405941
199 61 0.0891089108910891
199 60 0.099009900990099
199 59 0.0940594059405941
199 58 0.0841584158415842
199 57 0.0940594059405941
199 56 0.099009900990099
199 55 0.0891089108910891
199 54 0.0841584158415842
199 53 0.0792079207920792
199 52 0.099009900990099
199 51 0.0742574257425743
199 50 0.0792079207920792
199 49 0.0792079207920792
199 48 0.0940594059405941
199 47 0.099009900990099
199 46 0.0891089108910891
199 45 0.099009900990099
199 44 0.0891089108910891
199 43 0.0940594059405941
199 42 0.0891089108910891
199 41 0.0940594059405941
199 40 0.108910891089109
199 39 0.108910891089109
199 38 0.099009900990099
199 37 0.0940594059405941
199 36 0.103960396039604
199 35 0.103960396039604
199 34 0.0940594059405941
199 33 0.099009900990099
199 32 0.099009900990099
199 31 0.099009900990099
199 30 0.108910891089109
199 29 0.0940594059405941
199 28 0.099009900990099
199 27 0.103960396039604
199 26 0.118811881188119
199 25 0.103960396039604
199 24 0.128712871287129
199 23 0.108910891089109
199 22 0.118811881188119
199 21 0.123762376237624
199 20 0.123762376237624
199 19 0.118811881188119
199 18 0.123762376237624
199 17 0.133663366336634
199 16 0.108910891089109
199 15 0.0940594059405941
199 14 0.108910891089109
199 13 0.113861386138614
199 12 0.103960396039604
199 11 0.123762376237624
199 10 0.113861386138614
199 9 0.123762376237624
199 8 0.123762376237624
199 7 0.128712871287129
199 6 0.198019801980198
199 5 0.158415841584158
199 4 0.143564356435644
199 3 0.198019801980198
199 2 0.153465346534653
199 1 0.212871287128713
