179 177555 0.247524752475248
179 17756 0.198019801980198
179 1776 0.163366336633663
179 200 0.123762376237624
179 199 0.108910891089109
179 198 0.113861386138614
179 197 0.113861386138614
179 196 0.113861386138614
179 195 0.113861386138614
179 194 0.118811881188119
179 193 0.123762376237624
179 192 0.118811881188119
179 191 0.118811881188119
179 190 0.123762376237624
179 189 0.123762376237624
179 188 0.113861386138614
179 187 0.138613861386139
179 186 0.123762376237624
179 185 0.113861386138614
179 184 0.113861386138614
179 183 0.113861386138614
179 182 0.118811881188119
179 181 0.118811881188119
179 180 0.108910891089109
179 179 0.108910891089109
179 178 0.118811881188119
179 177 0.113861386138614
179 176 0.113861386138614
179 175 0.123762376237624
179 174 0.113861386138614
179 173 0.108910891089109
179 172 0.108910891089109
179 171 0.103960396039604
179 170 0.118811881188119
179 169 0.099009900990099
179 168 0.113861386138614
179 167 0.103960396039604
179 166 0.108910891089109
179 165 0.103960396039604
179 164 0.0940594059405941
179 163 0.103960396039604
179 162 0.103960396039604
179 161 0.099009900990099
179 160 0.108910891089109
179 159 0.099009900990099
179 158 0.103960396039604
179 157 0.103960396039604
179 156 0.113861386138614
179 155 0.108910891089109
179 154 0.118811881188119
179 153 0.099009900990099
179 152 0.108910891089109
179 151 0.103960396039604
179 150 0.108910891089109
179 149 0.0940594059405941
179 148 0.103960396039604
179 147 0.099009900990099
179 146 0.103960396039604
179 145 0.118811881188119
179 144 0.123762376237624
179 143 0.099009900990099
179 142 0.113861386138614
179 141 0.103960396039604
179 140 0.108910891089109
179 139 0.103960396039604
179 138 0.113861386138614
179 137 0.113861386138614
179 136 0.103960396039604
179 135 0.103960396039604
179 134 0.099009900990099
179 133 0.103960396039604
179 132 0.103960396039604
179 131 0.113861386138614
179 130 0.103960396039604
179 129 0.099009900990099
179 128 0.099009900990099
179 127 0.0940594059405941
179 126 0.108910891089109
179 125 0.103960396039604
179 124 0.103960396039604
179 123 0.103960396039604
179 122 0.108910891089109
179 121 0.103960396039604
179 120 0.113861386138614
179 119 0.113861386138614
179 118 0.108910891089109
179 117 0.108910891089109
179 116 0.113861386138614
179 115 0.118811881188119
179 114 0.118811881188119
179 113 0.108910891089109
179 112 0.118811881188119
179 111 0.108910891089109
179 110 0.113861386138614
179 109 0.103960396039604
179 108 0.103960396039604
179 107 0.108910891089109
179 106 0.103960396039604
179 105 0.099009900990099
179 104 0.099009900990099
179 103 0.103960396039604
179 102 0.103960396039604
179 101 0.103960396039604
179 100 0.103960396039604
179 99 0.103960396039604
179 98 0.099009900990099
179 97 0.108910891089109
179 96 0.103960396039604
179 95 0.113861386138614
179 94 0.113861386138614
179 93 0.118811881188119
179 92 0.0940594059405941
179 91 0.099009900990099
179 90 0.103960396039604
179 89 0.103960396039604
179 88 0.103960396039604
179 87 0.103960396039604
179 86 0.103960396039604
179 85 0.099009900990099
179 84 0.103960396039604
179 83 0.103960396039604
179 82 0.099009900990099
179 81 0.103960396039604
179 80 0.113861386138614
179 79 0.108910891089109
179 78 0.108910891089109
179 77 0.0940594059405941
179 76 0.099009900990099
179 75 0.103960396039604
179 74 0.099009900990099
179 73 0.099009900990099
179 72 0.0940594059405941
179 71 0.099009900990099
179 70 0.0891089108910891
179 69 0.099009900990099
179 68 0.099009900990099
179 67 0.0940594059405941
179 66 0.0940594059405941
179 65 0.0940594059405941
179 64 0.0891089108910891
179 63 0.0891089108910891
179 62 0.099009900990099
179 61 0.103960396039604
179 60 0.0940594059405941
179 59 0.0940594059405941
179 58 0.099009900990099
179 57 0.099009900990099
179 56 0.0940594059405941
179 55 0.0940594059405941
179 54 0.0891089108910891
179 53 0.099009900990099
179 52 0.099009900990099
179 51 0.103960396039604
179 50 0.108910891089109
179 49 0.0891089108910891
179 48 0.099009900990099
179 47 0.099009900990099
179 46 0.0940594059405941
179 45 0.099009900990099
179 44 0.0940594059405941
179 43 0.0940594059405941
179 42 0.0891089108910891
179 41 0.108910891089109
179 40 0.103960396039604
179 39 0.099009900990099
179 38 0.099009900990099
179 37 0.099009900990099
179 36 0.103960396039604
179 35 0.099009900990099
179 34 0.099009900990099
179 33 0.0940594059405941
179 32 0.0940594059405941
179 31 0.103960396039604
179 30 0.0891089108910891
179 29 0.099009900990099
179 28 0.099009900990099
179 27 0.103960396039604
179 26 0.108910891089109
179 25 0.113861386138614
179 24 0.108910891089109
179 23 0.099009900990099
179 22 0.128712871287129
179 21 0.108910891089109
179 20 0.108910891089109
179 19 0.113861386138614
179 18 0.113861386138614
179 17 0.123762376237624
179 16 0.123762376237624
179 15 0.123762376237624
179 14 0.113861386138614
179 13 0.108910891089109
179 12 0.123762376237624
179 11 0.138613861386139
179 10 0.108910891089109
179 9 0.108910891089109
179 8 0.143564356435644
179 7 0.133663366336634
179 6 0.148514851485149
179 5 0.153465346534653
179 4 0.143564356435644
179 3 0.198019801980198
179 2 0.227722772277228
179 1 0.237623762376238
