142 177555 0.267326732673267
142 17756 0.222772277227723
142 1776 0.163366336633663
142 200 0.113861386138614
142 199 0.133663366336634
142 198 0.128712871287129
142 197 0.133663366336634
142 196 0.118811881188119
142 195 0.133663366336634
142 194 0.128712871287129
142 193 0.123762376237624
142 192 0.138613861386139
142 191 0.123762376237624
142 190 0.128712871287129
142 189 0.128712871287129
142 188 0.128712871287129
142 187 0.118811881188119
142 186 0.128712871287129
142 185 0.118811881188119
142 184 0.123762376237624
142 183 0.123762376237624
142 182 0.113861386138614
142 181 0.123762376237624
142 180 0.133663366336634
142 179 0.123762376237624
142 178 0.128712871287129
142 177 0.128712871287129
142 176 0.123762376237624
142 175 0.123762376237624
142 174 0.118811881188119
142 173 0.118811881188119
142 172 0.113861386138614
142 171 0.128712871287129
142 170 0.123762376237624
142 169 0.123762376237624
142 168 0.113861386138614
142 167 0.123762376237624
142 166 0.128712871287129
142 165 0.118811881188119
142 164 0.128712871287129
142 163 0.118811881188119
142 162 0.128712871287129
142 161 0.133663366336634
142 160 0.123762376237624
142 159 0.123762376237624
142 158 0.123762376237624
142 157 0.118811881188119
142 156 0.123762376237624
142 155 0.118811881188119
142 154 0.133663366336634
142 153 0.123762376237624
142 152 0.118811881188119
142 151 0.123762376237624
142 150 0.118811881188119
142 149 0.118811881188119
142 148 0.123762376237624
142 147 0.118811881188119
142 146 0.123762376237624
142 145 0.118811881188119
142 144 0.128712871287129
142 143 0.128712871287129
142 142 0.113861386138614
142 141 0.118811881188119
142 140 0.118811881188119
142 139 0.123762376237624
142 138 0.113861386138614
142 137 0.128712871287129
142 136 0.118811881188119
142 135 0.118811881188119
142 134 0.118811881188119
142 133 0.123762376237624
142 132 0.118811881188119
142 131 0.118811881188119
142 130 0.113861386138614
142 129 0.118811881188119
142 128 0.123762376237624
142 127 0.113861386138614
142 126 0.113861386138614
142 125 0.108910891089109
142 124 0.128712871287129
142 123 0.128712871287129
142 122 0.113861386138614
142 121 0.113861386138614
142 120 0.118811881188119
142 119 0.123762376237624
142 118 0.118811881188119
142 117 0.118811881188119
142 116 0.123762376237624
142 115 0.118811881188119
142 114 0.113861386138614
142 113 0.118811881188119
142 112 0.118811881188119
142 111 0.128712871287129
142 110 0.138613861386139
142 109 0.118811881188119
142 108 0.128712871287129
142 107 0.128712871287129
142 106 0.133663366336634
142 105 0.133663366336634
142 104 0.133663366336634
142 103 0.123762376237624
142 102 0.138613861386139
142 101 0.128712871287129
142 100 0.128712871287129
142 99 0.128712871287129
142 98 0.133663366336634
142 97 0.118811881188119
142 96 0.133663366336634
142 95 0.128712871287129
142 94 0.128712871287129
142 93 0.133663366336634
142 92 0.103960396039604
142 91 0.113861386138614
142 90 0.113861386138614
142 89 0.118811881188119
142 88 0.123762376237624
142 87 0.138613861386139
142 86 0.123762376237624
142 85 0.118811881188119
142 84 0.118811881188119
142 83 0.108910891089109
142 82 0.123762376237624
142 81 0.128712871287129
142 80 0.123762376237624
142 79 0.128712871287129
142 78 0.118811881188119
142 77 0.133663366336634
142 76 0.143564356435644
142 75 0.123762376237624
142 74 0.123762376237624
142 73 0.118811881188119
142 72 0.133663366336634
142 71 0.118811881188119
142 70 0.108910891089109
142 69 0.123762376237624
142 68 0.118811881188119
142 67 0.103960396039604
142 66 0.118811881188119
142 65 0.103960396039604
142 64 0.108910891089109
142 63 0.113861386138614
142 62 0.113861386138614
142 61 0.113861386138614
142 60 0.103960396039604
142 59 0.108910891089109
142 58 0.118811881188119
142 57 0.113861386138614
142 56 0.108910891089109
142 55 0.108910891089109
142 54 0.113861386138614
142 53 0.108910891089109
142 52 0.128712871287129
142 51 0.103960396039604
142 50 0.099009900990099
142 49 0.113861386138614
142 48 0.113861386138614
142 47 0.103960396039604
142 46 0.118811881188119
142 45 0.113861386138614
142 44 0.108910891089109
142 43 0.113861386138614
142 42 0.108910891089109
142 41 0.108910891089109
142 40 0.123762376237624
142 39 0.108910891089109
142 38 0.108910891089109
142 37 0.113861386138614
142 36 0.099009900990099
142 35 0.108910891089109
142 34 0.108910891089109
142 33 0.108910891089109
142 32 0.108910891089109
142 31 0.113861386138614
142 30 0.128712871287129
142 29 0.099009900990099
142 28 0.113861386138614
142 27 0.113861386138614
142 26 0.123762376237624
142 25 0.103960396039604
142 24 0.123762376237624
142 23 0.128712871287129
142 22 0.128712871287129
142 21 0.133663366336634
142 20 0.118811881188119
142 19 0.103960396039604
142 18 0.133663366336634
142 17 0.123762376237624
142 16 0.123762376237624
142 15 0.133663366336634
142 14 0.128712871287129
142 13 0.133663366336634
142 12 0.138613861386139
142 11 0.123762376237624
142 10 0.133663366336634
142 9 0.133663366336634
142 8 0.118811881188119
142 7 0.138613861386139
142 6 0.143564356435644
142 5 0.148514851485149
142 4 0.168316831683168
142 3 0.183168316831683
142 2 0.202970297029703
142 1 0.232673267326733
