44 177555 0.232673267326733
44 17756 0.212871287128713
44 1776 0.163366336633663
44 200 0.128712871287129
44 199 0.123762376237624
44 198 0.123762376237624
44 197 0.133663366336634
44 196 0.118811881188119
44 195 0.128712871287129
44 194 0.133663366336634
44 193 0.123762376237624
44 192 0.123762376237624
44 191 0.128712871287129
44 190 0.123762376237624
44 189 0.123762376237624
44 188 0.128712871287129
44 187 0.118811881188119
44 186 0.123762376237624
44 185 0.113861386138614
44 184 0.123762376237624
44 183 0.128712871287129
44 182 0.128712871287129
44 181 0.113861386138614
44 180 0.123762376237624
44 179 0.123762376237624
44 178 0.133663366336634
44 177 0.133663366336634
44 176 0.133663366336634
44 175 0.118811881188119
44 174 0.123762376237624
44 173 0.123762376237624
44 172 0.113861386138614
44 171 0.123762376237624
44 170 0.113861386138614
44 169 0.123762376237624
44 168 0.123762376237624
44 167 0.118811881188119
44 166 0.133663366336634
44 165 0.118811881188119
44 164 0.113861386138614
44 163 0.113861386138614
44 162 0.133663366336634
44 161 0.118811881188119
44 160 0.118811881188119
44 159 0.128712871287129
44 158 0.128712871287129
44 157 0.118811881188119
44 156 0.138613861386139
44 155 0.133663366336634
44 154 0.123762376237624
44 153 0.123762376237624
44 152 0.118811881188119
44 151 0.128712871287129
44 150 0.123762376237624
44 149 0.128712871287129
44 148 0.118811881188119
44 147 0.123762376237624
44 146 0.128712871287129
44 145 0.138613861386139
44 144 0.128712871287129
44 143 0.128712871287129
44 142 0.128712871287129
44 141 0.128712871287129
44 140 0.133663366336634
44 139 0.128712871287129
44 138 0.123762376237624
44 137 0.123762376237624
44 136 0.133663366336634
44 135 0.133663366336634
44 134 0.118811881188119
44 133 0.133663366336634
44 132 0.123762376237624
44 131 0.133663366336634
44 130 0.123762376237624
44 129 0.123762376237624
44 128 0.113861386138614
44 127 0.108910891089109
44 126 0.108910891089109
44 125 0.133663366336634
44 124 0.118811881188119
44 123 0.118811881188119
44 122 0.0940594059405941
44 121 0.108910891089109
44 120 0.113861386138614
44 119 0.128712871287129
44 118 0.123762376237624
44 117 0.103960396039604
44 116 0.108910891089109
44 115 0.108910891089109
44 114 0.118811881188119
44 113 0.103960396039604
44 112 0.103960396039604
44 111 0.123762376237624
44 110 0.118811881188119
44 109 0.099009900990099
44 108 0.099009900990099
44 107 0.0940594059405941
44 106 0.0891089108910891
44 105 0.103960396039604
44 104 0.099009900990099
44 103 0.099009900990099
44 102 0.113861386138614
44 101 0.118811881188119
44 100 0.103960396039604
44 99 0.103960396039604
44 98 0.108910891089109
44 97 0.108910891089109
44 96 0.0841584158415842
44 95 0.103960396039604
44 94 0.103960396039604
44 93 0.0891089108910891
44 92 0.099009900990099
44 91 0.103960396039604
44 90 0.0940594059405941
44 89 0.099009900990099
44 88 0.108910891089109
44 87 0.099009900990099
44 86 0.0940594059405941
44 85 0.113861386138614
44 84 0.108910891089109
44 83 0.118811881188119
44 82 0.118811881188119
44 81 0.0940594059405941
44 80 0.0940594059405941
44 79 0.099009900990099
44 78 0.108910891089109
44 77 0.0940594059405941
44 76 0.118811881188119
44 75 0.108910891089109
44 74 0.108910891089109
44 73 0.108910891089109
44 72 0.103960396039604
44 71 0.0940594059405941
44 70 0.103960396039604
44 69 0.103960396039604
44 68 0.108910891089109
44 67 0.099009900990099
44 66 0.123762376237624
44 65 0.103960396039604
44 64 0.103960396039604
44 63 0.103960396039604
44 62 0.108910891089109
44 61 0.103960396039604
44 60 0.108910891089109
44 59 0.0891089108910891
44 58 0.103960396039604
44 57 0.0891089108910891
44 56 0.0940594059405941
44 55 0.099009900990099
44 54 0.0940594059405941
44 53 0.099009900990099
44 52 0.103960396039604
44 51 0.099009900990099
44 50 0.099009900990099
44 49 0.103960396039604
44 48 0.103960396039604
44 47 0.099009900990099
44 46 0.099009900990099
44 45 0.103960396039604
44 44 0.099009900990099
44 43 0.0891089108910891
44 42 0.0940594059405941
44 41 0.0891089108910891
44 40 0.0940594059405941
44 39 0.0940594059405941
44 38 0.0841584158415842
44 37 0.0940594059405941
44 36 0.0792079207920792
44 35 0.0792079207920792
44 34 0.0792079207920792
44 33 0.0792079207920792
44 32 0.0841584158415842
44 31 0.099009900990099
44 30 0.0792079207920792
44 29 0.0891089108910891
44 28 0.0792079207920792
44 27 0.0792079207920792
44 26 0.0891089108910891
44 25 0.0891089108910891
44 24 0.0891089108910891
44 23 0.0792079207920792
44 22 0.103960396039604
44 21 0.099009900990099
44 20 0.0891089108910891
44 19 0.0940594059405941
44 18 0.0841584158415842
44 17 0.0891089108910891
44 16 0.108910891089109
44 15 0.0940594059405941
44 14 0.103960396039604
44 13 0.108910891089109
44 12 0.0940594059405941
44 11 0.118811881188119
44 10 0.123762376237624
44 9 0.158415841584158
44 8 0.148514851485149
44 7 0.178217821782178
44 6 0.178217821782178
44 5 0.148514851485149
44 4 0.168316831683168
44 3 0.217821782178218
44 2 0.202970297029703
44 1 0.207920792079208
