132 177555 0.252475247524752
132 17756 0.217821782178218
132 1776 0.188118811881188
132 200 0.118811881188119
132 199 0.118811881188119
132 198 0.123762376237624
132 197 0.128712871287129
132 196 0.118811881188119
132 195 0.128712871287129
132 194 0.128712871287129
132 193 0.128712871287129
132 192 0.128712871287129
132 191 0.138613861386139
132 190 0.128712871287129
132 189 0.133663366336634
132 188 0.128712871287129
132 187 0.128712871287129
132 186 0.128712871287129
132 185 0.123762376237624
132 184 0.133663366336634
132 183 0.118811881188119
132 182 0.128712871287129
132 181 0.123762376237624
132 180 0.128712871287129
132 179 0.128712871287129
132 178 0.133663366336634
132 177 0.123762376237624
132 176 0.123762376237624
132 175 0.123762376237624
132 174 0.123762376237624
132 173 0.123762376237624
132 172 0.118811881188119
132 171 0.123762376237624
132 170 0.128712871287129
132 169 0.123762376237624
132 168 0.113861386138614
132 167 0.128712871287129
132 166 0.133663366336634
132 165 0.128712871287129
132 164 0.123762376237624
132 163 0.123762376237624
132 162 0.108910891089109
132 161 0.118811881188119
132 160 0.108910891089109
132 159 0.133663366336634
132 158 0.113861386138614
132 157 0.118811881188119
132 156 0.103960396039604
132 155 0.113861386138614
132 154 0.118811881188119
132 153 0.108910891089109
132 152 0.103960396039604
132 151 0.113861386138614
132 150 0.118811881188119
132 149 0.123762376237624
132 148 0.108910891089109
132 147 0.099009900990099
132 146 0.113861386138614
132 145 0.113861386138614
132 144 0.118811881188119
132 143 0.103960396039604
132 142 0.113861386138614
132 141 0.113861386138614
132 140 0.103960396039604
132 139 0.108910891089109
132 138 0.118811881188119
132 137 0.108910891089109
132 136 0.113861386138614
132 135 0.099009900990099
132 134 0.113861386138614
132 133 0.118811881188119
132 132 0.118811881188119
132 131 0.108910891089109
132 130 0.108910891089109
132 129 0.113861386138614
132 128 0.099009900990099
132 127 0.099009900990099
132 126 0.099009900990099
132 125 0.0940594059405941
132 124 0.099009900990099
132 123 0.128712871287129
132 122 0.099009900990099
132 121 0.103960396039604
132 120 0.103960396039604
132 119 0.108910891089109
132 118 0.0940594059405941
132 117 0.103960396039604
132 116 0.103960396039604
132 115 0.103960396039604
132 114 0.099009900990099
132 113 0.113861386138614
132 112 0.118811881188119
132 111 0.099009900990099
132 110 0.099009900990099
132 109 0.108910891089109
132 108 0.103960396039604
132 107 0.103960396039604
132 106 0.099009900990099
132 105 0.113861386138614
132 104 0.0940594059405941
132 103 0.108910891089109
132 102 0.099009900990099
132 101 0.113861386138614
132 100 0.103960396039604
132 99 0.108910891089109
132 98 0.113861386138614
132 97 0.099009900990099
132 96 0.113861386138614
132 95 0.113861386138614
132 94 0.118811881188119
132 93 0.099009900990099
132 92 0.108910891089109
132 91 0.099009900990099
132 90 0.113861386138614
132 89 0.108910891089109
132 88 0.103960396039604
132 87 0.108910891089109
132 86 0.108910891089109
132 85 0.103960396039604
132 84 0.0891089108910891
132 83 0.103960396039604
132 82 0.0940594059405941
132 81 0.099009900990099
132 80 0.0891089108910891
132 79 0.0891089108910891
132 78 0.099009900990099
132 77 0.0940594059405941
132 76 0.099009900990099
132 75 0.113861386138614
132 74 0.0841584158415842
132 73 0.103960396039604
132 72 0.103960396039604
132 71 0.103960396039604
132 70 0.103960396039604
132 69 0.099009900990099
132 68 0.099009900990099
132 67 0.103960396039604
132 66 0.0940594059405941
132 65 0.099009900990099
132 64 0.099009900990099
132 63 0.103960396039604
132 62 0.099009900990099
132 61 0.0891089108910891
132 60 0.099009900990099
132 59 0.099009900990099
132 58 0.0940594059405941
132 57 0.099009900990099
132 56 0.0891089108910891
132 55 0.108910891089109
132 54 0.0940594059405941
132 53 0.0940594059405941
132 52 0.0841584158415842
132 51 0.0940594059405941
132 50 0.099009900990099
132 49 0.099009900990099
132 48 0.0891089108910891
132 47 0.099009900990099
132 46 0.103960396039604
132 45 0.103960396039604
132 44 0.099009900990099
132 43 0.099009900990099
132 42 0.108910891089109
132 41 0.108910891089109
132 40 0.108910891089109
132 39 0.113861386138614
132 38 0.099009900990099
132 37 0.108910891089109
132 36 0.113861386138614
132 35 0.103960396039604
132 34 0.113861386138614
132 33 0.123762376237624
132 32 0.118811881188119
132 31 0.128712871287129
132 30 0.118811881188119
132 29 0.123762376237624
132 28 0.113861386138614
132 27 0.113861386138614
132 26 0.113861386138614
132 25 0.123762376237624
132 24 0.103960396039604
132 23 0.123762376237624
132 22 0.113861386138614
132 21 0.123762376237624
132 20 0.113861386138614
132 19 0.128712871287129
132 18 0.128712871287129
132 17 0.138613861386139
132 16 0.118811881188119
132 15 0.118811881188119
132 14 0.113861386138614
132 13 0.113861386138614
132 12 0.138613861386139
132 11 0.103960396039604
132 10 0.118811881188119
132 9 0.123762376237624
132 8 0.138613861386139
132 7 0.158415841584158
132 6 0.168316831683168
132 5 0.163366336633663
132 4 0.143564356435644
132 3 0.158415841584158
132 2 0.158415841584158
132 1 0.217821782178218
