50 177555 0.242574257425743
50 17756 0.207920792079208
50 1776 0.168316831683168
50 200 0.128712871287129
50 199 0.118811881188119
50 198 0.123762376237624
50 197 0.128712871287129
50 196 0.128712871287129
50 195 0.133663366336634
50 194 0.128712871287129
50 193 0.123762376237624
50 192 0.123762376237624
50 191 0.123762376237624
50 190 0.128712871287129
50 189 0.138613861386139
50 188 0.128712871287129
50 187 0.128712871287129
50 186 0.113861386138614
50 185 0.113861386138614
50 184 0.128712871287129
50 183 0.113861386138614
50 182 0.123762376237624
50 181 0.123762376237624
50 180 0.113861386138614
50 179 0.108910891089109
50 178 0.128712871287129
50 177 0.123762376237624
50 176 0.113861386138614
50 175 0.128712871287129
50 174 0.118811881188119
50 173 0.123762376237624
50 172 0.113861386138614
50 171 0.103960396039604
50 170 0.108910891089109
50 169 0.128712871287129
50 168 0.108910891089109
50 167 0.118811881188119
50 166 0.108910891089109
50 165 0.113861386138614
50 164 0.118811881188119
50 163 0.118811881188119
50 162 0.118811881188119
50 161 0.108910891089109
50 160 0.108910891089109
50 159 0.123762376237624
50 158 0.118811881188119
50 157 0.118811881188119
50 156 0.113861386138614
50 155 0.113861386138614
50 154 0.108910891089109
50 153 0.113861386138614
50 152 0.113861386138614
50 151 0.108910891089109
50 150 0.113861386138614
50 149 0.113861386138614
50 148 0.118811881188119
50 147 0.118811881188119
50 146 0.118811881188119
50 145 0.113861386138614
50 144 0.123762376237624
50 143 0.113861386138614
50 142 0.118811881188119
50 141 0.113861386138614
50 140 0.113861386138614
50 139 0.113861386138614
50 138 0.113861386138614
50 137 0.118811881188119
50 136 0.118811881188119
50 135 0.118811881188119
50 134 0.108910891089109
50 133 0.103960396039604
50 132 0.113861386138614
50 131 0.103960396039604
50 130 0.113861386138614
50 129 0.118811881188119
50 128 0.113861386138614
50 127 0.123762376237624
50 126 0.118811881188119
50 125 0.103960396039604
50 124 0.113861386138614
50 123 0.108910891089109
50 122 0.108910891089109
50 121 0.113861386138614
50 120 0.113861386138614
50 119 0.108910891089109
50 118 0.123762376237624
50 117 0.108910891089109
50 116 0.118811881188119
50 115 0.118811881188119
50 114 0.108910891089109
50 113 0.133663366336634
50 112 0.123762376237624
50 111 0.108910891089109
50 110 0.113861386138614
50 109 0.113861386138614
50 108 0.118811881188119
50 107 0.123762376237624
50 106 0.108910891089109
50 105 0.113861386138614
50 104 0.128712871287129
50 103 0.113861386138614
50 102 0.128712871287129
50 101 0.108910891089109
50 100 0.118811881188119
50 99 0.118811881188119
50 98 0.113861386138614
50 97 0.108910891089109
50 96 0.118811881188119
50 95 0.118811881188119
50 94 0.123762376237624
50 93 0.123762376237624
50 92 0.108910891089109
50 91 0.108910891089109
50 90 0.108910891089109
50 89 0.099009900990099
50 88 0.103960396039604
50 87 0.103960396039604
50 86 0.108910891089109
50 85 0.108910891089109
50 84 0.113861386138614
50 83 0.108910891089109
50 82 0.103960396039604
50 81 0.103960396039604
50 80 0.103960396039604
50 79 0.103960396039604
50 78 0.099009900990099
50 77 0.0940594059405941
50 76 0.103960396039604
50 75 0.103960396039604
50 74 0.0792079207920792
50 73 0.108910891089109
50 72 0.099009900990099
50 71 0.113861386138614
50 70 0.103960396039604
50 69 0.099009900990099
50 68 0.0940594059405941
50 67 0.108910891089109
50 66 0.108910891089109
50 65 0.103960396039604
50 64 0.0891089108910891
50 63 0.108910891089109
50 62 0.113861386138614
50 61 0.103960396039604
50 60 0.0940594059405941
50 59 0.0841584158415842
50 58 0.113861386138614
50 57 0.099009900990099
50 56 0.113861386138614
50 55 0.099009900990099
50 54 0.0940594059405941
50 53 0.0940594059405941
50 52 0.0891089108910891
50 51 0.0940594059405941
50 50 0.0940594059405941
50 49 0.0940594059405941
50 48 0.103960396039604
50 47 0.0891089108910891
50 46 0.099009900990099
50 45 0.108910891089109
50 44 0.099009900990099
50 43 0.103960396039604
50 42 0.0940594059405941
50 41 0.0940594059405941
50 40 0.103960396039604
50 39 0.099009900990099
50 38 0.113861386138614
50 37 0.0891089108910891
50 36 0.103960396039604
50 35 0.099009900990099
50 34 0.0891089108910891
50 33 0.0940594059405941
50 32 0.099009900990099
50 31 0.0940594059405941
50 30 0.0891089108910891
50 29 0.099009900990099
50 28 0.0940594059405941
50 27 0.108910891089109
50 26 0.0891089108910891
50 25 0.0841584158415842
50 24 0.0841584158415842
50 23 0.0841584158415842
50 22 0.108910891089109
50 21 0.103960396039604
50 20 0.0940594059405941
50 19 0.0841584158415842
50 18 0.0841584158415842
50 17 0.099009900990099
50 16 0.0891089108910891
50 15 0.108910891089109
50 14 0.103960396039604
50 13 0.108910891089109
50 12 0.128712871287129
50 11 0.118811881188119
50 10 0.128712871287129
50 9 0.138613861386139
50 8 0.143564356435644
50 7 0.123762376237624
50 6 0.163366336633663
50 5 0.148514851485149
50 4 0.173267326732673
50 3 0.138613861386139
50 2 0.143564356435644
50 1 0.222772277227723
