19 177555 0.232673267326733
19 17756 0.222772277227723
19 1776 0.178217821782178
19 200 0.113861386138614
19 199 0.118811881188119
19 198 0.118811881188119
19 197 0.118811881188119
19 196 0.118811881188119
19 195 0.113861386138614
19 194 0.108910891089109
19 193 0.108910891089109
19 192 0.113861386138614
19 191 0.123762376237624
19 190 0.103960396039604
19 189 0.113861386138614
19 188 0.118811881188119
19 187 0.123762376237624
19 186 0.103960396039604
19 185 0.108910891089109
19 184 0.108910891089109
19 183 0.123762376237624
19 182 0.103960396039604
19 181 0.108910891089109
19 180 0.103960396039604
19 179 0.108910891089109
19 178 0.113861386138614
19 177 0.108910891089109
19 176 0.108910891089109
19 175 0.113861386138614
19 174 0.118811881188119
19 173 0.113861386138614
19 172 0.108910891089109
19 171 0.113861386138614
19 170 0.108910891089109
19 169 0.108910891089109
19 168 0.103960396039604
19 167 0.103960396039604
19 166 0.099009900990099
19 165 0.103960396039604
19 164 0.099009900990099
19 163 0.103960396039604
19 162 0.108910891089109
19 161 0.113861386138614
19 160 0.099009900990099
19 159 0.108910891089109
19 158 0.0940594059405941
19 157 0.103960396039604
19 156 0.103960396039604
19 155 0.103960396039604
19 154 0.113861386138614
19 153 0.108910891089109
19 152 0.113861386138614
19 151 0.108910891089109
19 150 0.108910891089109
19 149 0.108910891089109
19 148 0.113861386138614
19 147 0.113861386138614
19 146 0.118811881188119
19 145 0.108910891089109
19 144 0.108910891089109
19 143 0.103960396039604
19 142 0.108910891089109
19 141 0.099009900990099
19 140 0.108910891089109
19 139 0.099009900990099
19 138 0.099009900990099
19 137 0.108910891089109
19 136 0.099009900990099
19 135 0.108910891089109
19 134 0.103960396039604
19 133 0.103960396039604
19 132 0.103960396039604
19 131 0.099009900990099
19 130 0.103960396039604
19 129 0.099009900990099
19 128 0.099009900990099
19 127 0.103960396039604
19 126 0.108910891089109
19 125 0.099009900990099
19 124 0.0940594059405941
19 123 0.103960396039604
19 122 0.0940594059405941
19 121 0.0940594059405941
19 120 0.0940594059405941
19 119 0.099009900990099
19 118 0.103960396039604
19 117 0.099009900990099
19 116 0.099009900990099
19 115 0.103960396039604
19 114 0.0891089108910891
19 113 0.0891089108910891
19 112 0.103960396039604
19 111 0.099009900990099
19 110 0.099009900990099
19 109 0.0940594059405941
19 108 0.103960396039604
19 107 0.099009900990099
19 106 0.108910891089109
19 105 0.099009900990099
19 104 0.099009900990099
19 103 0.0940594059405941
19 102 0.103960396039604
19 101 0.0940594059405941
19 100 0.099009900990099
19 99 0.0940594059405941
19 98 0.103960396039604
19 97 0.108910891089109
19 96 0.099009900990099
19 95 0.099009900990099
19 94 0.099009900990099
19 93 0.0940594059405941
19 92 0.0841584158415842
19 91 0.099009900990099
19 90 0.099009900990099
19 89 0.099009900990099
19 88 0.0891089108910891
19 87 0.0891089108910891
19 86 0.0940594059405941
19 85 0.103960396039604
19 84 0.103960396039604
19 83 0.099009900990099
19 82 0.099009900990099
19 81 0.099009900990099
19 80 0.0940594059405941
19 79 0.103960396039604
19 78 0.103960396039604
19 77 0.0891089108910891
19 76 0.099009900990099
19 75 0.0940594059405941
19 74 0.0940594059405941
19 73 0.0891089108910891
19 72 0.0940594059405941
19 71 0.099009900990099
19 70 0.103960396039604
19 69 0.0940594059405941
19 68 0.0940594059405941
19 67 0.108910891089109
19 66 0.099009900990099
19 65 0.099009900990099
19 64 0.103960396039604
19 63 0.099009900990099
19 62 0.0940594059405941
19 61 0.099009900990099
19 60 0.0891089108910891
19 59 0.108910891089109
19 58 0.108910891089109
19 57 0.099009900990099
19 56 0.0940594059405941
19 55 0.099009900990099
19 54 0.099009900990099
19 53 0.103960396039604
19 52 0.099009900990099
19 51 0.0940594059405941
19 50 0.103960396039604
19 49 0.103960396039604
19 48 0.108910891089109
19 47 0.123762376237624
19 46 0.123762376237624
19 45 0.123762376237624
19 44 0.128712871287129
19 43 0.118811881188119
19 42 0.123762376237624
19 41 0.128712871287129
19 40 0.118811881188119
19 39 0.113861386138614
19 38 0.123762376237624
19 37 0.118811881188119
19 36 0.128712871287129
19 35 0.133663366336634
19 34 0.133663366336634
19 33 0.138613861386139
19 32 0.148514851485149
19 31 0.148514851485149
19 30 0.138613861386139
19 29 0.143564356435644
19 28 0.133663366336634
19 27 0.133663366336634
19 26 0.123762376237624
19 25 0.113861386138614
19 24 0.123762376237624
19 23 0.118811881188119
19 22 0.128712871287129
19 21 0.118811881188119
19 20 0.113861386138614
19 19 0.118811881188119
19 18 0.0841584158415842
19 17 0.103960396039604
19 16 0.108910891089109
19 15 0.108910891089109
19 14 0.099009900990099
19 13 0.108910891089109
19 12 0.099009900990099
19 11 0.113861386138614
19 10 0.108910891089109
19 9 0.113861386138614
19 8 0.138613861386139
19 7 0.163366336633663
19 6 0.148514851485149
19 5 0.143564356435644
19 4 0.232673267326733
19 3 0.178217821782178
19 2 0.173267326732673
19 1 0.227722772277228
