172 177555 0.247524752475248
172 17756 0.222772277227723
172 1776 0.178217821782178
172 200 0.148514851485149
172 199 0.148514851485149
172 198 0.138613861386139
172 197 0.143564356435644
172 196 0.138613861386139
172 195 0.143564356435644
172 194 0.138613861386139
172 193 0.143564356435644
172 192 0.143564356435644
172 191 0.118811881188119
172 190 0.143564356435644
172 189 0.138613861386139
172 188 0.138613861386139
172 187 0.138613861386139
172 186 0.133663366336634
172 185 0.128712871287129
172 184 0.133663366336634
172 183 0.138613861386139
172 182 0.138613861386139
172 181 0.143564356435644
172 180 0.123762376237624
172 179 0.148514851485149
172 178 0.138613861386139
172 177 0.123762376237624
172 176 0.128712871287129
172 175 0.123762376237624
172 174 0.138613861386139
172 173 0.128712871287129
172 172 0.143564356435644
172 171 0.128712871287129
172 170 0.133663366336634
172 169 0.133663366336634
172 168 0.113861386138614
172 167 0.123762376237624
172 166 0.128712871287129
172 165 0.133663366336634
172 164 0.123762376237624
172 163 0.118811881188119
172 162 0.113861386138614
172 161 0.108910891089109
172 160 0.128712871287129
172 159 0.123762376237624
172 158 0.133663366336634
172 157 0.123762376237624
172 156 0.113861386138614
172 155 0.123762376237624
172 154 0.113861386138614
172 153 0.128712871287129
172 152 0.123762376237624
172 151 0.123762376237624
172 150 0.113861386138614
172 149 0.108910891089109
172 148 0.108910891089109
172 147 0.123762376237624
172 146 0.113861386138614
172 145 0.108910891089109
172 144 0.118811881188119
172 143 0.118811881188119
172 142 0.113861386138614
172 141 0.123762376237624
172 140 0.108910891089109
172 139 0.113861386138614
172 138 0.118811881188119
172 137 0.113861386138614
172 136 0.128712871287129
172 135 0.103960396039604
172 134 0.118811881188119
172 133 0.108910891089109
172 132 0.103960396039604
172 131 0.108910891089109
172 130 0.108910891089109
172 129 0.118811881188119
172 128 0.123762376237624
172 127 0.128712871287129
172 126 0.113861386138614
172 125 0.113861386138614
172 124 0.108910891089109
172 123 0.103960396039604
172 122 0.118811881188119
172 121 0.113861386138614
172 120 0.113861386138614
172 119 0.099009900990099
172 118 0.103960396039604
172 117 0.113861386138614
172 116 0.108910891089109
172 115 0.108910891089109
172 114 0.108910891089109
172 113 0.103960396039604
172 112 0.108910891089109
172 111 0.113861386138614
172 110 0.108910891089109
172 109 0.103960396039604
172 108 0.103960396039604
172 107 0.103960396039604
172 106 0.099009900990099
172 105 0.118811881188119
172 104 0.103960396039604
172 103 0.118811881188119
172 102 0.099009900990099
172 101 0.113861386138614
172 100 0.108910891089109
172 99 0.113861386138614
172 98 0.103960396039604
172 97 0.108910891089109
172 96 0.113861386138614
172 95 0.103960396039604
172 94 0.118811881188119
172 93 0.099009900990099
172 92 0.108910891089109
172 91 0.108910891089109
172 90 0.108910891089109
172 89 0.108910891089109
172 88 0.103960396039604
172 87 0.113861386138614
172 86 0.103960396039604
172 85 0.103960396039604
172 84 0.103960396039604
172 83 0.113861386138614
172 82 0.118811881188119
172 81 0.103960396039604
172 80 0.108910891089109
172 79 0.103960396039604
172 78 0.0940594059405941
172 77 0.099009900990099
172 76 0.103960396039604
172 75 0.0940594059405941
172 74 0.108910891089109
172 73 0.0891089108910891
172 72 0.118811881188119
172 71 0.0940594059405941
172 70 0.103960396039604
172 69 0.0940594059405941
172 68 0.103960396039604
172 67 0.0940594059405941
172 66 0.0940594059405941
172 65 0.103960396039604
172 64 0.0891089108910891
172 63 0.113861386138614
172 62 0.118811881188119
172 61 0.103960396039604
172 60 0.108910891089109
172 59 0.108910891089109
172 58 0.113861386138614
172 57 0.108910891089109
172 56 0.099009900990099
172 55 0.108910891089109
172 54 0.128712871287129
172 53 0.113861386138614
172 52 0.108910891089109
172 51 0.108910891089109
172 50 0.113861386138614
172 49 0.108910891089109
172 48 0.103960396039604
172 47 0.103960396039604
172 46 0.103960396039604
172 45 0.108910891089109
172 44 0.103960396039604
172 43 0.108910891089109
172 42 0.099009900990099
172 41 0.108910891089109
172 40 0.113861386138614
172 39 0.103960396039604
172 38 0.113861386138614
172 37 0.103960396039604
172 36 0.108910891089109
172 35 0.103960396039604
172 34 0.103960396039604
172 33 0.123762376237624
172 32 0.118811881188119
172 31 0.128712871287129
172 30 0.108910891089109
172 29 0.118811881188119
172 28 0.133663366336634
172 27 0.108910891089109
172 26 0.118811881188119
172 25 0.0891089108910891
172 24 0.108910891089109
172 23 0.099009900990099
172 22 0.103960396039604
172 21 0.099009900990099
172 20 0.099009900990099
172 19 0.0940594059405941
172 18 0.103960396039604
172 17 0.0940594059405941
172 16 0.123762376237624
172 15 0.113861386138614
172 14 0.123762376237624
172 13 0.133663366336634
172 12 0.128712871287129
172 11 0.138613861386139
172 10 0.118811881188119
172 9 0.163366336633663
172 8 0.163366336633663
172 7 0.163366336633663
172 6 0.163366336633663
172 5 0.178217821782178
172 4 0.198019801980198
172 3 0.202970297029703
172 2 0.237623762376238
172 1 0.198019801980198
