177 177555 0.232673267326733
177 17756 0.217821782178218
177 1776 0.163366336633663
177 200 0.128712871287129
177 199 0.128712871287129
177 198 0.133663366336634
177 197 0.123762376237624
177 196 0.128712871287129
177 195 0.123762376237624
177 194 0.123762376237624
177 193 0.123762376237624
177 192 0.123762376237624
177 191 0.113861386138614
177 190 0.118811881188119
177 189 0.123762376237624
177 188 0.123762376237624
177 187 0.123762376237624
177 186 0.108910891089109
177 185 0.123762376237624
177 184 0.108910891089109
177 183 0.123762376237624
177 182 0.123762376237624
177 181 0.123762376237624
177 180 0.113861386138614
177 179 0.133663366336634
177 178 0.108910891089109
177 177 0.108910891089109
177 176 0.113861386138614
177 175 0.118811881188119
177 174 0.113861386138614
177 173 0.113861386138614
177 172 0.099009900990099
177 171 0.118811881188119
177 170 0.113861386138614
177 169 0.108910891089109
177 168 0.113861386138614
177 167 0.108910891089109
177 166 0.108910891089109
177 165 0.0940594059405941
177 164 0.123762376237624
177 163 0.113861386138614
177 162 0.138613861386139
177 161 0.118811881188119
177 160 0.108910891089109
177 159 0.118811881188119
177 158 0.113861386138614
177 157 0.118811881188119
177 156 0.123762376237624
177 155 0.103960396039604
177 154 0.108910891089109
177 153 0.0940594059405941
177 152 0.118811881188119
177 151 0.103960396039604
177 150 0.108910891089109
177 149 0.103960396039604
177 148 0.103960396039604
177 147 0.108910891089109
177 146 0.118811881188119
177 145 0.099009900990099
177 144 0.103960396039604
177 143 0.103960396039604
177 142 0.099009900990099
177 141 0.118811881188119
177 140 0.103960396039604
177 139 0.108910891089109
177 138 0.108910891089109
177 137 0.099009900990099
177 136 0.099009900990099
177 135 0.113861386138614
177 134 0.118811881188119
177 133 0.103960396039604
177 132 0.103960396039604
177 131 0.108910891089109
177 130 0.108910891089109
177 129 0.113861386138614
177 128 0.113861386138614
177 127 0.099009900990099
177 126 0.103960396039604
177 125 0.099009900990099
177 124 0.099009900990099
177 123 0.099009900990099
177 122 0.103960396039604
177 121 0.113861386138614
177 120 0.099009900990099
177 119 0.108910891089109
177 118 0.103960396039604
177 117 0.099009900990099
177 116 0.118811881188119
177 115 0.103960396039604
177 114 0.103960396039604
177 113 0.103960396039604
177 112 0.099009900990099
177 111 0.103960396039604
177 110 0.108910891089109
177 109 0.113861386138614
177 108 0.103960396039604
177 107 0.099009900990099
177 106 0.099009900990099
177 105 0.108910891089109
177 104 0.103960396039604
177 103 0.103960396039604
177 102 0.123762376237624
177 101 0.103960396039604
177 100 0.108910891089109
177 99 0.113861386138614
177 98 0.113861386138614
177 97 0.099009900990099
177 96 0.099009900990099
177 95 0.123762376237624
177 94 0.108910891089109
177 93 0.118811881188119
177 92 0.108910891089109
177 91 0.103960396039604
177 90 0.108910891089109
177 89 0.108910891089109
177 88 0.113861386138614
177 87 0.108910891089109
177 86 0.108910891089109
177 85 0.108910891089109
177 84 0.108910891089109
177 83 0.108910891089109
177 82 0.118811881188119
177 81 0.099009900990099
177 80 0.099009900990099
177 79 0.108910891089109
177 78 0.113861386138614
177 77 0.108910891089109
177 76 0.113861386138614
177 75 0.108910891089109
177 74 0.108910891089109
177 73 0.108910891089109
177 72 0.099009900990099
177 71 0.0940594059405941
177 70 0.0940594059405941
177 69 0.099009900990099
177 68 0.108910891089109
177 67 0.0891089108910891
177 66 0.0940594059405941
177 65 0.099009900990099
177 64 0.099009900990099
177 63 0.0940594059405941
177 62 0.099009900990099
177 61 0.0940594059405941
177 60 0.108910891089109
177 59 0.099009900990099
177 58 0.0841584158415842
177 57 0.0891089108910891
177 56 0.103960396039604
177 55 0.103960396039604
177 54 0.108910891089109
177 53 0.113861386138614
177 52 0.103960396039604
177 51 0.118811881188119
177 50 0.118811881188119
177 49 0.113861386138614
177 48 0.113861386138614
177 47 0.113861386138614
177 46 0.113861386138614
177 45 0.113861386138614
177 44 0.128712871287129
177 43 0.108910891089109
177 42 0.113861386138614
177 41 0.103960396039604
177 40 0.118811881188119
177 39 0.123762376237624
177 38 0.123762376237624
177 37 0.143564356435644
177 36 0.123762376237624
177 35 0.118811881188119
177 34 0.123762376237624
177 33 0.118811881188119
177 32 0.128712871287129
177 31 0.133663366336634
177 30 0.118811881188119
177 29 0.138613861386139
177 28 0.143564356435644
177 27 0.148514851485149
177 26 0.138613861386139
177 25 0.143564356435644
177 24 0.118811881188119
177 23 0.153465346534653
177 22 0.138613861386139
177 21 0.153465346534653
177 20 0.143564356435644
177 19 0.143564356435644
177 18 0.153465346534653
177 17 0.143564356435644
177 16 0.133663366336634
177 15 0.138613861386139
177 14 0.168316831683168
177 13 0.163366336633663
177 12 0.148514851485149
177 11 0.148514851485149
177 10 0.153465346534653
177 9 0.173267326732673
177 8 0.138613861386139
177 7 0.148514851485149
177 6 0.153465346534653
177 5 0.173267326732673
177 4 0.183168316831683
177 3 0.222772277227723
177 2 0.158415841584158
177 1 0.212871287128713
