14 177555 0.267326732673267
14 17756 0.217821782178218
14 1776 0.153465346534653
14 200 0.108910891089109
14 199 0.118811881188119
14 198 0.118811881188119
14 197 0.113861386138614
14 196 0.118811881188119
14 195 0.113861386138614
14 194 0.113861386138614
14 193 0.123762376237624
14 192 0.118811881188119
14 191 0.118811881188119
14 190 0.118811881188119
14 189 0.118811881188119
14 188 0.118811881188119
14 187 0.118811881188119
14 186 0.113861386138614
14 185 0.108910891089109
14 184 0.113861386138614
14 183 0.118811881188119
14 182 0.118811881188119
14 181 0.113861386138614
14 180 0.118811881188119
14 179 0.113861386138614
14 178 0.113861386138614
14 177 0.113861386138614
14 176 0.103960396039604
14 175 0.123762376237624
14 174 0.113861386138614
14 173 0.108910891089109
14 172 0.123762376237624
14 171 0.123762376237624
14 170 0.113861386138614
14 169 0.118811881188119
14 168 0.113861386138614
14 167 0.123762376237624
14 166 0.118811881188119
14 165 0.118811881188119
14 164 0.108910891089109
14 163 0.118811881188119
14 162 0.128712871287129
14 161 0.113861386138614
14 160 0.123762376237624
14 159 0.123762376237624
14 158 0.113861386138614
14 157 0.123762376237624
14 156 0.128712871287129
14 155 0.113861386138614
14 154 0.118811881188119
14 153 0.123762376237624
14 152 0.118811881188119
14 151 0.123762376237624
14 150 0.118811881188119
14 149 0.118811881188119
14 148 0.123762376237624
14 147 0.108910891089109
14 146 0.108910891089109
14 145 0.118811881188119
14 144 0.113861386138614
14 143 0.103960396039604
14 142 0.103960396039604
14 141 0.108910891089109
14 140 0.103960396039604
14 139 0.108910891089109
14 138 0.103960396039604
14 137 0.103960396039604
14 136 0.103960396039604
14 135 0.103960396039604
14 134 0.113861386138614
14 133 0.118811881188119
14 132 0.103960396039604
14 131 0.099009900990099
14 130 0.103960396039604
14 129 0.099009900990099
14 128 0.103960396039604
14 127 0.103960396039604
14 126 0.103960396039604
14 125 0.099009900990099
14 124 0.099009900990099
14 123 0.113861386138614
14 122 0.103960396039604
14 121 0.103960396039604
14 120 0.113861386138614
14 119 0.103960396039604
14 118 0.0940594059405941
14 117 0.099009900990099
14 116 0.108910891089109
14 115 0.108910891089109
14 114 0.099009900990099
14 113 0.113861386138614
14 112 0.099009900990099
14 111 0.113861386138614
14 110 0.113861386138614
14 109 0.108910891089109
14 108 0.108910891089109
14 107 0.118811881188119
14 106 0.113861386138614
14 105 0.113861386138614
14 104 0.123762376237624
14 103 0.123762376237624
14 102 0.113861386138614
14 101 0.113861386138614
14 100 0.118811881188119
14 99 0.108910891089109
14 98 0.113861386138614
14 97 0.108910891089109
14 96 0.118811881188119
14 95 0.118811881188119
14 94 0.113861386138614
14 93 0.123762376237624
14 92 0.113861386138614
14 91 0.123762376237624
14 90 0.118811881188119
14 89 0.118811881188119
14 88 0.108910891089109
14 87 0.118811881188119
14 86 0.108910891089109
14 85 0.108910891089109
14 84 0.103960396039604
14 83 0.099009900990099
14 82 0.103960396039604
14 81 0.103960396039604
14 80 0.0891089108910891
14 79 0.099009900990099
14 78 0.099009900990099
14 77 0.103960396039604
14 76 0.0940594059405941
14 75 0.099009900990099
14 74 0.0940594059405941
14 73 0.099009900990099
14 72 0.103960396039604
14 71 0.103960396039604
14 70 0.0940594059405941
14 69 0.0841584158415842
14 68 0.099009900990099
14 67 0.099009900990099
14 66 0.099009900990099
14 65 0.099009900990099
14 64 0.099009900990099
14 63 0.103960396039604
14 62 0.0940594059405941
14 61 0.103960396039604
14 60 0.0940594059405941
14 59 0.0940594059405941
14 58 0.0891089108910891
14 57 0.099009900990099
14 56 0.0940594059405941
14 55 0.0891089108910891
14 54 0.0940594059405941
14 53 0.0940594059405941
14 52 0.0940594059405941
14 51 0.099009900990099
14 50 0.103960396039604
14 49 0.103960396039604
14 48 0.103960396039604
14 47 0.103960396039604
14 46 0.099009900990099
14 45 0.103960396039604
14 44 0.099009900990099
14 43 0.099009900990099
14 42 0.103960396039604
14 41 0.108910891089109
14 40 0.103960396039604
14 39 0.103960396039604
14 38 0.113861386138614
14 37 0.099009900990099
14 36 0.103960396039604
14 35 0.118811881188119
14 34 0.113861386138614
14 33 0.123762376237624
14 32 0.118811881188119
14 31 0.113861386138614
14 30 0.128712871287129
14 29 0.118811881188119
14 28 0.113861386138614
14 27 0.123762376237624
14 26 0.108910891089109
14 25 0.108910891089109
14 24 0.123762376237624
14 23 0.113861386138614
14 22 0.113861386138614
14 21 0.128712871287129
14 20 0.133663366336634
14 19 0.123762376237624
14 18 0.133663366336634
14 17 0.128712871287129
14 16 0.128712871287129
14 15 0.148514851485149
14 14 0.138613861386139
14 13 0.138613861386139
14 12 0.158415841584158
14 11 0.178217821782178
14 10 0.207920792079208
14 9 0.173267326732673
14 8 0.148514851485149
14 7 0.183168316831683
14 6 0.178217821782178
14 5 0.202970297029703
14 4 0.163366336633663
14 3 0.173267326732673
14 2 0.168316831683168
14 1 0.217821782178218
