121 177555 0.257425742574257
121 17756 0.222772277227723
121 1776 0.168316831683168
121 200 0.143564356435644
121 199 0.133663366336634
121 198 0.143564356435644
121 197 0.143564356435644
121 196 0.128712871287129
121 195 0.138613861386139
121 194 0.138613861386139
121 193 0.138613861386139
121 192 0.138613861386139
121 191 0.128712871287129
121 190 0.148514851485149
121 189 0.148514851485149
121 188 0.143564356435644
121 187 0.123762376237624
121 186 0.143564356435644
121 185 0.138613861386139
121 184 0.133663366336634
121 183 0.133663366336634
121 182 0.133663366336634
121 181 0.128712871287129
121 180 0.138613861386139
121 179 0.143564356435644
121 178 0.148514851485149
121 177 0.138613861386139
121 176 0.128712871287129
121 175 0.133663366336634
121 174 0.128712871287129
121 173 0.128712871287129
121 172 0.133663366336634
121 171 0.143564356435644
121 170 0.133663366336634
121 169 0.128712871287129
121 168 0.133663366336634
121 167 0.133663366336634
121 166 0.128712871287129
121 165 0.138613861386139
121 164 0.133663366336634
121 163 0.143564356435644
121 162 0.133663366336634
121 161 0.133663366336634
121 160 0.138613861386139
121 159 0.138613861386139
121 158 0.133663366336634
121 157 0.138613861386139
121 156 0.128712871287129
121 155 0.138613861386139
121 154 0.128712871287129
121 153 0.128712871287129
121 152 0.128712871287129
121 151 0.128712871287129
121 150 0.138613861386139
121 149 0.138613861386139
121 148 0.128712871287129
121 147 0.128712871287129
121 146 0.133663366336634
121 145 0.133663366336634
121 144 0.133663366336634
121 143 0.133663366336634
121 142 0.133663366336634
121 141 0.148514851485149
121 140 0.128712871287129
121 139 0.143564356435644
121 138 0.128712871287129
121 137 0.138613861386139
121 136 0.133663366336634
121 135 0.138613861386139
121 134 0.133663366336634
121 133 0.138613861386139
121 132 0.133663366336634
121 131 0.128712871287129
121 130 0.133663366336634
121 129 0.133663366336634
121 128 0.148514851485149
121 127 0.138613861386139
121 126 0.133663366336634
121 125 0.138613861386139
121 124 0.133663366336634
121 123 0.138613861386139
121 122 0.138613861386139
121 121 0.133663366336634
121 120 0.128712871287129
121 119 0.133663366336634
121 118 0.123762376237624
121 117 0.118811881188119
121 116 0.133663366336634
121 115 0.128712871287129
121 114 0.123762376237624
121 113 0.123762376237624
121 112 0.138613861386139
121 111 0.123762376237624
121 110 0.133663366336634
121 109 0.133663366336634
121 108 0.138613861386139
121 107 0.133663366336634
121 106 0.128712871287129
121 105 0.128712871287129
121 104 0.133663366336634
121 103 0.128712871287129
121 102 0.118811881188119
121 101 0.128712871287129
121 100 0.128712871287129
121 99 0.138613861386139
121 98 0.123762376237624
121 97 0.133663366336634
121 96 0.123762376237624
121 95 0.123762376237624
121 94 0.123762376237624
121 93 0.123762376237624
121 92 0.133663366336634
121 91 0.133663366336634
121 90 0.123762376237624
121 89 0.128712871287129
121 88 0.133663366336634
121 87 0.123762376237624
121 86 0.128712871287129
121 85 0.123762376237624
121 84 0.128712871287129
121 83 0.133663366336634
121 82 0.133663366336634
121 81 0.128712871287129
121 80 0.128712871287129
121 79 0.123762376237624
121 78 0.128712871287129
121 77 0.118811881188119
121 76 0.133663366336634
121 75 0.128712871287129
121 74 0.118811881188119
121 73 0.123762376237624
121 72 0.123762376237624
121 71 0.133663366336634
121 70 0.128712871287129
121 69 0.128712871287129
121 68 0.108910891089109
121 67 0.108910891089109
121 66 0.128712871287129
121 65 0.118811881188119
121 64 0.113861386138614
121 63 0.103960396039604
121 62 0.123762376237624
121 61 0.123762376237624
121 60 0.128712871287129
121 59 0.128712871287129
121 58 0.113861386138614
121 57 0.128712871287129
121 56 0.133663366336634
121 55 0.133663366336634
121 54 0.138613861386139
121 53 0.133663366336634
121 52 0.123762376237624
121 51 0.133663366336634
121 50 0.133663366336634
121 49 0.133663366336634
121 48 0.133663366336634
121 47 0.138613861386139
121 46 0.138613861386139
121 45 0.133663366336634
121 44 0.123762376237624
121 43 0.118811881188119
121 42 0.113861386138614
121 41 0.123762376237624
121 40 0.103960396039604
121 39 0.128712871287129
121 38 0.108910891089109
121 37 0.133663366336634
121 36 0.123762376237624
121 35 0.113861386138614
121 34 0.123762376237624
121 33 0.123762376237624
121 32 0.113861386138614
121 31 0.128712871287129
121 30 0.113861386138614
121 29 0.143564356435644
121 28 0.143564356435644
121 27 0.133663366336634
121 26 0.123762376237624
121 25 0.128712871287129
121 24 0.113861386138614
121 23 0.128712871287129
121 22 0.128712871287129
121 21 0.118811881188119
121 20 0.113861386138614
121 19 0.128712871287129
121 18 0.118811881188119
121 17 0.123762376237624
121 16 0.138613861386139
121 15 0.148514851485149
121 14 0.128712871287129
121 13 0.138613861386139
121 12 0.138613861386139
121 11 0.163366336633663
121 10 0.128712871287129
121 9 0.143564356435644
121 8 0.128712871287129
121 7 0.143564356435644
121 6 0.153465346534653
121 5 0.148514851485149
121 4 0.183168316831683
121 3 0.242574257425743
121 2 0.193069306930693
121 1 0.292079207920792
