147 177555 0.252475247524752
147 17756 0.212871287128713
147 1776 0.153465346534653
147 200 0.128712871287129
147 199 0.128712871287129
147 198 0.128712871287129
147 197 0.123762376237624
147 196 0.133663366336634
147 195 0.128712871287129
147 194 0.128712871287129
147 193 0.123762376237624
147 192 0.123762376237624
147 191 0.118811881188119
147 190 0.128712871287129
147 189 0.128712871287129
147 188 0.118811881188119
147 187 0.128712871287129
147 186 0.128712871287129
147 185 0.128712871287129
147 184 0.123762376237624
147 183 0.128712871287129
147 182 0.123762376237624
147 181 0.128712871287129
147 180 0.123762376237624
147 179 0.118811881188119
147 178 0.123762376237624
147 177 0.123762376237624
147 176 0.123762376237624
147 175 0.123762376237624
147 174 0.128712871287129
147 173 0.123762376237624
147 172 0.128712871287129
147 171 0.128712871287129
147 170 0.123762376237624
147 169 0.118811881188119
147 168 0.113861386138614
147 167 0.123762376237624
147 166 0.123762376237624
147 165 0.118811881188119
147 164 0.123762376237624
147 163 0.128712871287129
147 162 0.123762376237624
147 161 0.118811881188119
147 160 0.118811881188119
147 159 0.118811881188119
147 158 0.123762376237624
147 157 0.113861386138614
147 156 0.118811881188119
147 155 0.118811881188119
147 154 0.123762376237624
147 153 0.118811881188119
147 152 0.123762376237624
147 151 0.118811881188119
147 150 0.118811881188119
147 149 0.123762376237624
147 148 0.118811881188119
147 147 0.118811881188119
147 146 0.118811881188119
147 145 0.118811881188119
147 144 0.118811881188119
147 143 0.123762376237624
147 142 0.123762376237624
147 141 0.123762376237624
147 140 0.123762376237624
147 139 0.118811881188119
147 138 0.123762376237624
147 137 0.123762376237624
147 136 0.128712871287129
147 135 0.123762376237624
147 134 0.123762376237624
147 133 0.123762376237624
147 132 0.123762376237624
147 131 0.118811881188119
147 130 0.123762376237624
147 129 0.123762376237624
147 128 0.123762376237624
147 127 0.123762376237624
147 126 0.123762376237624
147 125 0.123762376237624
147 124 0.118811881188119
147 123 0.123762376237624
147 122 0.118811881188119
147 121 0.123762376237624
147 120 0.123762376237624
147 119 0.123762376237624
147 118 0.128712871287129
147 117 0.123762376237624
147 116 0.118811881188119
147 115 0.128712871287129
147 114 0.123762376237624
147 113 0.118811881188119
147 112 0.128712871287129
147 111 0.123762376237624
147 110 0.118811881188119
147 109 0.123762376237624
147 108 0.123762376237624
147 107 0.118811881188119
147 106 0.123762376237624
147 105 0.108910891089109
147 104 0.103960396039604
147 103 0.123762376237624
147 102 0.103960396039604
147 101 0.108910891089109
147 100 0.123762376237624
147 99 0.103960396039604
147 98 0.118811881188119
147 97 0.113861386138614
147 96 0.108910891089109
147 95 0.118811881188119
147 94 0.108910891089109
147 93 0.108910891089109
147 92 0.118811881188119
147 91 0.123762376237624
147 90 0.118811881188119
147 89 0.118811881188119
147 88 0.118811881188119
147 87 0.118811881188119
147 86 0.113861386138614
147 85 0.113861386138614
147 84 0.108910891089109
147 83 0.118811881188119
147 82 0.118811881188119
147 81 0.113861386138614
147 80 0.113861386138614
147 79 0.113861386138614
147 78 0.113861386138614
147 77 0.118811881188119
147 76 0.113861386138614
147 75 0.113861386138614
147 74 0.118811881188119
147 73 0.118811881188119
147 72 0.118811881188119
147 71 0.123762376237624
147 70 0.108910891089109
147 69 0.118811881188119
147 68 0.113861386138614
147 67 0.113861386138614
147 66 0.113861386138614
147 65 0.103960396039604
147 64 0.108910891089109
147 63 0.113861386138614
147 62 0.108910891089109
147 61 0.099009900990099
147 60 0.103960396039604
147 59 0.103960396039604
147 58 0.113861386138614
147 57 0.108910891089109
147 56 0.108910891089109
147 55 0.108910891089109
147 54 0.118811881188119
147 53 0.118811881188119
147 52 0.118811881188119
147 51 0.113861386138614
147 50 0.123762376237624
147 49 0.108910891089109
147 48 0.118811881188119
147 47 0.113861386138614
147 46 0.108910891089109
147 45 0.103960396039604
147 44 0.108910891089109
147 43 0.113861386138614
147 42 0.128712871287129
147 41 0.123762376237624
147 40 0.123762376237624
147 39 0.113861386138614
147 38 0.123762376237624
147 37 0.108910891089109
147 36 0.133663366336634
147 35 0.108910891089109
147 34 0.103960396039604
147 33 0.118811881188119
147 32 0.108910891089109
147 31 0.108910891089109
147 30 0.143564356435644
147 29 0.108910891089109
147 28 0.113861386138614
147 27 0.103960396039604
147 26 0.118811881188119
147 25 0.118811881188119
147 24 0.123762376237624
147 23 0.123762376237624
147 22 0.128712871287129
147 21 0.118811881188119
147 20 0.113861386138614
147 19 0.0940594059405941
147 18 0.118811881188119
147 17 0.108910891089109
147 16 0.0891089108910891
147 15 0.103960396039604
147 14 0.113861386138614
147 13 0.118811881188119
147 12 0.113861386138614
147 11 0.118811881188119
147 10 0.133663366336634
147 9 0.138613861386139
147 8 0.148514851485149
147 7 0.143564356435644
147 6 0.123762376237624
147 5 0.118811881188119
147 4 0.168316831683168
147 3 0.163366336633663
147 2 0.178217821782178
147 1 0.247524752475248
