120 177555 0.222772277227723
120 17756 0.217821782178218
120 1776 0.173267326732673
120 200 0.148514851485149
120 199 0.128712871287129
120 198 0.133663366336634
120 197 0.138613861386139
120 196 0.128712871287129
120 195 0.128712871287129
120 194 0.133663366336634
120 193 0.133663366336634
120 192 0.128712871287129
120 191 0.113861386138614
120 190 0.138613861386139
120 189 0.123762376237624
120 188 0.123762376237624
120 187 0.133663366336634
120 186 0.133663366336634
120 185 0.118811881188119
120 184 0.123762376237624
120 183 0.133663366336634
120 182 0.123762376237624
120 181 0.123762376237624
120 180 0.123762376237624
120 179 0.138613861386139
120 178 0.128712871287129
120 177 0.143564356435644
120 176 0.123762376237624
120 175 0.128712871287129
120 174 0.128712871287129
120 173 0.133663366336634
120 172 0.123762376237624
120 171 0.133663366336634
120 170 0.123762376237624
120 169 0.128712871287129
120 168 0.128712871287129
120 167 0.118811881188119
120 166 0.123762376237624
120 165 0.128712871287129
120 164 0.123762376237624
120 163 0.123762376237624
120 162 0.123762376237624
120 161 0.128712871287129
120 160 0.123762376237624
120 159 0.113861386138614
120 158 0.123762376237624
120 157 0.113861386138614
120 156 0.118811881188119
120 155 0.118811881188119
120 154 0.113861386138614
120 153 0.103960396039604
120 152 0.128712871287129
120 151 0.108910891089109
120 150 0.103960396039604
120 149 0.118811881188119
120 148 0.113861386138614
120 147 0.123762376237624
120 146 0.108910891089109
120 145 0.113861386138614
120 144 0.128712871287129
120 143 0.113861386138614
120 142 0.108910891089109
120 141 0.123762376237624
120 140 0.108910891089109
120 139 0.113861386138614
120 138 0.108910891089109
120 137 0.113861386138614
120 136 0.118811881188119
120 135 0.118811881188119
120 134 0.118811881188119
120 133 0.118811881188119
120 132 0.108910891089109
120 131 0.113861386138614
120 130 0.123762376237624
120 129 0.118811881188119
120 128 0.113861386138614
120 127 0.118811881188119
120 126 0.118811881188119
120 125 0.113861386138614
120 124 0.113861386138614
120 123 0.103960396039604
120 122 0.118811881188119
120 121 0.108910891089109
120 120 0.123762376237624
120 119 0.118811881188119
120 118 0.113861386138614
120 117 0.118811881188119
120 116 0.113861386138614
120 115 0.118811881188119
120 114 0.113861386138614
120 113 0.113861386138614
120 112 0.108910891089109
120 111 0.118811881188119
120 110 0.118811881188119
120 109 0.113861386138614
120 108 0.113861386138614
120 107 0.118811881188119
120 106 0.118811881188119
120 105 0.103960396039604
120 104 0.123762376237624
120 103 0.118811881188119
120 102 0.118811881188119
120 101 0.118811881188119
120 100 0.123762376237624
120 99 0.118811881188119
120 98 0.118811881188119
120 97 0.118811881188119
120 96 0.123762376237624
120 95 0.118811881188119
120 94 0.118811881188119
120 93 0.118811881188119
120 92 0.118811881188119
120 91 0.123762376237624
120 90 0.118811881188119
120 89 0.118811881188119
120 88 0.123762376237624
120 87 0.118811881188119
120 86 0.118811881188119
120 85 0.118811881188119
120 84 0.133663366336634
120 83 0.118811881188119
120 82 0.123762376237624
120 81 0.118811881188119
120 80 0.123762376237624
120 79 0.118811881188119
120 78 0.118811881188119
120 77 0.113861386138614
120 76 0.113861386138614
120 75 0.108910891089109
120 74 0.123762376237624
120 73 0.113861386138614
120 72 0.123762376237624
120 71 0.108910891089109
120 70 0.113861386138614
120 69 0.123762376237624
120 68 0.113861386138614
120 67 0.099009900990099
120 66 0.123762376237624
120 65 0.103960396039604
120 64 0.108910891089109
120 63 0.108910891089109
120 62 0.108910891089109
120 61 0.108910891089109
120 60 0.113861386138614
120 59 0.123762376237624
120 58 0.113861386138614
120 57 0.113861386138614
120 56 0.113861386138614
120 55 0.108910891089109
120 54 0.0940594059405941
120 53 0.103960396039604
120 52 0.103960396039604
120 51 0.103960396039604
120 50 0.099009900990099
120 49 0.103960396039604
120 48 0.108910891089109
120 47 0.123762376237624
120 46 0.103960396039604
120 45 0.099009900990099
120 44 0.108910891089109
120 43 0.099009900990099
120 42 0.103960396039604
120 41 0.108910891089109
120 40 0.099009900990099
120 39 0.113861386138614
120 38 0.108910891089109
120 37 0.108910891089109
120 36 0.118811881188119
120 35 0.108910891089109
120 34 0.103960396039604
120 33 0.113861386138614
120 32 0.103960396039604
120 31 0.108910891089109
120 30 0.103960396039604
120 29 0.118811881188119
120 28 0.113861386138614
120 27 0.138613861386139
120 26 0.0891089108910891
120 25 0.118811881188119
120 24 0.113861386138614
120 23 0.118811881188119
120 22 0.123762376237624
120 21 0.118811881188119
120 20 0.128712871287129
120 19 0.133663366336634
120 18 0.138613861386139
120 17 0.143564356435644
120 16 0.133663366336634
120 15 0.133663366336634
120 14 0.128712871287129
120 13 0.153465346534653
120 12 0.153465346534653
120 11 0.163366336633663
120 10 0.158415841584158
120 9 0.153465346534653
120 8 0.183168316831683
120 7 0.158415841584158
120 6 0.178217821782178
120 5 0.148514851485149
120 4 0.168316831683168
120 3 0.148514851485149
120 2 0.257425742574257
120 1 0.217821782178218
