57 177555 0.257425742574257
57 17756 0.207920792079208
57 1776 0.178217821782178
57 200 0.133663366336634
57 199 0.153465346534653
57 198 0.138613861386139
57 197 0.133663366336634
57 196 0.143564356435644
57 195 0.143564356435644
57 194 0.143564356435644
57 193 0.148514851485149
57 192 0.143564356435644
57 191 0.148514851485149
57 190 0.133663366336634
57 189 0.143564356435644
57 188 0.158415841584158
57 187 0.148514851485149
57 186 0.143564356435644
57 185 0.138613861386139
57 184 0.143564356435644
57 183 0.143564356435644
57 182 0.133663366336634
57 181 0.133663366336634
57 180 0.153465346534653
57 179 0.133663366336634
57 178 0.143564356435644
57 177 0.148514851485149
57 176 0.143564356435644
57 175 0.128712871287129
57 174 0.143564356435644
57 173 0.143564356435644
57 172 0.148514851485149
57 171 0.138613861386139
57 170 0.138613861386139
57 169 0.138613861386139
57 168 0.143564356435644
57 167 0.133663366336634
57 166 0.138613861386139
57 165 0.143564356435644
57 164 0.133663366336634
57 163 0.123762376237624
57 162 0.128712871287129
57 161 0.128712871287129
57 160 0.133663366336634
57 159 0.138613861386139
57 158 0.133663366336634
57 157 0.133663366336634
57 156 0.128712871287129
57 155 0.133663366336634
57 154 0.133663366336634
57 153 0.133663366336634
57 152 0.128712871287129
57 151 0.128712871287129
57 150 0.128712871287129
57 149 0.128712871287129
57 148 0.133663366336634
57 147 0.128712871287129
57 146 0.128712871287129
57 145 0.113861386138614
57 144 0.118811881188119
57 143 0.128712871287129
57 142 0.128712871287129
57 141 0.128712871287129
57 140 0.123762376237624
57 139 0.123762376237624
57 138 0.123762376237624
57 137 0.123762376237624
57 136 0.123762376237624
57 135 0.128712871287129
57 134 0.133663366336634
57 133 0.128712871287129
57 132 0.133663366336634
57 131 0.133663366336634
57 130 0.123762376237624
57 129 0.128712871287129
57 128 0.133663366336634
57 127 0.128712871287129
57 126 0.133663366336634
57 125 0.128712871287129
57 124 0.118811881188119
57 123 0.123762376237624
57 122 0.118811881188119
57 121 0.118811881188119
57 120 0.108910891089109
57 119 0.123762376237624
57 118 0.118811881188119
57 117 0.118811881188119
57 116 0.113861386138614
57 115 0.133663366336634
57 114 0.123762376237624
57 113 0.099009900990099
57 112 0.123762376237624
57 111 0.133663366336634
57 110 0.128712871287129
57 109 0.123762376237624
57 108 0.123762376237624
57 107 0.113861386138614
57 106 0.118811881188119
57 105 0.123762376237624
57 104 0.108910891089109
57 103 0.113861386138614
57 102 0.118811881188119
57 101 0.113861386138614
57 100 0.118811881188119
57 99 0.123762376237624
57 98 0.118811881188119
57 97 0.123762376237624
57 96 0.123762376237624
57 95 0.113861386138614
57 94 0.128712871287129
57 93 0.123762376237624
57 92 0.123762376237624
57 91 0.123762376237624
57 90 0.118811881188119
57 89 0.123762376237624
57 88 0.113861386138614
57 87 0.123762376237624
57 86 0.123762376237624
57 85 0.123762376237624
57 84 0.103960396039604
57 83 0.123762376237624
57 82 0.123762376237624
57 81 0.123762376237624
57 80 0.118811881188119
57 79 0.118811881188119
57 78 0.113861386138614
57 77 0.123762376237624
57 76 0.113861386138614
57 75 0.123762376237624
57 74 0.133663366336634
57 73 0.123762376237624
57 72 0.123762376237624
57 71 0.113861386138614
57 70 0.123762376237624
57 69 0.113861386138614
57 68 0.113861386138614
57 67 0.113861386138614
57 66 0.113861386138614
57 65 0.103960396039604
57 64 0.108910891089109
57 63 0.113861386138614
57 62 0.123762376237624
57 61 0.108910891089109
57 60 0.113861386138614
57 59 0.103960396039604
57 58 0.103960396039604
57 57 0.103960396039604
57 56 0.099009900990099
57 55 0.103960396039604
57 54 0.0940594059405941
57 53 0.113861386138614
57 52 0.099009900990099
57 51 0.103960396039604
57 50 0.108910891089109
57 49 0.103960396039604
57 48 0.0891089108910891
57 47 0.0891089108910891
57 46 0.0940594059405941
57 45 0.099009900990099
57 44 0.108910891089109
57 43 0.099009900990099
57 42 0.099009900990099
57 41 0.103960396039604
57 40 0.103960396039604
57 39 0.099009900990099
57 38 0.0940594059405941
57 37 0.103960396039604
57 36 0.108910891089109
57 35 0.103960396039604
57 34 0.118811881188119
57 33 0.103960396039604
57 32 0.099009900990099
57 31 0.099009900990099
57 30 0.103960396039604
57 29 0.113861386138614
57 28 0.103960396039604
57 27 0.103960396039604
57 26 0.103960396039604
57 25 0.108910891089109
57 24 0.103960396039604
57 23 0.108910891089109
57 22 0.0940594059405941
57 21 0.108910891089109
57 20 0.103960396039604
57 19 0.103960396039604
57 18 0.113861386138614
57 17 0.113861386138614
57 16 0.108910891089109
57 15 0.128712871287129
57 14 0.133663366336634
57 13 0.133663366336634
57 12 0.153465346534653
57 11 0.123762376237624
57 10 0.118811881188119
57 9 0.118811881188119
57 8 0.123762376237624
57 7 0.118811881188119
57 6 0.148514851485149
57 5 0.163366336633663
57 4 0.178217821782178
57 3 0.153465346534653
57 2 0.212871287128713
57 1 0.183168316831683
