63 177555 0.237623762376238
63 17756 0.207920792079208
63 1776 0.163366336633663
63 200 0.133663366336634
63 199 0.128712871287129
63 198 0.123762376237624
63 197 0.123762376237624
63 196 0.128712871287129
63 195 0.128712871287129
63 194 0.123762376237624
63 193 0.123762376237624
63 192 0.128712871287129
63 191 0.128712871287129
63 190 0.118811881188119
63 189 0.118811881188119
63 188 0.118811881188119
63 187 0.118811881188119
63 186 0.128712871287129
63 185 0.123762376237624
63 184 0.128712871287129
63 183 0.133663366336634
63 182 0.118811881188119
63 181 0.113861386138614
63 180 0.128712871287129
63 179 0.123762376237624
63 178 0.113861386138614
63 177 0.118811881188119
63 176 0.133663366336634
63 175 0.128712871287129
63 174 0.113861386138614
63 173 0.108910891089109
63 172 0.128712871287129
63 171 0.118811881188119
63 170 0.128712871287129
63 169 0.113861386138614
63 168 0.108910891089109
63 167 0.123762376237624
63 166 0.113861386138614
63 165 0.103960396039604
63 164 0.128712871287129
63 163 0.118811881188119
63 162 0.118811881188119
63 161 0.123762376237624
63 160 0.113861386138614
63 159 0.113861386138614
63 158 0.128712871287129
63 157 0.108910891089109
63 156 0.108910891089109
63 155 0.118811881188119
63 154 0.118811881188119
63 153 0.108910891089109
63 152 0.118811881188119
63 151 0.108910891089109
63 150 0.113861386138614
63 149 0.113861386138614
63 148 0.108910891089109
63 147 0.113861386138614
63 146 0.118811881188119
63 145 0.108910891089109
63 144 0.123762376237624
63 143 0.113861386138614
63 142 0.113861386138614
63 141 0.103960396039604
63 140 0.099009900990099
63 139 0.118811881188119
63 138 0.108910891089109
63 137 0.118811881188119
63 136 0.108910891089109
63 135 0.118811881188119
63 134 0.103960396039604
63 133 0.099009900990099
63 132 0.108910891089109
63 131 0.103960396039604
63 130 0.108910891089109
63 129 0.108910891089109
63 128 0.099009900990099
63 127 0.099009900990099
63 126 0.108910891089109
63 125 0.0940594059405941
63 124 0.103960396039604
63 123 0.0841584158415842
63 122 0.103960396039604
63 121 0.0841584158415842
63 120 0.103960396039604
63 119 0.103960396039604
63 118 0.099009900990099
63 117 0.108910891089109
63 116 0.0841584158415842
63 115 0.0891089108910891
63 114 0.099009900990099
63 113 0.0940594059405941
63 112 0.0891089108910891
63 111 0.0940594059405941
63 110 0.0891089108910891
63 109 0.099009900990099
63 108 0.0891089108910891
63 107 0.0891089108910891
63 106 0.099009900990099
63 105 0.099009900990099
63 104 0.099009900990099
63 103 0.099009900990099
63 102 0.099009900990099
63 101 0.0841584158415842
63 100 0.0940594059405941
63 99 0.0891089108910891
63 98 0.0940594059405941
63 97 0.0891089108910891
63 96 0.0940594059405941
63 95 0.0940594059405941
63 94 0.103960396039604
63 93 0.0940594059405941
63 92 0.0940594059405941
63 91 0.0940594059405941
63 90 0.0841584158415842
63 89 0.0940594059405941
63 88 0.103960396039604
63 87 0.0841584158415842
63 86 0.103960396039604
63 85 0.103960396039604
63 84 0.0940594059405941
63 83 0.0940594059405941
63 82 0.0940594059405941
63 81 0.0891089108910891
63 80 0.0891089108910891
63 79 0.0891089108910891
63 78 0.0891089108910891
63 77 0.0891089108910891
63 76 0.0891089108910891
63 75 0.099009900990099
63 74 0.099009900990099
63 73 0.0940594059405941
63 72 0.0940594059405941
63 71 0.0891089108910891
63 70 0.0940594059405941
63 69 0.103960396039604
63 68 0.0841584158415842
63 67 0.0841584158415842
63 66 0.0841584158415842
63 65 0.0891089108910891
63 64 0.0792079207920792
63 63 0.0792079207920792
63 62 0.0841584158415842
63 61 0.0891089108910891
63 60 0.099009900990099
63 59 0.0792079207920792
63 58 0.0841584158415842
63 57 0.0940594059405941
63 56 0.0841584158415842
63 55 0.0891089108910891
63 54 0.0792079207920792
63 53 0.0841584158415842
63 52 0.0940594059405941
63 51 0.103960396039604
63 50 0.0841584158415842
63 49 0.099009900990099
63 48 0.0792079207920792
63 47 0.108910891089109
63 46 0.108910891089109
63 45 0.103960396039604
63 44 0.113861386138614
63 43 0.103960396039604
63 42 0.0940594059405941
63 41 0.0891089108910891
63 40 0.0841584158415842
63 39 0.108910891089109
63 38 0.108910891089109
63 37 0.0891089108910891
63 36 0.0841584158415842
63 35 0.103960396039604
63 34 0.108910891089109
63 33 0.113861386138614
63 32 0.118811881188119
63 31 0.108910891089109
63 30 0.128712871287129
63 29 0.118811881188119
63 28 0.138613861386139
63 27 0.113861386138614
63 26 0.123762376237624
63 25 0.123762376237624
63 24 0.123762376237624
63 23 0.103960396039604
63 22 0.113861386138614
63 21 0.118811881188119
63 20 0.113861386138614
63 19 0.128712871287129
63 18 0.123762376237624
63 17 0.123762376237624
63 16 0.113861386138614
63 15 0.128712871287129
63 14 0.128712871287129
63 13 0.123762376237624
63 12 0.133663366336634
63 11 0.143564356435644
63 10 0.113861386138614
63 9 0.153465346534653
63 8 0.148514851485149
63 7 0.148514851485149
63 6 0.158415841584158
63 5 0.178217821782178
63 4 0.202970297029703
63 3 0.153465346534653
63 2 0.178217821782178
63 1 0.242574257425743
