167 177555 0.247524752475248
167 17756 0.202970297029703
167 1776 0.173267326732673
167 200 0.108910891089109
167 199 0.108910891089109
167 198 0.113861386138614
167 197 0.108910891089109
167 196 0.108910891089109
167 195 0.113861386138614
167 194 0.103960396039604
167 193 0.113861386138614
167 192 0.108910891089109
167 191 0.103960396039604
167 190 0.113861386138614
167 189 0.108910891089109
167 188 0.113861386138614
167 187 0.108910891089109
167 186 0.103960396039604
167 185 0.108910891089109
167 184 0.113861386138614
167 183 0.113861386138614
167 182 0.108910891089109
167 181 0.103960396039604
167 180 0.108910891089109
167 179 0.113861386138614
167 178 0.108910891089109
167 177 0.108910891089109
167 176 0.108910891089109
167 175 0.108910891089109
167 174 0.118811881188119
167 173 0.113861386138614
167 172 0.103960396039604
167 171 0.103960396039604
167 170 0.103960396039604
167 169 0.103960396039604
167 168 0.108910891089109
167 167 0.113861386138614
167 166 0.108910891089109
167 165 0.108910891089109
167 164 0.108910891089109
167 163 0.113861386138614
167 162 0.0940594059405941
167 161 0.108910891089109
167 160 0.099009900990099
167 159 0.108910891089109
167 158 0.108910891089109
167 157 0.113861386138614
167 156 0.099009900990099
167 155 0.108910891089109
167 154 0.103960396039604
167 153 0.099009900990099
167 152 0.103960396039604
167 151 0.108910891089109
167 150 0.103960396039604
167 149 0.0940594059405941
167 148 0.103960396039604
167 147 0.0940594059405941
167 146 0.103960396039604
167 145 0.099009900990099
167 144 0.103960396039604
167 143 0.103960396039604
167 142 0.108910891089109
167 141 0.099009900990099
167 140 0.099009900990099
167 139 0.103960396039604
167 138 0.103960396039604
167 137 0.108910891089109
167 136 0.0891089108910891
167 135 0.108910891089109
167 134 0.0940594059405941
167 133 0.0891089108910891
167 132 0.108910891089109
167 131 0.103960396039604
167 130 0.0940594059405941
167 129 0.103960396039604
167 128 0.099009900990099
167 127 0.0891089108910891
167 126 0.103960396039604
167 125 0.0940594059405941
167 124 0.0940594059405941
167 123 0.108910891089109
167 122 0.113861386138614
167 121 0.0891089108910891
167 120 0.0940594059405941
167 119 0.0940594059405941
167 118 0.0940594059405941
167 117 0.0940594059405941
167 116 0.103960396039604
167 115 0.0841584158415842
167 114 0.0891089108910891
167 113 0.0940594059405941
167 112 0.0891089108910891
167 111 0.099009900990099
167 110 0.0841584158415842
167 109 0.0742574257425743
167 108 0.0891089108910891
167 107 0.0940594059405941
167 106 0.0841584158415842
167 105 0.0841584158415842
167 104 0.0891089108910891
167 103 0.0841584158415842
167 102 0.099009900990099
167 101 0.099009900990099
167 100 0.0891089108910891
167 99 0.099009900990099
167 98 0.099009900990099
167 97 0.0940594059405941
167 96 0.0940594059405941
167 95 0.0940594059405941
167 94 0.0891089108910891
167 93 0.0841584158415842
167 92 0.0940594059405941
167 91 0.0841584158415842
167 90 0.0792079207920792
167 89 0.0742574257425743
167 88 0.0891089108910891
167 87 0.0742574257425743
167 86 0.0742574257425743
167 85 0.0891089108910891
167 84 0.0891089108910891
167 83 0.0792079207920792
167 82 0.0841584158415842
167 81 0.0891089108910891
167 80 0.0891089108910891
167 79 0.0841584158415842
167 78 0.0841584158415842
167 77 0.0792079207920792
167 76 0.0792079207920792
167 75 0.0891089108910891
167 74 0.0940594059405941
167 73 0.0891089108910891
167 72 0.0940594059405941
167 71 0.0742574257425743
167 70 0.0891089108910891
167 69 0.0792079207920792
167 68 0.0841584158415842
167 67 0.0841584158415842
167 66 0.0841584158415842
167 65 0.0792079207920792
167 64 0.0891089108910891
167 63 0.0891089108910891
167 62 0.0891089108910891
167 61 0.0792079207920792
167 60 0.0841584158415842
167 59 0.099009900990099
167 58 0.0742574257425743
167 57 0.0693069306930693
167 56 0.0841584158415842
167 55 0.0940594059405941
167 54 0.0891089108910891
167 53 0.0742574257425743
167 52 0.0940594059405941
167 51 0.0891089108910891
167 50 0.0792079207920792
167 49 0.099009900990099
167 48 0.108910891089109
167 47 0.0891089108910891
167 46 0.113861386138614
167 45 0.099009900990099
167 44 0.099009900990099
167 43 0.099009900990099
167 42 0.0841584158415842
167 41 0.0841584158415842
167 40 0.099009900990099
167 39 0.099009900990099
167 38 0.118811881188119
167 37 0.108910891089109
167 36 0.113861386138614
167 35 0.113861386138614
167 34 0.099009900990099
167 33 0.108910891089109
167 32 0.113861386138614
167 31 0.103960396039604
167 30 0.108910891089109
167 29 0.133663366336634
167 28 0.113861386138614
167 27 0.118811881188119
167 26 0.118811881188119
167 25 0.128712871287129
167 24 0.118811881188119
167 23 0.123762376237624
167 22 0.113861386138614
167 21 0.108910891089109
167 20 0.108910891089109
167 19 0.118811881188119
167 18 0.118811881188119
167 17 0.118811881188119
167 16 0.118811881188119
167 15 0.118811881188119
167 14 0.123762376237624
167 13 0.148514851485149
167 12 0.123762376237624
167 11 0.128712871287129
167 10 0.163366336633663
167 9 0.143564356435644
167 8 0.163366336633663
167 7 0.153465346534653
167 6 0.193069306930693
167 5 0.158415841584158
167 4 0.242574257425743
167 3 0.178217821782178
167 2 0.222772277227723
167 1 0.262376237623762
