189 177555 0.237623762376238
189 17756 0.212871287128713
189 1776 0.163366336633663
189 200 0.138613861386139
189 199 0.128712871287129
189 198 0.128712871287129
189 197 0.133663366336634
189 196 0.133663366336634
189 195 0.128712871287129
189 194 0.123762376237624
189 193 0.123762376237624
189 192 0.123762376237624
189 191 0.113861386138614
189 190 0.138613861386139
189 189 0.113861386138614
189 188 0.123762376237624
189 187 0.123762376237624
189 186 0.128712871287129
189 185 0.113861386138614
189 184 0.118811881188119
189 183 0.118811881188119
189 182 0.123762376237624
189 181 0.118811881188119
189 180 0.123762376237624
189 179 0.123762376237624
189 178 0.108910891089109
189 177 0.103960396039604
189 176 0.123762376237624
189 175 0.118811881188119
189 174 0.118811881188119
189 173 0.118811881188119
189 172 0.118811881188119
189 171 0.118811881188119
189 170 0.113861386138614
189 169 0.118811881188119
189 168 0.113861386138614
189 167 0.113861386138614
189 166 0.113861386138614
189 165 0.123762376237624
189 164 0.113861386138614
189 163 0.123762376237624
189 162 0.123762376237624
189 161 0.113861386138614
189 160 0.113861386138614
189 159 0.108910891089109
189 158 0.103960396039604
189 157 0.103960396039604
189 156 0.113861386138614
189 155 0.118811881188119
189 154 0.113861386138614
189 153 0.113861386138614
189 152 0.113861386138614
189 151 0.113861386138614
189 150 0.108910891089109
189 149 0.108910891089109
189 148 0.103960396039604
189 147 0.108910891089109
189 146 0.118811881188119
189 145 0.108910891089109
189 144 0.113861386138614
189 143 0.103960396039604
189 142 0.118811881188119
189 141 0.103960396039604
189 140 0.108910891089109
189 139 0.113861386138614
189 138 0.113861386138614
189 137 0.103960396039604
189 136 0.113861386138614
189 135 0.128712871287129
189 134 0.103960396039604
189 133 0.103960396039604
189 132 0.0940594059405941
189 131 0.108910891089109
189 130 0.099009900990099
189 129 0.103960396039604
189 128 0.103960396039604
189 127 0.0940594059405941
189 126 0.099009900990099
189 125 0.099009900990099
189 124 0.0940594059405941
189 123 0.113861386138614
189 122 0.103960396039604
189 121 0.0940594059405941
189 120 0.0940594059405941
189 119 0.108910891089109
189 118 0.103960396039604
189 117 0.0891089108910891
189 116 0.113861386138614
189 115 0.099009900990099
189 114 0.099009900990099
189 113 0.099009900990099
189 112 0.0891089108910891
189 111 0.108910891089109
189 110 0.099009900990099
189 109 0.0940594059405941
189 108 0.099009900990099
189 107 0.0891089108910891
189 106 0.0891089108910891
189 105 0.103960396039604
189 104 0.0940594059405941
189 103 0.0891089108910891
189 102 0.108910891089109
189 101 0.0940594059405941
189 100 0.0891089108910891
189 99 0.103960396039604
189 98 0.099009900990099
189 97 0.103960396039604
189 96 0.0940594059405941
189 95 0.0940594059405941
189 94 0.099009900990099
189 93 0.103960396039604
189 92 0.103960396039604
189 91 0.108910891089109
189 90 0.113861386138614
189 89 0.108910891089109
189 88 0.103960396039604
189 87 0.113861386138614
189 86 0.108910891089109
189 85 0.108910891089109
189 84 0.108910891089109
189 83 0.108910891089109
189 82 0.108910891089109
189 81 0.099009900990099
189 80 0.099009900990099
189 79 0.103960396039604
189 78 0.099009900990099
189 77 0.0891089108910891
189 76 0.103960396039604
189 75 0.108910891089109
189 74 0.103960396039604
189 73 0.103960396039604
189 72 0.113861386138614
189 71 0.099009900990099
189 70 0.103960396039604
189 69 0.103960396039604
189 68 0.103960396039604
189 67 0.113861386138614
189 66 0.099009900990099
189 65 0.0940594059405941
189 64 0.108910891089109
189 63 0.103960396039604
189 62 0.108910891089109
189 61 0.103960396039604
189 60 0.099009900990099
189 59 0.103960396039604
189 58 0.099009900990099
189 57 0.103960396039604
189 56 0.103960396039604
189 55 0.099009900990099
189 54 0.103960396039604
189 53 0.103960396039604
189 52 0.103960396039604
189 51 0.103960396039604
189 50 0.0940594059405941
189 49 0.108910891089109
189 48 0.103960396039604
189 47 0.099009900990099
189 46 0.099009900990099
189 45 0.0940594059405941
189 44 0.103960396039604
189 43 0.108910891089109
189 42 0.113861386138614
189 41 0.103960396039604
189 40 0.118811881188119
189 39 0.103960396039604
189 38 0.103960396039604
189 37 0.103960396039604
189 36 0.108910891089109
189 35 0.0891089108910891
189 34 0.103960396039604
189 33 0.0891089108910891
189 32 0.0940594059405941
189 31 0.118811881188119
189 30 0.118811881188119
189 29 0.099009900990099
189 28 0.103960396039604
189 27 0.099009900990099
189 26 0.099009900990099
189 25 0.0940594059405941
189 24 0.113861386138614
189 23 0.108910891089109
189 22 0.0940594059405941
189 21 0.123762376237624
189 20 0.138613861386139
189 19 0.113861386138614
189 18 0.123762376237624
189 17 0.138613861386139
189 16 0.133663366336634
189 15 0.128712871287129
189 14 0.143564356435644
189 13 0.138613861386139
189 12 0.133663366336634
189 11 0.143564356435644
189 10 0.148514851485149
189 9 0.158415841584158
189 8 0.158415841584158
189 7 0.148514851485149
189 6 0.183168316831683
189 5 0.158415841584158
189 4 0.153465346534653
189 3 0.173267326732673
189 2 0.183168316831683
189 1 0.202970297029703
