202 177555 0.222772277227723
202 17756 0.217821782178218
202 1776 0.168316831683168
202 200 0.128712871287129
202 199 0.133663366336634
202 198 0.133663366336634
202 197 0.128712871287129
202 196 0.123762376237624
202 195 0.138613861386139
202 194 0.123762376237624
202 193 0.138613861386139
202 192 0.123762376237624
202 191 0.138613861386139
202 190 0.133663366336634
202 189 0.123762376237624
202 188 0.133663366336634
202 187 0.118811881188119
202 186 0.123762376237624
202 185 0.133663366336634
202 184 0.123762376237624
202 183 0.133663366336634
202 182 0.133663366336634
202 181 0.128712871287129
202 180 0.123762376237624
202 179 0.123762376237624
202 178 0.128712871287129
202 177 0.123762376237624
202 176 0.123762376237624
202 175 0.118811881188119
202 174 0.128712871287129
202 173 0.123762376237624
202 172 0.128712871287129
202 171 0.118811881188119
202 170 0.123762376237624
202 169 0.128712871287129
202 168 0.118811881188119
202 167 0.128712871287129
202 166 0.133663366336634
202 165 0.133663366336634
202 164 0.128712871287129
202 163 0.133663366336634
202 162 0.118811881188119
202 161 0.128712871287129
202 160 0.128712871287129
202 159 0.128712871287129
202 158 0.128712871287129
202 157 0.128712871287129
202 156 0.123762376237624
202 155 0.128712871287129
202 154 0.128712871287129
202 153 0.113861386138614
202 152 0.128712871287129
202 151 0.123762376237624
202 150 0.128712871287129
202 149 0.123762376237624
202 148 0.128712871287129
202 147 0.123762376237624
202 146 0.118811881188119
202 145 0.128712871287129
202 144 0.118811881188119
202 143 0.128712871287129
202 142 0.118811881188119
202 141 0.113861386138614
202 140 0.128712871287129
202 139 0.128712871287129
202 138 0.123762376237624
202 137 0.118811881188119
202 136 0.118811881188119
202 135 0.128712871287129
202 134 0.128712871287129
202 133 0.123762376237624
202 132 0.143564356435644
202 131 0.118811881188119
202 130 0.113861386138614
202 129 0.108910891089109
202 128 0.118811881188119
202 127 0.103960396039604
202 126 0.123762376237624
202 125 0.113861386138614
202 124 0.113861386138614
202 123 0.113861386138614
202 122 0.113861386138614
202 121 0.118811881188119
202 120 0.113861386138614
202 119 0.123762376237624
202 118 0.113861386138614
202 117 0.113861386138614
202 116 0.113861386138614
202 115 0.118811881188119
202 114 0.123762376237624
202 113 0.118811881188119
202 112 0.108910891089109
202 111 0.103960396039604
202 110 0.113861386138614
202 109 0.099009900990099
202 108 0.108910891089109
202 107 0.103960396039604
202 106 0.113861386138614
202 105 0.108910891089109
202 104 0.113861386138614
202 103 0.123762376237624
202 102 0.118811881188119
202 101 0.118811881188119
202 100 0.118811881188119
202 99 0.103960396039604
202 98 0.099009900990099
202 97 0.099009900990099
202 96 0.103960396039604
202 95 0.103960396039604
202 94 0.108910891089109
202 93 0.113861386138614
202 92 0.103960396039604
202 91 0.123762376237624
202 90 0.108910891089109
202 89 0.113861386138614
202 88 0.108910891089109
202 87 0.099009900990099
202 86 0.123762376237624
202 85 0.113861386138614
202 84 0.113861386138614
202 83 0.113861386138614
202 82 0.108910891089109
202 81 0.108910891089109
202 80 0.103960396039604
202 79 0.108910891089109
202 78 0.113861386138614
202 77 0.0940594059405941
202 76 0.108910891089109
202 75 0.108910891089109
202 74 0.103960396039604
202 73 0.108910891089109
202 72 0.108910891089109
202 71 0.103960396039604
202 70 0.103960396039604
202 69 0.108910891089109
202 68 0.0940594059405941
202 67 0.099009900990099
202 66 0.099009900990099
202 65 0.103960396039604
202 64 0.0940594059405941
202 63 0.099009900990099
202 62 0.108910891089109
202 61 0.099009900990099
202 60 0.099009900990099
202 59 0.0891089108910891
202 58 0.0891089108910891
202 57 0.099009900990099
202 56 0.118811881188119
202 55 0.108910891089109
202 54 0.103960396039604
202 53 0.108910891089109
202 52 0.0940594059405941
202 51 0.099009900990099
202 50 0.108910891089109
202 49 0.108910891089109
202 48 0.0891089108910891
202 47 0.0891089108910891
202 46 0.108910891089109
202 45 0.0891089108910891
202 44 0.113861386138614
202 43 0.099009900990099
202 42 0.0841584158415842
202 41 0.0940594059405941
202 40 0.0940594059405941
202 39 0.0792079207920792
202 38 0.0940594059405941
202 37 0.099009900990099
202 36 0.0841584158415842
202 35 0.108910891089109
202 34 0.113861386138614
202 33 0.0940594059405941
202 32 0.0940594059405941
202 31 0.108910891089109
202 30 0.103960396039604
202 29 0.103960396039604
202 28 0.099009900990099
202 27 0.103960396039604
202 26 0.123762376237624
202 25 0.099009900990099
202 24 0.113861386138614
202 23 0.128712871287129
202 22 0.108910891089109
202 21 0.133663366336634
202 20 0.138613861386139
202 19 0.143564356435644
202 18 0.123762376237624
202 17 0.128712871287129
202 16 0.128712871287129
202 15 0.113861386138614
202 14 0.123762376237624
202 13 0.118811881188119
202 12 0.118811881188119
202 11 0.143564356435644
202 10 0.133663366336634
202 9 0.128712871287129
202 8 0.143564356435644
202 7 0.168316831683168
202 6 0.148514851485149
202 5 0.168316831683168
202 4 0.207920792079208
202 3 0.202970297029703
202 2 0.202970297029703
202 1 0.247524752475248
