128 177555 0.242574257425743
128 17756 0.227722772277228
128 1776 0.183168316831683
128 200 0.123762376237624
128 199 0.128712871287129
128 198 0.123762376237624
128 197 0.128712871287129
128 196 0.123762376237624
128 195 0.133663366336634
128 194 0.123762376237624
128 193 0.123762376237624
128 192 0.133663366336634
128 191 0.123762376237624
128 190 0.123762376237624
128 189 0.128712871287129
128 188 0.113861386138614
128 187 0.128712871287129
128 186 0.128712871287129
128 185 0.118811881188119
128 184 0.123762376237624
128 183 0.118811881188119
128 182 0.118811881188119
128 181 0.123762376237624
128 180 0.113861386138614
128 179 0.123762376237624
128 178 0.113861386138614
128 177 0.133663366336634
128 176 0.128712871287129
128 175 0.113861386138614
128 174 0.108910891089109
128 173 0.113861386138614
128 172 0.128712871287129
128 171 0.118811881188119
128 170 0.118811881188119
128 169 0.118811881188119
128 168 0.118811881188119
128 167 0.113861386138614
128 166 0.113861386138614
128 165 0.113861386138614
128 164 0.118811881188119
128 163 0.113861386138614
128 162 0.113861386138614
128 161 0.103960396039604
128 160 0.118811881188119
128 159 0.103960396039604
128 158 0.108910891089109
128 157 0.099009900990099
128 156 0.118811881188119
128 155 0.108910891089109
128 154 0.123762376237624
128 153 0.123762376237624
128 152 0.099009900990099
128 151 0.103960396039604
128 150 0.108910891089109
128 149 0.113861386138614
128 148 0.103960396039604
128 147 0.099009900990099
128 146 0.103960396039604
128 145 0.108910891089109
128 144 0.099009900990099
128 143 0.108910891089109
128 142 0.108910891089109
128 141 0.103960396039604
128 140 0.113861386138614
128 139 0.108910891089109
128 138 0.113861386138614
128 137 0.103960396039604
128 136 0.103960396039604
128 135 0.103960396039604
128 134 0.103960396039604
128 133 0.099009900990099
128 132 0.099009900990099
128 131 0.099009900990099
128 130 0.113861386138614
128 129 0.108910891089109
128 128 0.108910891089109
128 127 0.113861386138614
128 126 0.103960396039604
128 125 0.123762376237624
128 124 0.103960396039604
128 123 0.099009900990099
128 122 0.099009900990099
128 121 0.113861386138614
128 120 0.108910891089109
128 119 0.099009900990099
128 118 0.103960396039604
128 117 0.103960396039604
128 116 0.0940594059405941
128 115 0.103960396039604
128 114 0.103960396039604
128 113 0.108910891089109
128 112 0.103960396039604
128 111 0.099009900990099
128 110 0.108910891089109
128 109 0.108910891089109
128 108 0.113861386138614
128 107 0.108910891089109
128 106 0.103960396039604
128 105 0.113861386138614
128 104 0.108910891089109
128 103 0.108910891089109
128 102 0.103960396039604
128 101 0.103960396039604
128 100 0.099009900990099
128 99 0.103960396039604
128 98 0.099009900990099
128 97 0.0891089108910891
128 96 0.0940594059405941
128 95 0.099009900990099
128 94 0.108910891089109
128 93 0.0891089108910891
128 92 0.103960396039604
128 91 0.0940594059405941
128 90 0.0940594059405941
128 89 0.0940594059405941
128 88 0.0940594059405941
128 87 0.099009900990099
128 86 0.099009900990099
128 85 0.0940594059405941
128 84 0.0940594059405941
128 83 0.0940594059405941
128 82 0.0940594059405941
128 81 0.0940594059405941
128 80 0.099009900990099
128 79 0.099009900990099
128 78 0.0891089108910891
128 77 0.099009900990099
128 76 0.103960396039604
128 75 0.0940594059405941
128 74 0.103960396039604
128 73 0.0940594059405941
128 72 0.099009900990099
128 71 0.0940594059405941
128 70 0.0891089108910891
128 69 0.103960396039604
128 68 0.0940594059405941
128 67 0.099009900990099
128 66 0.0940594059405941
128 65 0.103960396039604
128 64 0.108910891089109
128 63 0.103960396039604
128 62 0.103960396039604
128 61 0.103960396039604
128 60 0.0940594059405941
128 59 0.103960396039604
128 58 0.108910891089109
128 57 0.108910891089109
128 56 0.113861386138614
128 55 0.113861386138614
128 54 0.103960396039604
128 53 0.108910891089109
128 52 0.099009900990099
128 51 0.099009900990099
128 50 0.099009900990099
128 49 0.113861386138614
128 48 0.113861386138614
128 47 0.118811881188119
128 46 0.108910891089109
128 45 0.103960396039604
128 44 0.113861386138614
128 43 0.099009900990099
128 42 0.103960396039604
128 41 0.108910891089109
128 40 0.113861386138614
128 39 0.113861386138614
128 38 0.113861386138614
128 37 0.113861386138614
128 36 0.108910891089109
128 35 0.113861386138614
128 34 0.103960396039604
128 33 0.118811881188119
128 32 0.099009900990099
128 31 0.099009900990099
128 30 0.108910891089109
128 29 0.113861386138614
128 28 0.108910891089109
128 27 0.099009900990099
128 26 0.108910891089109
128 25 0.108910891089109
128 24 0.123762376237624
128 23 0.128712871287129
128 22 0.128712871287129
128 21 0.113861386138614
128 20 0.128712871287129
128 19 0.118811881188119
128 18 0.118811881188119
128 17 0.123762376237624
128 16 0.123762376237624
128 15 0.123762376237624
128 14 0.143564356435644
128 13 0.128712871287129
128 12 0.148514851485149
128 11 0.133663366336634
128 10 0.143564356435644
128 9 0.168316831683168
128 8 0.188118811881188
128 7 0.188118811881188
128 6 0.198019801980198
128 5 0.198019801980198
128 4 0.207920792079208
128 3 0.193069306930693
128 2 0.183168316831683
128 1 0.232673267326733
