190 177555 0.212871287128713
190 17756 0.193069306930693
190 1776 0.158415841584158
190 200 0.103960396039604
190 199 0.0940594059405941
190 198 0.0940594059405941
190 197 0.103960396039604
190 196 0.0940594059405941
190 195 0.0891089108910891
190 194 0.0940594059405941
190 193 0.099009900990099
190 192 0.0891089108910891
190 191 0.0940594059405941
190 190 0.108910891089109
190 189 0.0940594059405941
190 188 0.0891089108910891
190 187 0.0940594059405941
190 186 0.0940594059405941
190 185 0.0841584158415842
190 184 0.0940594059405941
190 183 0.099009900990099
190 182 0.0841584158415842
190 181 0.103960396039604
190 180 0.0891089108910891
190 179 0.0940594059405941
190 178 0.099009900990099
190 177 0.0940594059405941
190 176 0.099009900990099
190 175 0.103960396039604
190 174 0.0940594059405941
190 173 0.099009900990099
190 172 0.0891089108910891
190 171 0.108910891089109
190 170 0.0841584158415842
190 169 0.0940594059405941
190 168 0.0940594059405941
190 167 0.0940594059405941
190 166 0.0891089108910891
190 165 0.0940594059405941
190 164 0.0891089108910891
190 163 0.0841584158415842
190 162 0.108910891089109
190 161 0.099009900990099
190 160 0.0940594059405941
190 159 0.0940594059405941
190 158 0.0940594059405941
190 157 0.099009900990099
190 156 0.103960396039604
190 155 0.103960396039604
190 154 0.099009900990099
190 153 0.099009900990099
190 152 0.0940594059405941
190 151 0.099009900990099
190 150 0.0940594059405941
190 149 0.0940594059405941
190 148 0.103960396039604
190 147 0.099009900990099
190 146 0.0940594059405941
190 145 0.103960396039604
190 144 0.099009900990099
190 143 0.0891089108910891
190 142 0.0891089108910891
190 141 0.0940594059405941
190 140 0.0891089108910891
190 139 0.0940594059405941
190 138 0.103960396039604
190 137 0.0891089108910891
190 136 0.0940594059405941
190 135 0.103960396039604
190 134 0.099009900990099
190 133 0.0841584158415842
190 132 0.099009900990099
190 131 0.0940594059405941
190 130 0.0940594059405941
190 129 0.099009900990099
190 128 0.099009900990099
190 127 0.099009900990099
190 126 0.0891089108910891
190 125 0.0891089108910891
190 124 0.099009900990099
190 123 0.0891089108910891
190 122 0.0792079207920792
190 121 0.0891089108910891
190 120 0.0742574257425743
190 119 0.0891089108910891
190 118 0.0940594059405941
190 117 0.0841584158415842
190 116 0.0841584158415842
190 115 0.0841584158415842
190 114 0.0891089108910891
190 113 0.099009900990099
190 112 0.0792079207920792
190 111 0.0940594059405941
190 110 0.0891089108910891
190 109 0.0891089108910891
190 108 0.0841584158415842
190 107 0.0891089108910891
190 106 0.0792079207920792
190 105 0.0940594059405941
190 104 0.0891089108910891
190 103 0.0841584158415842
190 102 0.0792079207920792
190 101 0.0841584158415842
190 100 0.0792079207920792
190 99 0.0940594059405941
190 98 0.0940594059405941
190 97 0.0792079207920792
190 96 0.0891089108910891
190 95 0.0891089108910891
190 94 0.0792079207920792
190 93 0.0940594059405941
190 92 0.0792079207920792
190 91 0.0891089108910891
190 90 0.099009900990099
190 89 0.0841584158415842
190 88 0.0841584158415842
190 87 0.0891089108910891
190 86 0.0891089108910891
190 85 0.0891089108910891
190 84 0.099009900990099
190 83 0.0841584158415842
190 82 0.0891089108910891
190 81 0.0841584158415842
190 80 0.099009900990099
190 79 0.0891089108910891
190 78 0.0891089108910891
190 77 0.0792079207920792
190 76 0.0940594059405941
190 75 0.0940594059405941
190 74 0.099009900990099
190 73 0.0792079207920792
190 72 0.099009900990099
190 71 0.103960396039604
190 70 0.103960396039604
190 69 0.0891089108910891
190 68 0.0891089108910891
190 67 0.0891089108910891
190 66 0.0940594059405941
190 65 0.0940594059405941
190 64 0.0940594059405941
190 63 0.0891089108910891
190 62 0.0891089108910891
190 61 0.0940594059405941
190 60 0.0792079207920792
190 59 0.099009900990099
190 58 0.0742574257425743
190 57 0.099009900990099
190 56 0.099009900990099
190 55 0.103960396039604
190 54 0.0891089108910891
190 53 0.0891089108910891
190 52 0.103960396039604
190 51 0.103960396039604
190 50 0.113861386138614
190 49 0.0891089108910891
190 48 0.0841584158415842
190 47 0.0940594059405941
190 46 0.0841584158415842
190 45 0.0891089108910891
190 44 0.0841584158415842
190 43 0.0792079207920792
190 42 0.0742574257425743
190 41 0.0792079207920792
190 40 0.0940594059405941
190 39 0.0792079207920792
190 38 0.0841584158415842
190 37 0.0891089108910891
190 36 0.0742574257425743
190 35 0.0792079207920792
190 34 0.0693069306930693
190 33 0.0841584158415842
190 32 0.0792079207920792
190 31 0.0841584158415842
190 30 0.0891089108910891
190 29 0.0841584158415842
190 28 0.0841584158415842
190 27 0.0841584158415842
190 26 0.0841584158415842
190 25 0.0841584158415842
190 24 0.0742574257425743
190 23 0.0940594059405941
190 22 0.0841584158415842
190 21 0.0891089108910891
190 20 0.0940594059405941
190 19 0.0841584158415842
190 18 0.0891089108910891
190 17 0.0792079207920792
190 16 0.099009900990099
190 15 0.0940594059405941
190 14 0.0940594059405941
190 13 0.099009900990099
190 12 0.128712871287129
190 11 0.108910891089109
190 10 0.108910891089109
190 9 0.113861386138614
190 8 0.128712871287129
190 7 0.178217821782178
190 6 0.173267326732673
190 5 0.168316831683168
190 4 0.163366336633663
190 3 0.173267326732673
190 2 0.173267326732673
190 1 0.193069306930693
