141 177555 0.237623762376238
141 17756 0.212871287128713
141 1776 0.173267326732673
141 200 0.128712871287129
141 199 0.123762376237624
141 198 0.123762376237624
141 197 0.118811881188119
141 196 0.133663366336634
141 195 0.128712871287129
141 194 0.123762376237624
141 193 0.128712871287129
141 192 0.118811881188119
141 191 0.123762376237624
141 190 0.118811881188119
141 189 0.128712871287129
141 188 0.118811881188119
141 187 0.118811881188119
141 186 0.128712871287129
141 185 0.123762376237624
141 184 0.113861386138614
141 183 0.118811881188119
141 182 0.118811881188119
141 181 0.118811881188119
141 180 0.128712871287129
141 179 0.128712871287129
141 178 0.118811881188119
141 177 0.113861386138614
141 176 0.123762376237624
141 175 0.113861386138614
141 174 0.108910891089109
141 173 0.128712871287129
141 172 0.108910891089109
141 171 0.118811881188119
141 170 0.123762376237624
141 169 0.118811881188119
141 168 0.108910891089109
141 167 0.118811881188119
141 166 0.118811881188119
141 165 0.108910891089109
141 164 0.113861386138614
141 163 0.118811881188119
141 162 0.118811881188119
141 161 0.123762376237624
141 160 0.123762376237624
141 159 0.118811881188119
141 158 0.118811881188119
141 157 0.103960396039604
141 156 0.113861386138614
141 155 0.118811881188119
141 154 0.113861386138614
141 153 0.108910891089109
141 152 0.113861386138614
141 151 0.118811881188119
141 150 0.118811881188119
141 149 0.113861386138614
141 148 0.118811881188119
141 147 0.113861386138614
141 146 0.108910891089109
141 145 0.113861386138614
141 144 0.113861386138614
141 143 0.118811881188119
141 142 0.108910891089109
141 141 0.108910891089109
141 140 0.118811881188119
141 139 0.113861386138614
141 138 0.118811881188119
141 137 0.108910891089109
141 136 0.118811881188119
141 135 0.103960396039604
141 134 0.113861386138614
141 133 0.118811881188119
141 132 0.113861386138614
141 131 0.118811881188119
141 130 0.108910891089109
141 129 0.113861386138614
141 128 0.108910891089109
141 127 0.108910891089109
141 126 0.118811881188119
141 125 0.108910891089109
141 124 0.108910891089109
141 123 0.108910891089109
141 122 0.108910891089109
141 121 0.108910891089109
141 120 0.113861386138614
141 119 0.113861386138614
141 118 0.108910891089109
141 117 0.108910891089109
141 116 0.099009900990099
141 115 0.103960396039604
141 114 0.108910891089109
141 113 0.103960396039604
141 112 0.103960396039604
141 111 0.103960396039604
141 110 0.099009900990099
141 109 0.103960396039604
141 108 0.103960396039604
141 107 0.103960396039604
141 106 0.103960396039604
141 105 0.103960396039604
141 104 0.103960396039604
141 103 0.103960396039604
141 102 0.103960396039604
141 101 0.103960396039604
141 100 0.108910891089109
141 99 0.103960396039604
141 98 0.103960396039604
141 97 0.0891089108910891
141 96 0.103960396039604
141 95 0.099009900990099
141 94 0.0940594059405941
141 93 0.103960396039604
141 92 0.0940594059405941
141 91 0.099009900990099
141 90 0.099009900990099
141 89 0.0940594059405941
141 88 0.0891089108910891
141 87 0.099009900990099
141 86 0.0940594059405941
141 85 0.0841584158415842
141 84 0.099009900990099
141 83 0.103960396039604
141 82 0.099009900990099
141 81 0.0891089108910891
141 80 0.099009900990099
141 79 0.099009900990099
141 78 0.099009900990099
141 77 0.099009900990099
141 76 0.099009900990099
141 75 0.103960396039604
141 74 0.099009900990099
141 73 0.0940594059405941
141 72 0.0891089108910891
141 71 0.0891089108910891
141 70 0.0891089108910891
141 69 0.0891089108910891
141 68 0.0940594059405941
141 67 0.0940594059405941
141 66 0.0940594059405941
141 65 0.0940594059405941
141 64 0.0841584158415842
141 63 0.0940594059405941
141 62 0.0841584158415842
141 61 0.0891089108910891
141 60 0.0891089108910891
141 59 0.099009900990099
141 58 0.108910891089109
141 57 0.0940594059405941
141 56 0.0891089108910891
141 55 0.103960396039604
141 54 0.0841584158415842
141 53 0.0940594059405941
141 52 0.0841584158415842
141 51 0.0841584158415842
141 50 0.103960396039604
141 49 0.0891089108910891
141 48 0.0891089108910891
141 47 0.099009900990099
141 46 0.0891089108910891
141 45 0.0841584158415842
141 44 0.0891089108910891
141 43 0.099009900990099
141 42 0.0891089108910891
141 41 0.0940594059405941
141 40 0.0891089108910891
141 39 0.099009900990099
141 38 0.0792079207920792
141 37 0.0940594059405941
141 36 0.099009900990099
141 35 0.108910891089109
141 34 0.0891089108910891
141 33 0.099009900990099
141 32 0.108910891089109
141 31 0.099009900990099
141 30 0.099009900990099
141 29 0.103960396039604
141 28 0.108910891089109
141 27 0.103960396039604
141 26 0.118811881188119
141 25 0.108910891089109
141 24 0.108910891089109
141 23 0.103960396039604
141 22 0.103960396039604
141 21 0.099009900990099
141 20 0.113861386138614
141 19 0.113861386138614
141 18 0.118811881188119
141 17 0.118811881188119
141 16 0.128712871287129
141 15 0.153465346534653
141 14 0.143564356435644
141 13 0.143564356435644
141 12 0.133663366336634
141 11 0.148514851485149
141 10 0.143564356435644
141 9 0.158415841584158
141 8 0.148514851485149
141 7 0.143564356435644
141 6 0.128712871287129
141 5 0.133663366336634
141 4 0.143564356435644
141 3 0.163366336633663
141 2 0.183168316831683
141 1 0.222772277227723
