52 177555 0.232673267326733
52 17756 0.212871287128713
52 1776 0.183168316831683
52 200 0.128712871287129
52 199 0.118811881188119
52 198 0.118811881188119
52 197 0.123762376237624
52 196 0.123762376237624
52 195 0.123762376237624
52 194 0.113861386138614
52 193 0.128712871287129
52 192 0.108910891089109
52 191 0.128712871287129
52 190 0.113861386138614
52 189 0.118811881188119
52 188 0.123762376237624
52 187 0.118811881188119
52 186 0.128712871287129
52 185 0.128712871287129
52 184 0.128712871287129
52 183 0.118811881188119
52 182 0.118811881188119
52 181 0.118811881188119
52 180 0.123762376237624
52 179 0.108910891089109
52 178 0.118811881188119
52 177 0.103960396039604
52 176 0.103960396039604
52 175 0.108910891089109
52 174 0.113861386138614
52 173 0.103960396039604
52 172 0.108910891089109
52 171 0.118811881188119
52 170 0.118811881188119
52 169 0.113861386138614
52 168 0.123762376237624
52 167 0.118811881188119
52 166 0.118811881188119
52 165 0.128712871287129
52 164 0.123762376237624
52 163 0.113861386138614
52 162 0.113861386138614
52 161 0.103960396039604
52 160 0.108910891089109
52 159 0.103960396039604
52 158 0.103960396039604
52 157 0.103960396039604
52 156 0.118811881188119
52 155 0.108910891089109
52 154 0.118811881188119
52 153 0.118811881188119
52 152 0.113861386138614
52 151 0.103960396039604
52 150 0.103960396039604
52 149 0.108910891089109
52 148 0.123762376237624
52 147 0.108910891089109
52 146 0.103960396039604
52 145 0.118811881188119
52 144 0.113861386138614
52 143 0.113861386138614
52 142 0.099009900990099
52 141 0.113861386138614
52 140 0.103960396039604
52 139 0.118811881188119
52 138 0.108910891089109
52 137 0.108910891089109
52 136 0.103960396039604
52 135 0.113861386138614
52 134 0.108910891089109
52 133 0.108910891089109
52 132 0.113861386138614
52 131 0.103960396039604
52 130 0.108910891089109
52 129 0.113861386138614
52 128 0.108910891089109
52 127 0.113861386138614
52 126 0.113861386138614
52 125 0.113861386138614
52 124 0.103960396039604
52 123 0.118811881188119
52 122 0.138613861386139
52 121 0.113861386138614
52 120 0.108910891089109
52 119 0.108910891089109
52 118 0.113861386138614
52 117 0.108910891089109
52 116 0.108910891089109
52 115 0.103960396039604
52 114 0.118811881188119
52 113 0.108910891089109
52 112 0.108910891089109
52 111 0.113861386138614
52 110 0.099009900990099
52 109 0.113861386138614
52 108 0.108910891089109
52 107 0.113861386138614
52 106 0.118811881188119
52 105 0.099009900990099
52 104 0.113861386138614
52 103 0.113861386138614
52 102 0.113861386138614
52 101 0.113861386138614
52 100 0.108910891089109
52 99 0.118811881188119
52 98 0.113861386138614
52 97 0.108910891089109
52 96 0.113861386138614
52 95 0.103960396039604
52 94 0.113861386138614
52 93 0.113861386138614
52 92 0.113861386138614
52 91 0.103960396039604
52 90 0.108910891089109
52 89 0.118811881188119
52 88 0.113861386138614
52 87 0.108910891089109
52 86 0.108910891089109
52 85 0.108910891089109
52 84 0.108910891089109
52 83 0.118811881188119
52 82 0.108910891089109
52 81 0.113861386138614
52 80 0.113861386138614
52 79 0.118811881188119
52 78 0.113861386138614
52 77 0.118811881188119
52 76 0.108910891089109
52 75 0.123762376237624
52 74 0.113861386138614
52 73 0.113861386138614
52 72 0.108910891089109
52 71 0.108910891089109
52 70 0.103960396039604
52 69 0.099009900990099
52 68 0.108910891089109
52 67 0.108910891089109
52 66 0.108910891089109
52 65 0.108910891089109
52 64 0.103960396039604
52 63 0.099009900990099
52 62 0.108910891089109
52 61 0.099009900990099
52 60 0.0940594059405941
52 59 0.113861386138614
52 58 0.108910891089109
52 57 0.103960396039604
52 56 0.103960396039604
52 55 0.108910891089109
52 54 0.0940594059405941
52 53 0.108910891089109
52 52 0.0940594059405941
52 51 0.0940594059405941
52 50 0.0891089108910891
52 49 0.0891089108910891
52 48 0.0940594059405941
52 47 0.099009900990099
52 46 0.108910891089109
52 45 0.108910891089109
52 44 0.108910891089109
52 43 0.113861386138614
52 42 0.118811881188119
52 41 0.118811881188119
52 40 0.118811881188119
52 39 0.113861386138614
52 38 0.103960396039604
52 37 0.123762376237624
52 36 0.123762376237624
52 35 0.103960396039604
52 34 0.118811881188119
52 33 0.128712871287129
52 32 0.108910891089109
52 31 0.118811881188119
52 30 0.133663366336634
52 29 0.158415841584158
52 28 0.148514851485149
52 27 0.138613861386139
52 26 0.128712871287129
52 25 0.118811881188119
52 24 0.108910891089109
52 23 0.123762376237624
52 22 0.099009900990099
52 21 0.123762376237624
52 20 0.148514851485149
52 19 0.143564356435644
52 18 0.133663366336634
52 17 0.133663366336634
52 16 0.143564356435644
52 15 0.138613861386139
52 14 0.148514851485149
52 13 0.148514851485149
52 12 0.133663366336634
52 11 0.128712871287129
52 10 0.158415841584158
52 9 0.168316831683168
52 8 0.133663366336634
52 7 0.153465346534653
52 6 0.168316831683168
52 5 0.158415841584158
52 4 0.143564356435644
52 3 0.158415841584158
52 2 0.183168316831683
52 1 0.237623762376238
