119 177555 0.212871287128713
119 17756 0.217821782178218
119 1776 0.168316831683168
119 200 0.113861386138614
119 199 0.118811881188119
119 198 0.128712871287129
119 197 0.113861386138614
119 196 0.118811881188119
119 195 0.113861386138614
119 194 0.118811881188119
119 193 0.118811881188119
119 192 0.128712871287129
119 191 0.113861386138614
119 190 0.113861386138614
119 189 0.108910891089109
119 188 0.118811881188119
119 187 0.123762376237624
119 186 0.113861386138614
119 185 0.113861386138614
119 184 0.113861386138614
119 183 0.123762376237624
119 182 0.113861386138614
119 181 0.113861386138614
119 180 0.118811881188119
119 179 0.113861386138614
119 178 0.113861386138614
119 177 0.108910891089109
119 176 0.118811881188119
119 175 0.108910891089109
119 174 0.118811881188119
119 173 0.108910891089109
119 172 0.108910891089109
119 171 0.113861386138614
119 170 0.128712871287129
119 169 0.118811881188119
119 168 0.118811881188119
119 167 0.118811881188119
119 166 0.108910891089109
119 165 0.113861386138614
119 164 0.118811881188119
119 163 0.113861386138614
119 162 0.108910891089109
119 161 0.113861386138614
119 160 0.108910891089109
119 159 0.113861386138614
119 158 0.113861386138614
119 157 0.113861386138614
119 156 0.108910891089109
119 155 0.118811881188119
119 154 0.113861386138614
119 153 0.108910891089109
119 152 0.108910891089109
119 151 0.113861386138614
119 150 0.113861386138614
119 149 0.113861386138614
119 148 0.113861386138614
119 147 0.108910891089109
119 146 0.108910891089109
119 145 0.113861386138614
119 144 0.108910891089109
119 143 0.108910891089109
119 142 0.108910891089109
119 141 0.108910891089109
119 140 0.108910891089109
119 139 0.108910891089109
119 138 0.099009900990099
119 137 0.108910891089109
119 136 0.108910891089109
119 135 0.103960396039604
119 134 0.108910891089109
119 133 0.108910891089109
119 132 0.108910891089109
119 131 0.108910891089109
119 130 0.108910891089109
119 129 0.118811881188119
119 128 0.113861386138614
119 127 0.113861386138614
119 126 0.108910891089109
119 125 0.108910891089109
119 124 0.108910891089109
119 123 0.108910891089109
119 122 0.113861386138614
119 121 0.103960396039604
119 120 0.103960396039604
119 119 0.118811881188119
119 118 0.113861386138614
119 117 0.108910891089109
119 116 0.108910891089109
119 115 0.108910891089109
119 114 0.099009900990099
119 113 0.099009900990099
119 112 0.108910891089109
119 111 0.103960396039604
119 110 0.113861386138614
119 109 0.099009900990099
119 108 0.108910891089109
119 107 0.103960396039604
119 106 0.118811881188119
119 105 0.103960396039604
119 104 0.0940594059405941
119 103 0.108910891089109
119 102 0.108910891089109
119 101 0.118811881188119
119 100 0.118811881188119
119 99 0.108910891089109
119 98 0.103960396039604
119 97 0.113861386138614
119 96 0.108910891089109
119 95 0.113861386138614
119 94 0.103960396039604
119 93 0.113861386138614
119 92 0.103960396039604
119 91 0.0940594059405941
119 90 0.103960396039604
119 89 0.099009900990099
119 88 0.108910891089109
119 87 0.113861386138614
119 86 0.108910891089109
119 85 0.118811881188119
119 84 0.118811881188119
119 83 0.108910891089109
119 82 0.103960396039604
119 81 0.113861386138614
119 80 0.113861386138614
119 79 0.108910891089109
119 78 0.108910891089109
119 77 0.103960396039604
119 76 0.103960396039604
119 75 0.108910891089109
119 74 0.108910891089109
119 73 0.103960396039604
119 72 0.103960396039604
119 71 0.113861386138614
119 70 0.103960396039604
119 69 0.0940594059405941
119 68 0.108910891089109
119 67 0.103960396039604
119 66 0.099009900990099
119 65 0.099009900990099
119 64 0.108910891089109
119 63 0.0940594059405941
119 62 0.103960396039604
119 61 0.0940594059405941
119 60 0.099009900990099
119 59 0.103960396039604
119 58 0.0841584158415842
119 57 0.0841584158415842
119 56 0.0940594059405941
119 55 0.108910891089109
119 54 0.0940594059405941
119 53 0.103960396039604
119 52 0.0841584158415842
119 51 0.099009900990099
119 50 0.108910891089109
119 49 0.108910891089109
119 48 0.113861386138614
119 47 0.123762376237624
119 46 0.113861386138614
119 45 0.118811881188119
119 44 0.108910891089109
119 43 0.113861386138614
119 42 0.113861386138614
119 41 0.108910891089109
119 40 0.113861386138614
119 39 0.103960396039604
119 38 0.113861386138614
119 37 0.103960396039604
119 36 0.108910891089109
119 35 0.118811881188119
119 34 0.108910891089109
119 33 0.108910891089109
119 32 0.108910891089109
119 31 0.099009900990099
119 30 0.103960396039604
119 29 0.103960396039604
119 28 0.118811881188119
119 27 0.0940594059405941
119 26 0.113861386138614
119 25 0.108910891089109
119 24 0.118811881188119
119 23 0.103960396039604
119 22 0.118811881188119
119 21 0.113861386138614
119 20 0.113861386138614
119 19 0.103960396039604
119 18 0.108910891089109
119 17 0.113861386138614
119 16 0.103960396039604
119 15 0.113861386138614
119 14 0.118811881188119
119 13 0.133663366336634
119 12 0.128712871287129
119 11 0.153465346534653
119 10 0.138613861386139
119 9 0.138613861386139
119 8 0.138613861386139
119 7 0.168316831683168
119 6 0.143564356435644
119 5 0.168316831683168
119 4 0.153465346534653
119 3 0.163366336633663
119 2 0.153465346534653
119 1 0.188118811881188
