53 177555 0.222772277227723
53 17756 0.207920792079208
53 1776 0.168316831683168
53 200 0.108910891089109
53 199 0.123762376237624
53 198 0.113861386138614
53 197 0.113861386138614
53 196 0.123762376237624
53 195 0.128712871287129
53 194 0.133663366336634
53 193 0.123762376237624
53 192 0.113861386138614
53 191 0.118811881188119
53 190 0.123762376237624
53 189 0.133663366336634
53 188 0.118811881188119
53 187 0.118811881188119
53 186 0.128712871287129
53 185 0.123762376237624
53 184 0.103960396039604
53 183 0.118811881188119
53 182 0.123762376237624
53 181 0.123762376237624
53 180 0.128712871287129
53 179 0.108910891089109
53 178 0.118811881188119
53 177 0.123762376237624
53 176 0.113861386138614
53 175 0.113861386138614
53 174 0.123762376237624
53 173 0.113861386138614
53 172 0.113861386138614
53 171 0.113861386138614
53 170 0.108910891089109
53 169 0.108910891089109
53 168 0.118811881188119
53 167 0.118811881188119
53 166 0.108910891089109
53 165 0.103960396039604
53 164 0.118811881188119
53 163 0.103960396039604
53 162 0.113861386138614
53 161 0.118811881188119
53 160 0.113861386138614
53 159 0.118811881188119
53 158 0.103960396039604
53 157 0.103960396039604
53 156 0.113861386138614
53 155 0.0940594059405941
53 154 0.103960396039604
53 153 0.0940594059405941
53 152 0.113861386138614
53 151 0.099009900990099
53 150 0.099009900990099
53 149 0.0940594059405941
53 148 0.113861386138614
53 147 0.103960396039604
53 146 0.108910891089109
53 145 0.099009900990099
53 144 0.0940594059405941
53 143 0.103960396039604
53 142 0.113861386138614
53 141 0.113861386138614
53 140 0.108910891089109
53 139 0.099009900990099
53 138 0.108910891089109
53 137 0.103960396039604
53 136 0.103960396039604
53 135 0.103960396039604
53 134 0.108910891089109
53 133 0.099009900990099
53 132 0.099009900990099
53 131 0.0940594059405941
53 130 0.103960396039604
53 129 0.103960396039604
53 128 0.113861386138614
53 127 0.108910891089109
53 126 0.103960396039604
53 125 0.108910891089109
53 124 0.108910891089109
53 123 0.099009900990099
53 122 0.108910891089109
53 121 0.0841584158415842
53 120 0.103960396039604
53 119 0.0940594059405941
53 118 0.099009900990099
53 117 0.108910891089109
53 116 0.103960396039604
53 115 0.099009900990099
53 114 0.099009900990099
53 113 0.0940594059405941
53 112 0.099009900990099
53 111 0.099009900990099
53 110 0.099009900990099
53 109 0.108910891089109
53 108 0.0940594059405941
53 107 0.108910891089109
53 106 0.099009900990099
53 105 0.0891089108910891
53 104 0.0841584158415842
53 103 0.0891089108910891
53 102 0.0940594059405941
53 101 0.099009900990099
53 100 0.0940594059405941
53 99 0.0940594059405941
53 98 0.113861386138614
53 97 0.0940594059405941
53 96 0.0940594059405941
53 95 0.103960396039604
53 94 0.0940594059405941
53 93 0.103960396039604
53 92 0.103960396039604
53 91 0.099009900990099
53 90 0.0940594059405941
53 89 0.099009900990099
53 88 0.099009900990099
53 87 0.0891089108910891
53 86 0.099009900990099
53 85 0.118811881188119
53 84 0.103960396039604
53 83 0.108910891089109
53 82 0.099009900990099
53 81 0.099009900990099
53 80 0.0940594059405941
53 79 0.099009900990099
53 78 0.0891089108910891
53 77 0.0841584158415842
53 76 0.0891089108910891
53 75 0.0940594059405941
53 74 0.099009900990099
53 73 0.099009900990099
53 72 0.099009900990099
53 71 0.099009900990099
53 70 0.099009900990099
53 69 0.103960396039604
53 68 0.0891089108910891
53 67 0.0792079207920792
53 66 0.0940594059405941
53 65 0.0891089108910891
53 64 0.0891089108910891
53 63 0.0841584158415842
53 62 0.0841584158415842
53 61 0.0841584158415842
53 60 0.0940594059405941
53 59 0.0841584158415842
53 58 0.0841584158415842
53 57 0.0891089108910891
53 56 0.0891089108910891
53 55 0.0940594059405941
53 54 0.0891089108910891
53 53 0.0940594059405941
53 52 0.0891089108910891
53 51 0.0792079207920792
53 50 0.099009900990099
53 49 0.099009900990099
53 48 0.103960396039604
53 47 0.113861386138614
53 46 0.103960396039604
53 45 0.103960396039604
53 44 0.0940594059405941
53 43 0.099009900990099
53 42 0.0940594059405941
53 41 0.0940594059405941
53 40 0.099009900990099
53 39 0.0891089108910891
53 38 0.0940594059405941
53 37 0.103960396039604
53 36 0.0742574257425743
53 35 0.103960396039604
53 34 0.103960396039604
53 33 0.0891089108910891
53 32 0.103960396039604
53 31 0.0940594059405941
53 30 0.103960396039604
53 29 0.0841584158415842
53 28 0.099009900990099
53 27 0.099009900990099
53 26 0.108910891089109
53 25 0.0891089108910891
53 24 0.099009900990099
53 23 0.123762376237624
53 22 0.123762376237624
53 21 0.113861386138614
53 20 0.0940594059405941
53 19 0.113861386138614
53 18 0.118811881188119
53 17 0.123762376237624
53 16 0.143564356435644
53 15 0.133663366336634
53 14 0.123762376237624
53 13 0.153465346534653
53 12 0.143564356435644
53 11 0.153465346534653
53 10 0.118811881188119
53 9 0.148514851485149
53 8 0.158415841584158
53 7 0.163366336633663
53 6 0.143564356435644
53 5 0.168316831683168
53 4 0.143564356435644
53 3 0.163366336633663
53 2 0.188118811881188
53 1 0.222772277227723
