135 177555 0.247524752475248
135 17756 0.212871287128713
135 1776 0.173267326732673
135 200 0.138613861386139
135 199 0.148514851485149
135 198 0.133663366336634
135 197 0.138613861386139
135 196 0.133663366336634
135 195 0.118811881188119
135 194 0.143564356435644
135 193 0.138613861386139
135 192 0.143564356435644
135 191 0.138613861386139
135 190 0.138613861386139
135 189 0.133663366336634
135 188 0.143564356435644
135 187 0.138613861386139
135 186 0.138613861386139
135 185 0.133663366336634
135 184 0.128712871287129
135 183 0.133663366336634
135 182 0.138613861386139
135 181 0.138613861386139
135 180 0.133663366336634
135 179 0.123762376237624
135 178 0.133663366336634
135 177 0.133663366336634
135 176 0.133663366336634
135 175 0.138613861386139
135 174 0.148514851485149
135 173 0.148514851485149
135 172 0.128712871287129
135 171 0.138613861386139
135 170 0.133663366336634
135 169 0.143564356435644
135 168 0.143564356435644
135 167 0.148514851485149
135 166 0.133663366336634
135 165 0.133663366336634
135 164 0.143564356435644
135 163 0.138613861386139
135 162 0.143564356435644
135 161 0.138613861386139
135 160 0.143564356435644
135 159 0.143564356435644
135 158 0.148514851485149
135 157 0.128712871287129
135 156 0.143564356435644
135 155 0.143564356435644
135 154 0.138613861386139
135 153 0.143564356435644
135 152 0.133663366336634
135 151 0.133663366336634
135 150 0.133663366336634
135 149 0.133663366336634
135 148 0.138613861386139
135 147 0.123762376237624
135 146 0.138613861386139
135 145 0.143564356435644
135 144 0.143564356435644
135 143 0.143564356435644
135 142 0.133663366336634
135 141 0.143564356435644
135 140 0.138613861386139
135 139 0.133663366336634
135 138 0.138613861386139
135 137 0.138613861386139
135 136 0.133663366336634
135 135 0.143564356435644
135 134 0.128712871287129
135 133 0.128712871287129
135 132 0.133663366336634
135 131 0.128712871287129
135 130 0.128712871287129
135 129 0.138613861386139
135 128 0.128712871287129
135 127 0.138613861386139
135 126 0.133663366336634
135 125 0.133663366336634
135 124 0.138613861386139
135 123 0.138613861386139
135 122 0.143564356435644
135 121 0.138613861386139
135 120 0.138613861386139
135 119 0.138613861386139
135 118 0.138613861386139
135 117 0.138613861386139
135 116 0.133663366336634
135 115 0.138613861386139
135 114 0.143564356435644
135 113 0.143564356435644
135 112 0.143564356435644
135 111 0.138613861386139
135 110 0.138613861386139
135 109 0.133663366336634
135 108 0.143564356435644
135 107 0.138613861386139
135 106 0.138613861386139
135 105 0.133663366336634
135 104 0.143564356435644
135 103 0.123762376237624
135 102 0.128712871287129
135 101 0.133663366336634
135 100 0.143564356435644
135 99 0.138613861386139
135 98 0.123762376237624
135 97 0.133663366336634
135 96 0.133663366336634
135 95 0.128712871287129
135 94 0.123762376237624
135 93 0.123762376237624
135 92 0.123762376237624
135 91 0.128712871287129
135 90 0.133663366336634
135 89 0.128712871287129
135 88 0.123762376237624
135 87 0.128712871287129
135 86 0.118811881188119
135 85 0.108910891089109
135 84 0.113861386138614
135 83 0.133663366336634
135 82 0.123762376237624
135 81 0.113861386138614
135 80 0.118811881188119
135 79 0.118811881188119
135 78 0.123762376237624
135 77 0.123762376237624
135 76 0.133663366336634
135 75 0.118811881188119
135 74 0.118811881188119
135 73 0.128712871287129
135 72 0.118811881188119
135 71 0.123762376237624
135 70 0.123762376237624
135 69 0.108910891089109
135 68 0.118811881188119
135 67 0.123762376237624
135 66 0.118811881188119
135 65 0.118811881188119
135 64 0.118811881188119
135 63 0.118811881188119
135 62 0.123762376237624
135 61 0.123762376237624
135 60 0.123762376237624
135 59 0.123762376237624
135 58 0.113861386138614
135 57 0.118811881188119
135 56 0.108910891089109
135 55 0.108910891089109
135 54 0.128712871287129
135 53 0.133663366336634
135 52 0.118811881188119
135 51 0.123762376237624
135 50 0.128712871287129
135 49 0.123762376237624
135 48 0.113861386138614
135 47 0.123762376237624
135 46 0.118811881188119
135 45 0.108910891089109
135 44 0.118811881188119
135 43 0.118811881188119
135 42 0.113861386138614
135 41 0.128712871287129
135 40 0.099009900990099
135 39 0.108910891089109
135 38 0.123762376237624
135 37 0.113861386138614
135 36 0.103960396039604
135 35 0.108910891089109
135 34 0.118811881188119
135 33 0.118811881188119
135 32 0.118811881188119
135 31 0.108910891089109
135 30 0.118811881188119
135 29 0.118811881188119
135 28 0.118811881188119
135 27 0.128712871287129
135 26 0.118811881188119
135 25 0.118811881188119
135 24 0.118811881188119
135 23 0.118811881188119
135 22 0.133663366336634
135 21 0.123762376237624
135 20 0.138613861386139
135 19 0.118811881188119
135 18 0.123762376237624
135 17 0.138613861386139
135 16 0.143564356435644
135 15 0.148514851485149
135 14 0.163366336633663
135 13 0.143564356435644
135 12 0.158415841584158
135 11 0.163366336633663
135 10 0.188118811881188
135 9 0.188118811881188
135 8 0.148514851485149
135 7 0.138613861386139
135 6 0.163366336633663
135 5 0.257425742574257
135 4 0.163366336633663
135 3 0.198019801980198
135 2 0.168316831683168
135 1 0.193069306930693
