131 177555 0.227722772277228
131 17756 0.212871287128713
131 1776 0.163366336633663
131 200 0.0940594059405941
131 199 0.113861386138614
131 198 0.108910891089109
131 197 0.118811881188119
131 196 0.113861386138614
131 195 0.113861386138614
131 194 0.113861386138614
131 193 0.108910891089109
131 192 0.113861386138614
131 191 0.113861386138614
131 190 0.108910891089109
131 189 0.103960396039604
131 188 0.118811881188119
131 187 0.108910891089109
131 186 0.099009900990099
131 185 0.108910891089109
131 184 0.103960396039604
131 183 0.113861386138614
131 182 0.099009900990099
131 181 0.103960396039604
131 180 0.108910891089109
131 179 0.108910891089109
131 178 0.103960396039604
131 177 0.108910891089109
131 176 0.113861386138614
131 175 0.113861386138614
131 174 0.113861386138614
131 173 0.099009900990099
131 172 0.103960396039604
131 171 0.099009900990099
131 170 0.099009900990099
131 169 0.103960396039604
131 168 0.113861386138614
131 167 0.099009900990099
131 166 0.123762376237624
131 165 0.103960396039604
131 164 0.099009900990099
131 163 0.099009900990099
131 162 0.113861386138614
131 161 0.108910891089109
131 160 0.103960396039604
131 159 0.099009900990099
131 158 0.118811881188119
131 157 0.113861386138614
131 156 0.113861386138614
131 155 0.113861386138614
131 154 0.103960396039604
131 153 0.113861386138614
131 152 0.099009900990099
131 151 0.113861386138614
131 150 0.103960396039604
131 149 0.108910891089109
131 148 0.103960396039604
131 147 0.108910891089109
131 146 0.108910891089109
131 145 0.108910891089109
131 144 0.103960396039604
131 143 0.103960396039604
131 142 0.113861386138614
131 141 0.108910891089109
131 140 0.099009900990099
131 139 0.103960396039604
131 138 0.103960396039604
131 137 0.103960396039604
131 136 0.103960396039604
131 135 0.108910891089109
131 134 0.099009900990099
131 133 0.0841584158415842
131 132 0.103960396039604
131 131 0.0940594059405941
131 130 0.103960396039604
131 129 0.099009900990099
131 128 0.099009900990099
131 127 0.103960396039604
131 126 0.103960396039604
131 125 0.103960396039604
131 124 0.0940594059405941
131 123 0.103960396039604
131 122 0.0940594059405941
131 121 0.0940594059405941
131 120 0.099009900990099
131 119 0.099009900990099
131 118 0.103960396039604
131 117 0.0940594059405941
131 116 0.0940594059405941
131 115 0.099009900990099
131 114 0.0940594059405941
131 113 0.0940594059405941
131 112 0.0940594059405941
131 111 0.099009900990099
131 110 0.0940594059405941
131 109 0.0940594059405941
131 108 0.099009900990099
131 107 0.0940594059405941
131 106 0.0940594059405941
131 105 0.0940594059405941
131 104 0.0940594059405941
131 103 0.099009900990099
131 102 0.0940594059405941
131 101 0.0940594059405941
131 100 0.0940594059405941
131 99 0.0940594059405941
131 98 0.0940594059405941
131 97 0.0940594059405941
131 96 0.0891089108910891
131 95 0.0940594059405941
131 94 0.0841584158415842
131 93 0.099009900990099
131 92 0.103960396039604
131 91 0.0940594059405941
131 90 0.0940594059405941
131 89 0.099009900990099
131 88 0.099009900990099
131 87 0.0940594059405941
131 86 0.0891089108910891
131 85 0.0841584158415842
131 84 0.0891089108910891
131 83 0.0891089108910891
131 82 0.0940594059405941
131 81 0.0891089108910891
131 80 0.0891089108910891
131 79 0.0940594059405941
131 78 0.099009900990099
131 77 0.0940594059405941
131 76 0.0891089108910891
131 75 0.0940594059405941
131 74 0.099009900990099
131 73 0.0891089108910891
131 72 0.0891089108910891
131 71 0.0940594059405941
131 70 0.099009900990099
131 69 0.0940594059405941
131 68 0.0891089108910891
131 67 0.0891089108910891
131 66 0.0891089108910891
131 65 0.0891089108910891
131 64 0.0940594059405941
131 63 0.0940594059405941
131 62 0.0940594059405941
131 61 0.0891089108910891
131 60 0.099009900990099
131 59 0.0891089108910891
131 58 0.099009900990099
131 57 0.0940594059405941
131 56 0.0940594059405941
131 55 0.0940594059405941
131 54 0.099009900990099
131 53 0.099009900990099
131 52 0.099009900990099
131 51 0.0940594059405941
131 50 0.0940594059405941
131 49 0.103960396039604
131 48 0.103960396039604
131 47 0.0891089108910891
131 46 0.099009900990099
131 45 0.099009900990099
131 44 0.0940594059405941
131 43 0.099009900990099
131 42 0.108910891089109
131 41 0.103960396039604
131 40 0.103960396039604
131 39 0.0940594059405941
131 38 0.0940594059405941
131 37 0.113861386138614
131 36 0.108910891089109
131 35 0.108910891089109
131 34 0.0940594059405941
131 33 0.099009900990099
131 32 0.103960396039604
131 31 0.0891089108910891
131 30 0.103960396039604
131 29 0.099009900990099
131 28 0.099009900990099
131 27 0.103960396039604
131 26 0.103960396039604
131 25 0.103960396039604
131 24 0.0940594059405941
131 23 0.0742574257425743
131 22 0.0792079207920792
131 21 0.0841584158415842
131 20 0.0792079207920792
131 19 0.103960396039604
131 18 0.0940594059405941
131 17 0.0742574257425743
131 16 0.0792079207920792
131 15 0.0891089108910891
131 14 0.099009900990099
131 13 0.108910891089109
131 12 0.0792079207920792
131 11 0.128712871287129
131 10 0.138613861386139
131 9 0.138613861386139
131 8 0.128712871287129
131 7 0.188118811881188
131 6 0.232673267326733
131 5 0.153465346534653
131 4 0.158415841584158
131 3 0.168316831683168
131 2 0.143564356435644
131 1 0.222772277227723
