77 177555 0.227722772277228
77 17756 0.188118811881188
77 1776 0.158415841584158
77 200 0.113861386138614
77 199 0.108910891089109
77 198 0.108910891089109
77 197 0.103960396039604
77 196 0.108910891089109
77 195 0.108910891089109
77 194 0.113861386138614
77 193 0.113861386138614
77 192 0.103960396039604
77 191 0.103960396039604
77 190 0.108910891089109
77 189 0.103960396039604
77 188 0.108910891089109
77 187 0.103960396039604
77 186 0.108910891089109
77 185 0.103960396039604
77 184 0.108910891089109
77 183 0.0940594059405941
77 182 0.0940594059405941
77 181 0.099009900990099
77 180 0.099009900990099
77 179 0.099009900990099
77 178 0.103960396039604
77 177 0.099009900990099
77 176 0.108910891089109
77 175 0.099009900990099
77 174 0.103960396039604
77 173 0.108910891089109
77 172 0.099009900990099
77 171 0.099009900990099
77 170 0.099009900990099
77 169 0.103960396039604
77 168 0.0940594059405941
77 167 0.103960396039604
77 166 0.099009900990099
77 165 0.0940594059405941
77 164 0.103960396039604
77 163 0.108910891089109
77 162 0.099009900990099
77 161 0.099009900990099
77 160 0.0940594059405941
77 159 0.103960396039604
77 158 0.108910891089109
77 157 0.108910891089109
77 156 0.0940594059405941
77 155 0.0940594059405941
77 154 0.108910891089109
77 153 0.0940594059405941
77 152 0.0940594059405941
77 151 0.099009900990099
77 150 0.108910891089109
77 149 0.103960396039604
77 148 0.0940594059405941
77 147 0.099009900990099
77 146 0.0891089108910891
77 145 0.0891089108910891
77 144 0.0841584158415842
77 143 0.0940594059405941
77 142 0.099009900990099
77 141 0.0841584158415842
77 140 0.0841584158415842
77 139 0.0891089108910891
77 138 0.0891089108910891
77 137 0.099009900990099
77 136 0.0891089108910891
77 135 0.0891089108910891
77 134 0.099009900990099
77 133 0.0940594059405941
77 132 0.0841584158415842
77 131 0.0891089108910891
77 130 0.0891089108910891
77 129 0.0891089108910891
77 128 0.0792079207920792
77 127 0.0841584158415842
77 126 0.0891089108910891
77 125 0.0792079207920792
77 124 0.0940594059405941
77 123 0.0841584158415842
77 122 0.0841584158415842
77 121 0.0841584158415842
77 120 0.0891089108910891
77 119 0.0792079207920792
77 118 0.0841584158415842
77 117 0.0841584158415842
77 116 0.0841584158415842
77 115 0.0841584158415842
77 114 0.0891089108910891
77 113 0.0891089108910891
77 112 0.0841584158415842
77 111 0.0792079207920792
77 110 0.0841584158415842
77 109 0.0841584158415842
77 108 0.0891089108910891
77 107 0.0891089108910891
77 106 0.0891089108910891
77 105 0.0841584158415842
77 104 0.0792079207920792
77 103 0.0841584158415842
77 102 0.0841584158415842
77 101 0.0841584158415842
77 100 0.0841584158415842
77 99 0.0792079207920792
77 98 0.0841584158415842
77 97 0.0841584158415842
77 96 0.0841584158415842
77 95 0.0891089108910891
77 94 0.0841584158415842
77 93 0.0940594059405941
77 92 0.0891089108910891
77 91 0.0841584158415842
77 90 0.0841584158415842
77 89 0.0940594059405941
77 88 0.0891089108910891
77 87 0.0940594059405941
77 86 0.0841584158415842
77 85 0.0940594059405941
77 84 0.0891089108910891
77 83 0.0841584158415842
77 82 0.0841584158415842
77 81 0.0891089108910891
77 80 0.0891089108910891
77 79 0.0891089108910891
77 78 0.0841584158415842
77 77 0.0940594059405941
77 76 0.0792079207920792
77 75 0.0891089108910891
77 74 0.0841584158415842
77 73 0.0940594059405941
77 72 0.0792079207920792
77 71 0.0891089108910891
77 70 0.099009900990099
77 69 0.113861386138614
77 68 0.0891089108910891
77 67 0.0891089108910891
77 66 0.108910891089109
77 65 0.0940594059405941
77 64 0.108910891089109
77 63 0.103960396039604
77 62 0.099009900990099
77 61 0.0940594059405941
77 60 0.108910891089109
77 59 0.0940594059405941
77 58 0.099009900990099
77 57 0.0940594059405941
77 56 0.103960396039604
77 55 0.099009900990099
77 54 0.0940594059405941
77 53 0.103960396039604
77 52 0.103960396039604
77 51 0.103960396039604
77 50 0.0891089108910891
77 49 0.0940594059405941
77 48 0.103960396039604
77 47 0.0940594059405941
77 46 0.0891089108910891
77 45 0.108910891089109
77 44 0.0841584158415842
77 43 0.099009900990099
77 42 0.103960396039604
77 41 0.113861386138614
77 40 0.099009900990099
77 39 0.108910891089109
77 38 0.103960396039604
77 37 0.099009900990099
77 36 0.113861386138614
77 35 0.099009900990099
77 34 0.118811881188119
77 33 0.113861386138614
77 32 0.103960396039604
77 31 0.0891089108910891
77 30 0.103960396039604
77 29 0.103960396039604
77 28 0.0940594059405941
77 27 0.113861386138614
77 26 0.108910891089109
77 25 0.108910891089109
77 24 0.113861386138614
77 23 0.128712871287129
77 22 0.099009900990099
77 21 0.103960396039604
77 20 0.128712871287129
77 19 0.108910891089109
77 18 0.099009900990099
77 17 0.0841584158415842
77 16 0.123762376237624
77 15 0.108910891089109
77 14 0.0891089108910891
77 13 0.108910891089109
77 12 0.118811881188119
77 11 0.113861386138614
77 10 0.103960396039604
77 9 0.108910891089109
77 8 0.148514851485149
77 7 0.183168316831683
77 6 0.163366336633663
77 5 0.148514851485149
77 4 0.128712871287129
77 3 0.257425742574257
77 2 0.183168316831683
77 1 0.202970297029703
