103 177555 0.257425742574257
103 17756 0.212871287128713
103 1776 0.173267326732673
103 200 0.128712871287129
103 199 0.128712871287129
103 198 0.123762376237624
103 197 0.143564356435644
103 196 0.133663366336634
103 195 0.133663366336634
103 194 0.128712871287129
103 193 0.133663366336634
103 192 0.133663366336634
103 191 0.133663366336634
103 190 0.133663366336634
103 189 0.133663366336634
103 188 0.138613861386139
103 187 0.133663366336634
103 186 0.138613861386139
103 185 0.133663366336634
103 184 0.128712871287129
103 183 0.123762376237624
103 182 0.138613861386139
103 181 0.128712871287129
103 180 0.138613861386139
103 179 0.123762376237624
103 178 0.123762376237624
103 177 0.148514851485149
103 176 0.128712871287129
103 175 0.133663366336634
103 174 0.138613861386139
103 173 0.123762376237624
103 172 0.123762376237624
103 171 0.133663366336634
103 170 0.128712871287129
103 169 0.138613861386139
103 168 0.128712871287129
103 167 0.118811881188119
103 166 0.128712871287129
103 165 0.128712871287129
103 164 0.138613861386139
103 163 0.123762376237624
103 162 0.123762376237624
103 161 0.133663366336634
103 160 0.123762376237624
103 159 0.123762376237624
103 158 0.118811881188119
103 157 0.113861386138614
103 156 0.118811881188119
103 155 0.123762376237624
103 154 0.113861386138614
103 153 0.118811881188119
103 152 0.113861386138614
103 151 0.123762376237624
103 150 0.123762376237624
103 149 0.118811881188119
103 148 0.108910891089109
103 147 0.118811881188119
103 146 0.123762376237624
103 145 0.118811881188119
103 144 0.133663366336634
103 143 0.118811881188119
103 142 0.108910891089109
103 141 0.113861386138614
103 140 0.113861386138614
103 139 0.118811881188119
103 138 0.118811881188119
103 137 0.113861386138614
103 136 0.113861386138614
103 135 0.113861386138614
103 134 0.113861386138614
103 133 0.113861386138614
103 132 0.118811881188119
103 131 0.113861386138614
103 130 0.113861386138614
103 129 0.123762376237624
103 128 0.123762376237624
103 127 0.118811881188119
103 126 0.108910891089109
103 125 0.113861386138614
103 124 0.118811881188119
103 123 0.123762376237624
103 122 0.108910891089109
103 121 0.113861386138614
103 120 0.108910891089109
103 119 0.118811881188119
103 118 0.108910891089109
103 117 0.118811881188119
103 116 0.113861386138614
103 115 0.113861386138614
103 114 0.118811881188119
103 113 0.123762376237624
103 112 0.123762376237624
103 111 0.123762376237624
103 110 0.128712871287129
103 109 0.128712871287129
103 108 0.118811881188119
103 107 0.133663366336634
103 106 0.128712871287129
103 105 0.118811881188119
103 104 0.123762376237624
103 103 0.128712871287129
103 102 0.113861386138614
103 101 0.128712871287129
103 100 0.128712871287129
103 99 0.113861386138614
103 98 0.128712871287129
103 97 0.113861386138614
103 96 0.123762376237624
103 95 0.128712871287129
103 94 0.123762376237624
103 93 0.123762376237624
103 92 0.123762376237624
103 91 0.128712871287129
103 90 0.123762376237624
103 89 0.123762376237624
103 88 0.118811881188119
103 87 0.128712871287129
103 86 0.118811881188119
103 85 0.113861386138614
103 84 0.108910891089109
103 83 0.108910891089109
103 82 0.113861386138614
103 81 0.128712871287129
103 80 0.128712871287129
103 79 0.118811881188119
103 78 0.118811881188119
103 77 0.133663366336634
103 76 0.118811881188119
103 75 0.118811881188119
103 74 0.118811881188119
103 73 0.128712871287129
103 72 0.133663366336634
103 71 0.123762376237624
103 70 0.118811881188119
103 69 0.123762376237624
103 68 0.113861386138614
103 67 0.108910891089109
103 66 0.118811881188119
103 65 0.113861386138614
103 64 0.118811881188119
103 63 0.118811881188119
103 62 0.123762376237624
103 61 0.113861386138614
103 60 0.118811881188119
103 59 0.118811881188119
103 58 0.133663366336634
103 57 0.128712871287129
103 56 0.128712871287129
103 55 0.123762376237624
103 54 0.123762376237624
103 53 0.108910891089109
103 52 0.113861386138614
103 51 0.108910891089109
103 50 0.103960396039604
103 49 0.108910891089109
103 48 0.123762376237624
103 47 0.113861386138614
103 46 0.113861386138614
103 45 0.113861386138614
103 44 0.113861386138614
103 43 0.123762376237624
103 42 0.118811881188119
103 41 0.108910891089109
103 40 0.113861386138614
103 39 0.103960396039604
103 38 0.118811881188119
103 37 0.108910891089109
103 36 0.108910891089109
103 35 0.113861386138614
103 34 0.103960396039604
103 33 0.128712871287129
103 32 0.103960396039604
103 31 0.103960396039604
103 30 0.108910891089109
103 29 0.123762376237624
103 28 0.138613861386139
103 27 0.123762376237624
103 26 0.118811881188119
103 25 0.138613861386139
103 24 0.133663366336634
103 23 0.138613861386139
103 22 0.123762376237624
103 21 0.118811881188119
103 20 0.148514851485149
103 19 0.118811881188119
103 18 0.133663366336634
103 17 0.138613861386139
103 16 0.113861386138614
103 15 0.113861386138614
103 14 0.148514851485149
103 13 0.133663366336634
103 12 0.153465346534653
103 11 0.128712871287129
103 10 0.133663366336634
103 9 0.133663366336634
103 8 0.143564356435644
103 7 0.163366336633663
103 6 0.138613861386139
103 5 0.168316831683168
103 4 0.163366336633663
103 3 0.148514851485149
103 2 0.198019801980198
103 1 0.217821782178218
