127 177555 0.237623762376238
127 17756 0.212871287128713
127 1776 0.158415841584158
127 200 0.108910891089109
127 199 0.108910891089109
127 198 0.108910891089109
127 197 0.103960396039604
127 196 0.0940594059405941
127 195 0.103960396039604
127 194 0.113861386138614
127 193 0.099009900990099
127 192 0.099009900990099
127 191 0.103960396039604
127 190 0.108910891089109
127 189 0.108910891089109
127 188 0.108910891089109
127 187 0.108910891089109
127 186 0.108910891089109
127 185 0.0940594059405941
127 184 0.099009900990099
127 183 0.108910891089109
127 182 0.108910891089109
127 181 0.103960396039604
127 180 0.0940594059405941
127 179 0.099009900990099
127 178 0.099009900990099
127 177 0.099009900990099
127 176 0.108910891089109
127 175 0.108910891089109
127 174 0.0940594059405941
127 173 0.099009900990099
127 172 0.099009900990099
127 171 0.099009900990099
127 170 0.099009900990099
127 169 0.108910891089109
127 168 0.0940594059405941
127 167 0.099009900990099
127 166 0.103960396039604
127 165 0.0940594059405941
127 164 0.103960396039604
127 163 0.099009900990099
127 162 0.0940594059405941
127 161 0.103960396039604
127 160 0.103960396039604
127 159 0.099009900990099
127 158 0.0891089108910891
127 157 0.099009900990099
127 156 0.103960396039604
127 155 0.099009900990099
127 154 0.0940594059405941
127 153 0.0940594059405941
127 152 0.0891089108910891
127 151 0.099009900990099
127 150 0.099009900990099
127 149 0.099009900990099
127 148 0.0940594059405941
127 147 0.099009900990099
127 146 0.099009900990099
127 145 0.103960396039604
127 144 0.0841584158415842
127 143 0.0891089108910891
127 142 0.103960396039604
127 141 0.113861386138614
127 140 0.0940594059405941
127 139 0.0940594059405941
127 138 0.099009900990099
127 137 0.099009900990099
127 136 0.103960396039604
127 135 0.0891089108910891
127 134 0.0940594059405941
127 133 0.108910891089109
127 132 0.0940594059405941
127 131 0.099009900990099
127 130 0.099009900990099
127 129 0.108910891089109
127 128 0.099009900990099
127 127 0.0940594059405941
127 126 0.099009900990099
127 125 0.0940594059405941
127 124 0.0891089108910891
127 123 0.0940594059405941
127 122 0.108910891089109
127 121 0.0940594059405941
127 120 0.099009900990099
127 119 0.103960396039604
127 118 0.099009900990099
127 117 0.099009900990099
127 116 0.0940594059405941
127 115 0.108910891089109
127 114 0.0940594059405941
127 113 0.099009900990099
127 112 0.0891089108910891
127 111 0.103960396039604
127 110 0.099009900990099
127 109 0.0940594059405941
127 108 0.0940594059405941
127 107 0.0940594059405941
127 106 0.0940594059405941
127 105 0.0841584158415842
127 104 0.103960396039604
127 103 0.103960396039604
127 102 0.108910891089109
127 101 0.0940594059405941
127 100 0.0792079207920792
127 99 0.099009900990099
127 98 0.103960396039604
127 97 0.0891089108910891
127 96 0.0891089108910891
127 95 0.0891089108910891
127 94 0.0792079207920792
127 93 0.0841584158415842
127 92 0.0891089108910891
127 91 0.0940594059405941
127 90 0.0792079207920792
127 89 0.0891089108910891
127 88 0.103960396039604
127 87 0.0792079207920792
127 86 0.0841584158415842
127 85 0.0792079207920792
127 84 0.0742574257425743
127 83 0.0891089108910891
127 82 0.0792079207920792
127 81 0.0742574257425743
127 80 0.099009900990099
127 79 0.0940594059405941
127 78 0.0891089108910891
127 77 0.0841584158415842
127 76 0.0742574257425743
127 75 0.0891089108910891
127 74 0.0841584158415842
127 73 0.0940594059405941
127 72 0.0940594059405941
127 71 0.0940594059405941
127 70 0.099009900990099
127 69 0.099009900990099
127 68 0.0891089108910891
127 67 0.0841584158415842
127 66 0.103960396039604
127 65 0.099009900990099
127 64 0.0891089108910891
127 63 0.099009900990099
127 62 0.0841584158415842
127 61 0.0841584158415842
127 60 0.0891089108910891
127 59 0.0940594059405941
127 58 0.099009900990099
127 57 0.0940594059405941
127 56 0.0792079207920792
127 55 0.0792079207920792
127 54 0.0940594059405941
127 53 0.0742574257425743
127 52 0.0841584158415842
127 51 0.0792079207920792
127 50 0.0841584158415842
127 49 0.0742574257425743
127 48 0.0841584158415842
127 47 0.0693069306930693
127 46 0.0742574257425743
127 45 0.0891089108910891
127 44 0.0841584158415842
127 43 0.0891089108910891
127 42 0.0891089108910891
127 41 0.099009900990099
127 40 0.0891089108910891
127 39 0.0841584158415842
127 38 0.0891089108910891
127 37 0.108910891089109
127 36 0.0891089108910891
127 35 0.0891089108910891
127 34 0.0940594059405941
127 33 0.118811881188119
127 32 0.108910891089109
127 31 0.108910891089109
127 30 0.108910891089109
127 29 0.113861386138614
127 28 0.113861386138614
127 27 0.123762376237624
127 26 0.118811881188119
127 25 0.128712871287129
127 24 0.138613861386139
127 23 0.113861386138614
127 22 0.118811881188119
127 21 0.108910891089109
127 20 0.113861386138614
127 19 0.118811881188119
127 18 0.133663366336634
127 17 0.113861386138614
127 16 0.118811881188119
127 15 0.118811881188119
127 14 0.123762376237624
127 13 0.133663366336634
127 12 0.133663366336634
127 11 0.143564356435644
127 10 0.173267326732673
127 9 0.163366336633663
127 8 0.178217821782178
127 7 0.202970297029703
127 6 0.158415841584158
127 5 0.148514851485149
127 4 0.153465346534653
127 3 0.138613861386139
127 2 0.148514851485149
127 1 0.183168316831683
