68 177555 0.247524752475248
68 17756 0.217821782178218
68 1776 0.163366336633663
68 200 0.118811881188119
68 199 0.118811881188119
68 198 0.123762376237624
68 197 0.118811881188119
68 196 0.108910891089109
68 195 0.108910891089109
68 194 0.113861386138614
68 193 0.118811881188119
68 192 0.118811881188119
68 191 0.113861386138614
68 190 0.108910891089109
68 189 0.108910891089109
68 188 0.118811881188119
68 187 0.113861386138614
68 186 0.108910891089109
68 185 0.113861386138614
68 184 0.113861386138614
68 183 0.108910891089109
68 182 0.113861386138614
68 181 0.108910891089109
68 180 0.118811881188119
68 179 0.108910891089109
68 178 0.108910891089109
68 177 0.108910891089109
68 176 0.113861386138614
68 175 0.113861386138614
68 174 0.113861386138614
68 173 0.118811881188119
68 172 0.108910891089109
68 171 0.113861386138614
68 170 0.108910891089109
68 169 0.108910891089109
68 168 0.103960396039604
68 167 0.103960396039604
68 166 0.108910891089109
68 165 0.108910891089109
68 164 0.108910891089109
68 163 0.108910891089109
68 162 0.113861386138614
68 161 0.099009900990099
68 160 0.108910891089109
68 159 0.103960396039604
68 158 0.108910891089109
68 157 0.103960396039604
68 156 0.113861386138614
68 155 0.118811881188119
68 154 0.108910891089109
68 153 0.108910891089109
68 152 0.103960396039604
68 151 0.103960396039604
68 150 0.113861386138614
68 149 0.108910891089109
68 148 0.108910891089109
68 147 0.108910891089109
68 146 0.103960396039604
68 145 0.113861386138614
68 144 0.108910891089109
68 143 0.113861386138614
68 142 0.108910891089109
68 141 0.103960396039604
68 140 0.108910891089109
68 139 0.099009900990099
68 138 0.108910891089109
68 137 0.113861386138614
68 136 0.103960396039604
68 135 0.099009900990099
68 134 0.103960396039604
68 133 0.108910891089109
68 132 0.103960396039604
68 131 0.118811881188119
68 130 0.099009900990099
68 129 0.099009900990099
68 128 0.0940594059405941
68 127 0.108910891089109
68 126 0.099009900990099
68 125 0.113861386138614
68 124 0.103960396039604
68 123 0.103960396039604
68 122 0.103960396039604
68 121 0.103960396039604
68 120 0.0940594059405941
68 119 0.103960396039604
68 118 0.099009900990099
68 117 0.099009900990099
68 116 0.0940594059405941
68 115 0.103960396039604
68 114 0.099009900990099
68 113 0.099009900990099
68 112 0.0940594059405941
68 111 0.0940594059405941
68 110 0.0940594059405941
68 109 0.0940594059405941
68 108 0.099009900990099
68 107 0.0940594059405941
68 106 0.0940594059405941
68 105 0.099009900990099
68 104 0.099009900990099
68 103 0.099009900990099
68 102 0.0940594059405941
68 101 0.103960396039604
68 100 0.0891089108910891
68 99 0.108910891089109
68 98 0.0940594059405941
68 97 0.0940594059405941
68 96 0.0891089108910891
68 95 0.0940594059405941
68 94 0.0940594059405941
68 93 0.0841584158415842
68 92 0.0891089108910891
68 91 0.0891089108910891
68 90 0.0940594059405941
68 89 0.103960396039604
68 88 0.0940594059405941
68 87 0.0891089108910891
68 86 0.0940594059405941
68 85 0.0940594059405941
68 84 0.0891089108910891
68 83 0.0891089108910891
68 82 0.0891089108910891
68 81 0.0891089108910891
68 80 0.0940594059405941
68 79 0.0940594059405941
68 78 0.099009900990099
68 77 0.0891089108910891
68 76 0.099009900990099
68 75 0.0940594059405941
68 74 0.0940594059405941
68 73 0.099009900990099
68 72 0.099009900990099
68 71 0.0940594059405941
68 70 0.0891089108910891
68 69 0.0940594059405941
68 68 0.0940594059405941
68 67 0.103960396039604
68 66 0.103960396039604
68 65 0.099009900990099
68 64 0.103960396039604
68 63 0.103960396039604
68 62 0.108910891089109
68 61 0.113861386138614
68 60 0.108910891089109
68 59 0.113861386138614
68 58 0.108910891089109
68 57 0.103960396039604
68 56 0.0940594059405941
68 55 0.103960396039604
68 54 0.099009900990099
68 53 0.099009900990099
68 52 0.099009900990099
68 51 0.0891089108910891
68 50 0.0891089108910891
68 49 0.0940594059405941
68 48 0.0940594059405941
68 47 0.099009900990099
68 46 0.0841584158415842
68 45 0.0891089108910891
68 44 0.0891089108910891
68 43 0.0940594059405941
68 42 0.0940594059405941
68 41 0.099009900990099
68 40 0.099009900990099
68 39 0.103960396039604
68 38 0.0940594059405941
68 37 0.108910891089109
68 36 0.099009900990099
68 35 0.099009900990099
68 34 0.108910891089109
68 33 0.103960396039604
68 32 0.0940594059405941
68 31 0.108910891089109
68 30 0.103960396039604
68 29 0.108910891089109
68 28 0.103960396039604
68 27 0.113861386138614
68 26 0.103960396039604
68 25 0.103960396039604
68 24 0.108910891089109
68 23 0.118811881188119
68 22 0.0940594059405941
68 21 0.123762376237624
68 20 0.099009900990099
68 19 0.128712871287129
68 18 0.103960396039604
68 17 0.143564356435644
68 16 0.118811881188119
68 15 0.128712871287129
68 14 0.108910891089109
68 13 0.118811881188119
68 12 0.113861386138614
68 11 0.133663366336634
68 10 0.099009900990099
68 9 0.138613861386139
68 8 0.133663366336634
68 7 0.148514851485149
68 6 0.178217821782178
68 5 0.138613861386139
68 4 0.232673267326733
68 3 0.173267326732673
68 2 0.178217821782178
68 1 0.207920792079208
