163 177555 0.242574257425743
163 17756 0.202970297029703
163 1776 0.168316831683168
163 200 0.128712871287129
163 199 0.118811881188119
163 198 0.118811881188119
163 197 0.118811881188119
163 196 0.108910891089109
163 195 0.113861386138614
163 194 0.118811881188119
163 193 0.118811881188119
163 192 0.113861386138614
163 191 0.118811881188119
163 190 0.123762376237624
163 189 0.123762376237624
163 188 0.118811881188119
163 187 0.113861386138614
163 186 0.123762376237624
163 185 0.113861386138614
163 184 0.113861386138614
163 183 0.118811881188119
163 182 0.113861386138614
163 181 0.113861386138614
163 180 0.108910891089109
163 179 0.108910891089109
163 178 0.108910891089109
163 177 0.113861386138614
163 176 0.103960396039604
163 175 0.108910891089109
163 174 0.113861386138614
163 173 0.113861386138614
163 172 0.118811881188119
163 171 0.113861386138614
163 170 0.123762376237624
163 169 0.103960396039604
163 168 0.103960396039604
163 167 0.108910891089109
163 166 0.113861386138614
163 165 0.108910891089109
163 164 0.108910891089109
163 163 0.113861386138614
163 162 0.123762376237624
163 161 0.108910891089109
163 160 0.108910891089109
163 159 0.113861386138614
163 158 0.113861386138614
163 157 0.113861386138614
163 156 0.108910891089109
163 155 0.103960396039604
163 154 0.103960396039604
163 153 0.108910891089109
163 152 0.113861386138614
163 151 0.118811881188119
163 150 0.108910891089109
163 149 0.103960396039604
163 148 0.113861386138614
163 147 0.113861386138614
163 146 0.113861386138614
163 145 0.118811881188119
163 144 0.103960396039604
163 143 0.108910891089109
163 142 0.108910891089109
163 141 0.113861386138614
163 140 0.108910891089109
163 139 0.118811881188119
163 138 0.108910891089109
163 137 0.108910891089109
163 136 0.113861386138614
163 135 0.118811881188119
163 134 0.108910891089109
163 133 0.103960396039604
163 132 0.099009900990099
163 131 0.118811881188119
163 130 0.113861386138614
163 129 0.099009900990099
163 128 0.113861386138614
163 127 0.113861386138614
163 126 0.113861386138614
163 125 0.113861386138614
163 124 0.099009900990099
163 123 0.108910891089109
163 122 0.0940594059405941
163 121 0.113861386138614
163 120 0.118811881188119
163 119 0.118811881188119
163 118 0.123762376237624
163 117 0.118811881188119
163 116 0.103960396039604
163 115 0.108910891089109
163 114 0.113861386138614
163 113 0.118811881188119
163 112 0.113861386138614
163 111 0.108910891089109
163 110 0.108910891089109
163 109 0.108910891089109
163 108 0.103960396039604
163 107 0.108910891089109
163 106 0.113861386138614
163 105 0.103960396039604
163 104 0.113861386138614
163 103 0.113861386138614
163 102 0.113861386138614
163 101 0.113861386138614
163 100 0.113861386138614
163 99 0.123762376237624
163 98 0.113861386138614
163 97 0.118811881188119
163 96 0.113861386138614
163 95 0.118811881188119
163 94 0.113861386138614
163 93 0.113861386138614
163 92 0.113861386138614
163 91 0.103960396039604
163 90 0.113861386138614
163 89 0.113861386138614
163 88 0.103960396039604
163 87 0.099009900990099
163 86 0.108910891089109
163 85 0.118811881188119
163 84 0.103960396039604
163 83 0.108910891089109
163 82 0.108910891089109
163 81 0.113861386138614
163 80 0.118811881188119
163 79 0.118811881188119
163 78 0.108910891089109
163 77 0.113861386138614
163 76 0.118811881188119
163 75 0.099009900990099
163 74 0.113861386138614
163 73 0.103960396039604
163 72 0.108910891089109
163 71 0.108910891089109
163 70 0.113861386138614
163 69 0.108910891089109
163 68 0.103960396039604
163 67 0.108910891089109
163 66 0.108910891089109
163 65 0.108910891089109
163 64 0.099009900990099
163 63 0.0891089108910891
163 62 0.103960396039604
163 61 0.103960396039604
163 60 0.103960396039604
163 59 0.108910891089109
163 58 0.108910891089109
163 57 0.0940594059405941
163 56 0.103960396039604
163 55 0.0940594059405941
163 54 0.099009900990099
163 53 0.108910891089109
163 52 0.0940594059405941
163 51 0.0940594059405941
163 50 0.0891089108910891
163 49 0.0940594059405941
163 48 0.103960396039604
163 47 0.099009900990099
163 46 0.099009900990099
163 45 0.0940594059405941
163 44 0.0940594059405941
163 43 0.0841584158415842
163 42 0.0940594059405941
163 41 0.0940594059405941
163 40 0.0792079207920792
163 39 0.0792079207920792
163 38 0.099009900990099
163 37 0.0792079207920792
163 36 0.0792079207920792
163 35 0.0891089108910891
163 34 0.0792079207920792
163 33 0.0891089108910891
163 32 0.0792079207920792
163 31 0.0792079207920792
163 30 0.0891089108910891
163 29 0.0742574257425743
163 28 0.0891089108910891
163 27 0.0891089108910891
163 26 0.099009900990099
163 25 0.103960396039604
163 24 0.0891089108910891
163 23 0.0940594059405941
163 22 0.0891089108910891
163 21 0.0891089108910891
163 20 0.0940594059405941
163 19 0.099009900990099
163 18 0.0693069306930693
163 17 0.0841584158415842
163 16 0.0693069306930693
163 15 0.0742574257425743
163 14 0.0792079207920792
163 13 0.0940594059405941
163 12 0.0940594059405941
163 11 0.0792079207920792
163 10 0.103960396039604
163 9 0.108910891089109
163 8 0.108910891089109
163 7 0.113861386138614
163 6 0.113861386138614
163 5 0.153465346534653
163 4 0.138613861386139
163 3 0.173267326732673
163 2 0.183168316831683
163 1 0.277227722772277
