112 177555 0.247524752475248
112 17756 0.227722772277228
112 1776 0.178217821782178
112 200 0.133663366336634
112 199 0.113861386138614
112 198 0.123762376237624
112 197 0.118811881188119
112 196 0.123762376237624
112 195 0.113861386138614
112 194 0.123762376237624
112 193 0.113861386138614
112 192 0.128712871287129
112 191 0.113861386138614
112 190 0.108910891089109
112 189 0.103960396039604
112 188 0.123762376237624
112 187 0.099009900990099
112 186 0.123762376237624
112 185 0.113861386138614
112 184 0.118811881188119
112 183 0.113861386138614
112 182 0.113861386138614
112 181 0.099009900990099
112 180 0.108910891089109
112 179 0.123762376237624
112 178 0.103960396039604
112 177 0.108910891089109
112 176 0.108910891089109
112 175 0.118811881188119
112 174 0.103960396039604
112 173 0.108910891089109
112 172 0.108910891089109
112 171 0.123762376237624
112 170 0.118811881188119
112 169 0.108910891089109
112 168 0.108910891089109
112 167 0.108910891089109
112 166 0.103960396039604
112 165 0.103960396039604
112 164 0.103960396039604
112 163 0.108910891089109
112 162 0.108910891089109
112 161 0.108910891089109
112 160 0.103960396039604
112 159 0.113861386138614
112 158 0.099009900990099
112 157 0.103960396039604
112 156 0.113861386138614
112 155 0.0940594059405941
112 154 0.108910891089109
112 153 0.103960396039604
112 152 0.103960396039604
112 151 0.099009900990099
112 150 0.103960396039604
112 149 0.0891089108910891
112 148 0.099009900990099
112 147 0.103960396039604
112 146 0.099009900990099
112 145 0.108910891089109
112 144 0.103960396039604
112 143 0.103960396039604
112 142 0.103960396039604
112 141 0.108910891089109
112 140 0.103960396039604
112 139 0.0891089108910891
112 138 0.0891089108910891
112 137 0.099009900990099
112 136 0.108910891089109
112 135 0.103960396039604
112 134 0.099009900990099
112 133 0.103960396039604
112 132 0.099009900990099
112 131 0.103960396039604
112 130 0.099009900990099
112 129 0.0940594059405941
112 128 0.108910891089109
112 127 0.099009900990099
112 126 0.103960396039604
112 125 0.099009900990099
112 124 0.113861386138614
112 123 0.099009900990099
112 122 0.108910891089109
112 121 0.099009900990099
112 120 0.099009900990099
112 119 0.0940594059405941
112 118 0.099009900990099
112 117 0.099009900990099
112 116 0.0841584158415842
112 115 0.099009900990099
112 114 0.0841584158415842
112 113 0.0940594059405941
112 112 0.0792079207920792
112 111 0.0891089108910891
112 110 0.103960396039604
112 109 0.0891089108910891
112 108 0.0940594059405941
112 107 0.103960396039604
112 106 0.099009900990099
112 105 0.0940594059405941
112 104 0.099009900990099
112 103 0.103960396039604
112 102 0.0891089108910891
112 101 0.0940594059405941
112 100 0.0940594059405941
112 99 0.0891089108910891
112 98 0.108910891089109
112 97 0.099009900990099
112 96 0.099009900990099
112 95 0.099009900990099
112 94 0.099009900990099
112 93 0.103960396039604
112 92 0.099009900990099
112 91 0.103960396039604
112 90 0.103960396039604
112 89 0.108910891089109
112 88 0.099009900990099
112 87 0.099009900990099
112 86 0.113861386138614
112 85 0.103960396039604
112 84 0.108910891089109
112 83 0.099009900990099
112 82 0.099009900990099
112 81 0.0891089108910891
112 80 0.0940594059405941
112 79 0.103960396039604
112 78 0.113861386138614
112 77 0.103960396039604
112 76 0.103960396039604
112 75 0.108910891089109
112 74 0.113861386138614
112 73 0.113861386138614
112 72 0.103960396039604
112 71 0.108910891089109
112 70 0.103960396039604
112 69 0.103960396039604
112 68 0.103960396039604
112 67 0.0940594059405941
112 66 0.113861386138614
112 65 0.113861386138614
112 64 0.0792079207920792
112 63 0.103960396039604
112 62 0.113861386138614
112 61 0.108910891089109
112 60 0.108910891089109
112 59 0.108910891089109
112 58 0.103960396039604
112 57 0.118811881188119
112 56 0.103960396039604
112 55 0.0940594059405941
112 54 0.103960396039604
112 53 0.099009900990099
112 52 0.108910891089109
112 51 0.099009900990099
112 50 0.103960396039604
112 49 0.108910891089109
112 48 0.108910891089109
112 47 0.103960396039604
112 46 0.118811881188119
112 45 0.118811881188119
112 44 0.103960396039604
112 43 0.103960396039604
112 42 0.103960396039604
112 41 0.108910891089109
112 40 0.099009900990099
112 39 0.133663366336634
112 38 0.118811881188119
112 37 0.123762376237624
112 36 0.108910891089109
112 35 0.108910891089109
112 34 0.108910891089109
112 33 0.128712871287129
112 32 0.118811881188119
112 31 0.123762376237624
112 30 0.118811881188119
112 29 0.113861386138614
112 28 0.113861386138614
112 27 0.118811881188119
112 26 0.143564356435644
112 25 0.113861386138614
112 24 0.148514851485149
112 23 0.133663366336634
112 22 0.128712871287129
112 21 0.148514851485149
112 20 0.123762376237624
112 19 0.128712871287129
112 18 0.138613861386139
112 17 0.118811881188119
112 16 0.138613861386139
112 15 0.133663366336634
112 14 0.128712871287129
112 13 0.118811881188119
112 12 0.133663366336634
112 11 0.123762376237624
112 10 0.133663366336634
112 9 0.158415841584158
112 8 0.168316831683168
112 7 0.158415841584158
112 6 0.173267326732673
112 5 0.163366336633663
112 4 0.163366336633663
112 3 0.217821782178218
112 2 0.202970297029703
112 1 0.326732673267327
