64 177555 0.247524752475248
64 17756 0.217821782178218
64 1776 0.163366336633663
64 200 0.128712871287129
64 199 0.113861386138614
64 198 0.108910891089109
64 197 0.123762376237624
64 196 0.118811881188119
64 195 0.108910891089109
64 194 0.108910891089109
64 193 0.113861386138614
64 192 0.113861386138614
64 191 0.113861386138614
64 190 0.108910891089109
64 189 0.113861386138614
64 188 0.123762376237624
64 187 0.118811881188119
64 186 0.113861386138614
64 185 0.118811881188119
64 184 0.108910891089109
64 183 0.118811881188119
64 182 0.108910891089109
64 181 0.118811881188119
64 180 0.113861386138614
64 179 0.113861386138614
64 178 0.108910891089109
64 177 0.123762376237624
64 176 0.113861386138614
64 175 0.118811881188119
64 174 0.113861386138614
64 173 0.118811881188119
64 172 0.113861386138614
64 171 0.108910891089109
64 170 0.099009900990099
64 169 0.113861386138614
64 168 0.113861386138614
64 167 0.108910891089109
64 166 0.118811881188119
64 165 0.118811881188119
64 164 0.118811881188119
64 163 0.113861386138614
64 162 0.113861386138614
64 161 0.118811881188119
64 160 0.113861386138614
64 159 0.118811881188119
64 158 0.108910891089109
64 157 0.113861386138614
64 156 0.118811881188119
64 155 0.108910891089109
64 154 0.118811881188119
64 153 0.108910891089109
64 152 0.123762376237624
64 151 0.118811881188119
64 150 0.113861386138614
64 149 0.118811881188119
64 148 0.113861386138614
64 147 0.113861386138614
64 146 0.108910891089109
64 145 0.113861386138614
64 144 0.123762376237624
64 143 0.123762376237624
64 142 0.108910891089109
64 141 0.118811881188119
64 140 0.118811881188119
64 139 0.128712871287129
64 138 0.118811881188119
64 137 0.118811881188119
64 136 0.113861386138614
64 135 0.108910891089109
64 134 0.118811881188119
64 133 0.113861386138614
64 132 0.118811881188119
64 131 0.123762376237624
64 130 0.118811881188119
64 129 0.113861386138614
64 128 0.108910891089109
64 127 0.118811881188119
64 126 0.113861386138614
64 125 0.118811881188119
64 124 0.118811881188119
64 123 0.113861386138614
64 122 0.108910891089109
64 121 0.138613861386139
64 120 0.118811881188119
64 119 0.113861386138614
64 118 0.108910891089109
64 117 0.118811881188119
64 116 0.108910891089109
64 115 0.113861386138614
64 114 0.118811881188119
64 113 0.123762376237624
64 112 0.123762376237624
64 111 0.113861386138614
64 110 0.113861386138614
64 109 0.113861386138614
64 108 0.118811881188119
64 107 0.113861386138614
64 106 0.118811881188119
64 105 0.123762376237624
64 104 0.113861386138614
64 103 0.113861386138614
64 102 0.108910891089109
64 101 0.118811881188119
64 100 0.113861386138614
64 99 0.108910891089109
64 98 0.108910891089109
64 97 0.099009900990099
64 96 0.108910891089109
64 95 0.113861386138614
64 94 0.118811881188119
64 93 0.113861386138614
64 92 0.108910891089109
64 91 0.113861386138614
64 90 0.108910891089109
64 89 0.103960396039604
64 88 0.108910891089109
64 87 0.103960396039604
64 86 0.113861386138614
64 85 0.108910891089109
64 84 0.099009900990099
64 83 0.103960396039604
64 82 0.108910891089109
64 81 0.103960396039604
64 80 0.103960396039604
64 79 0.113861386138614
64 78 0.118811881188119
64 77 0.113861386138614
64 76 0.113861386138614
64 75 0.118811881188119
64 74 0.108910891089109
64 73 0.118811881188119
64 72 0.113861386138614
64 71 0.118811881188119
64 70 0.108910891089109
64 69 0.113861386138614
64 68 0.113861386138614
64 67 0.123762376237624
64 66 0.118811881188119
64 65 0.108910891089109
64 64 0.113861386138614
64 63 0.108910891089109
64 62 0.103960396039604
64 61 0.113861386138614
64 60 0.108910891089109
64 59 0.099009900990099
64 58 0.108910891089109
64 57 0.103960396039604
64 56 0.099009900990099
64 55 0.108910891089109
64 54 0.108910891089109
64 53 0.113861386138614
64 52 0.113861386138614
64 51 0.103960396039604
64 50 0.108910891089109
64 49 0.108910891089109
64 48 0.113861386138614
64 47 0.113861386138614
64 46 0.113861386138614
64 45 0.133663366336634
64 44 0.133663366336634
64 43 0.123762376237624
64 42 0.123762376237624
64 41 0.113861386138614
64 40 0.118811881188119
64 39 0.113861386138614
64 38 0.118811881188119
64 37 0.123762376237624
64 36 0.123762376237624
64 35 0.118811881188119
64 34 0.118811881188119
64 33 0.128712871287129
64 32 0.123762376237624
64 31 0.138613861386139
64 30 0.113861386138614
64 29 0.108910891089109
64 28 0.123762376237624
64 27 0.108910891089109
64 26 0.118811881188119
64 25 0.113861386138614
64 24 0.128712871287129
64 23 0.128712871287129
64 22 0.128712871287129
64 21 0.113861386138614
64 20 0.123762376237624
64 19 0.123762376237624
64 18 0.113861386138614
64 17 0.108910891089109
64 16 0.128712871287129
64 15 0.128712871287129
64 14 0.143564356435644
64 13 0.153465346534653
64 12 0.158415841584158
64 11 0.148514851485149
64 10 0.143564356435644
64 9 0.138613861386139
64 8 0.153465346534653
64 7 0.133663366336634
64 6 0.123762376237624
64 5 0.113861386138614
64 4 0.153465346534653
64 3 0.168316831683168
64 2 0.227722772277228
64 1 0.212871287128713
