158 177555 0.242574257425743
158 17756 0.212871287128713
158 1776 0.183168316831683
158 200 0.128712871287129
158 199 0.108910891089109
158 198 0.123762376237624
158 197 0.128712871287129
158 196 0.108910891089109
158 195 0.118811881188119
158 194 0.113861386138614
158 193 0.113861386138614
158 192 0.113861386138614
158 191 0.118811881188119
158 190 0.113861386138614
158 189 0.108910891089109
158 188 0.108910891089109
158 187 0.123762376237624
158 186 0.118811881188119
158 185 0.118811881188119
158 184 0.113861386138614
158 183 0.128712871287129
158 182 0.133663366336634
158 181 0.118811881188119
158 180 0.123762376237624
158 179 0.113861386138614
158 178 0.113861386138614
158 177 0.113861386138614
158 176 0.113861386138614
158 175 0.123762376237624
158 174 0.133663366336634
158 173 0.128712871287129
158 172 0.123762376237624
158 171 0.108910891089109
158 170 0.113861386138614
158 169 0.118811881188119
158 168 0.113861386138614
158 167 0.118811881188119
158 166 0.118811881188119
158 165 0.118811881188119
158 164 0.128712871287129
158 163 0.118811881188119
158 162 0.113861386138614
158 161 0.113861386138614
158 160 0.113861386138614
158 159 0.103960396039604
158 158 0.113861386138614
158 157 0.108910891089109
158 156 0.118811881188119
158 155 0.103960396039604
158 154 0.118811881188119
158 153 0.113861386138614
158 152 0.113861386138614
158 151 0.113861386138614
158 150 0.113861386138614
158 149 0.113861386138614
158 148 0.118811881188119
158 147 0.103960396039604
158 146 0.103960396039604
158 145 0.103960396039604
158 144 0.123762376237624
158 143 0.118811881188119
158 142 0.103960396039604
158 141 0.108910891089109
158 140 0.103960396039604
158 139 0.108910891089109
158 138 0.108910891089109
158 137 0.099009900990099
158 136 0.108910891089109
158 135 0.103960396039604
158 134 0.103960396039604
158 133 0.108910891089109
158 132 0.099009900990099
158 131 0.103960396039604
158 130 0.113861386138614
158 129 0.099009900990099
158 128 0.108910891089109
158 127 0.099009900990099
158 126 0.113861386138614
158 125 0.118811881188119
158 124 0.103960396039604
158 123 0.103960396039604
158 122 0.118811881188119
158 121 0.103960396039604
158 120 0.108910891089109
158 119 0.108910891089109
158 118 0.113861386138614
158 117 0.113861386138614
158 116 0.103960396039604
158 115 0.108910891089109
158 114 0.108910891089109
158 113 0.103960396039604
158 112 0.113861386138614
158 111 0.113861386138614
158 110 0.113861386138614
158 109 0.113861386138614
158 108 0.108910891089109
158 107 0.113861386138614
158 106 0.099009900990099
158 105 0.103960396039604
158 104 0.118811881188119
158 103 0.113861386138614
158 102 0.118811881188119
158 101 0.108910891089109
158 100 0.103960396039604
158 99 0.103960396039604
158 98 0.128712871287129
158 97 0.118811881188119
158 96 0.113861386138614
158 95 0.113861386138614
158 94 0.118811881188119
158 93 0.108910891089109
158 92 0.099009900990099
158 91 0.103960396039604
158 90 0.113861386138614
158 89 0.103960396039604
158 88 0.099009900990099
158 87 0.118811881188119
158 86 0.108910891089109
158 85 0.108910891089109
158 84 0.103960396039604
158 83 0.099009900990099
158 82 0.108910891089109
158 81 0.0841584158415842
158 80 0.118811881188119
158 79 0.103960396039604
158 78 0.0940594059405941
158 77 0.0940594059405941
158 76 0.0940594059405941
158 75 0.0940594059405941
158 74 0.099009900990099
158 73 0.0940594059405941
158 72 0.099009900990099
158 71 0.0891089108910891
158 70 0.0891089108910891
158 69 0.0742574257425743
158 68 0.0940594059405941
158 67 0.0841584158415842
158 66 0.0891089108910891
158 65 0.0841584158415842
158 64 0.0891089108910891
158 63 0.0891089108910891
158 62 0.0891089108910891
158 61 0.0891089108910891
158 60 0.0891089108910891
158 59 0.099009900990099
158 58 0.0841584158415842
158 57 0.0891089108910891
158 56 0.0792079207920792
158 55 0.0891089108910891
158 54 0.0940594059405941
158 53 0.0940594059405941
158 52 0.0841584158415842
158 51 0.108910891089109
158 50 0.0841584158415842
158 49 0.108910891089109
158 48 0.113861386138614
158 47 0.108910891089109
158 46 0.103960396039604
158 45 0.0940594059405941
158 44 0.103960396039604
158 43 0.108910891089109
158 42 0.118811881188119
158 41 0.103960396039604
158 40 0.108910891089109
158 39 0.108910891089109
158 38 0.113861386138614
158 37 0.103960396039604
158 36 0.103960396039604
158 35 0.108910891089109
158 34 0.118811881188119
158 33 0.108910891089109
158 32 0.108910891089109
158 31 0.113861386138614
158 30 0.103960396039604
158 29 0.103960396039604
158 28 0.108910891089109
158 27 0.113861386138614
158 26 0.118811881188119
158 25 0.118811881188119
158 24 0.113861386138614
158 23 0.128712871287129
158 22 0.123762376237624
158 21 0.118811881188119
158 20 0.108910891089109
158 19 0.118811881188119
158 18 0.099009900990099
158 17 0.118811881188119
158 16 0.133663366336634
158 15 0.118811881188119
158 14 0.123762376237624
158 13 0.118811881188119
158 12 0.133663366336634
158 11 0.138613861386139
158 10 0.148514851485149
158 9 0.163366336633663
158 8 0.158415841584158
158 7 0.178217821782178
158 6 0.168316831683168
158 5 0.143564356435644
158 4 0.178217821782178
158 3 0.158415841584158
158 2 0.212871287128713
158 1 0.232673267326733
