33 177555 0.232673267326733
33 17756 0.217821782178218
33 1776 0.158415841584158
33 200 0.113861386138614
33 199 0.123762376237624
33 198 0.113861386138614
33 197 0.123762376237624
33 196 0.113861386138614
33 195 0.113861386138614
33 194 0.099009900990099
33 193 0.113861386138614
33 192 0.103960396039604
33 191 0.103960396039604
33 190 0.103960396039604
33 189 0.108910891089109
33 188 0.108910891089109
33 187 0.113861386138614
33 186 0.113861386138614
33 185 0.108910891089109
33 184 0.108910891089109
33 183 0.108910891089109
33 182 0.113861386138614
33 181 0.118811881188119
33 180 0.103960396039604
33 179 0.103960396039604
33 178 0.113861386138614
33 177 0.108910891089109
33 176 0.099009900990099
33 175 0.103960396039604
33 174 0.099009900990099
33 173 0.099009900990099
33 172 0.113861386138614
33 171 0.103960396039604
33 170 0.103960396039604
33 169 0.103960396039604
33 168 0.103960396039604
33 167 0.099009900990099
33 166 0.103960396039604
33 165 0.099009900990099
33 164 0.103960396039604
33 163 0.108910891089109
33 162 0.099009900990099
33 161 0.099009900990099
33 160 0.103960396039604
33 159 0.099009900990099
33 158 0.099009900990099
33 157 0.103960396039604
33 156 0.108910891089109
33 155 0.103960396039604
33 154 0.099009900990099
33 153 0.099009900990099
33 152 0.099009900990099
33 151 0.103960396039604
33 150 0.099009900990099
33 149 0.103960396039604
33 148 0.108910891089109
33 147 0.103960396039604
33 146 0.103960396039604
33 145 0.103960396039604
33 144 0.103960396039604
33 143 0.0940594059405941
33 142 0.108910891089109
33 141 0.103960396039604
33 140 0.103960396039604
33 139 0.103960396039604
33 138 0.103960396039604
33 137 0.103960396039604
33 136 0.103960396039604
33 135 0.103960396039604
33 134 0.103960396039604
33 133 0.113861386138614
33 132 0.099009900990099
33 131 0.099009900990099
33 130 0.099009900990099
33 129 0.108910891089109
33 128 0.099009900990099
33 127 0.099009900990099
33 126 0.103960396039604
33 125 0.103960396039604
33 124 0.103960396039604
33 123 0.103960396039604
33 122 0.103960396039604
33 121 0.103960396039604
33 120 0.103960396039604
33 119 0.099009900990099
33 118 0.099009900990099
33 117 0.103960396039604
33 116 0.108910891089109
33 115 0.103960396039604
33 114 0.099009900990099
33 113 0.113861386138614
33 112 0.103960396039604
33 111 0.108910891089109
33 110 0.108910891089109
33 109 0.099009900990099
33 108 0.108910891089109
33 107 0.103960396039604
33 106 0.108910891089109
33 105 0.103960396039604
33 104 0.108910891089109
33 103 0.103960396039604
33 102 0.103960396039604
33 101 0.103960396039604
33 100 0.103960396039604
33 99 0.103960396039604
33 98 0.108910891089109
33 97 0.108910891089109
33 96 0.108910891089109
33 95 0.099009900990099
33 94 0.108910891089109
33 93 0.103960396039604
33 92 0.099009900990099
33 91 0.113861386138614
33 90 0.0891089108910891
33 89 0.099009900990099
33 88 0.0940594059405941
33 87 0.099009900990099
33 86 0.099009900990099
33 85 0.099009900990099
33 84 0.103960396039604
33 83 0.099009900990099
33 82 0.099009900990099
33 81 0.0940594059405941
33 80 0.0940594059405941
33 79 0.118811881188119
33 78 0.108910891089109
33 77 0.113861386138614
33 76 0.108910891089109
33 75 0.099009900990099
33 74 0.108910891089109
33 73 0.103960396039604
33 72 0.103960396039604
33 71 0.103960396039604
33 70 0.0891089108910891
33 69 0.099009900990099
33 68 0.108910891089109
33 67 0.108910891089109
33 66 0.108910891089109
33 65 0.108910891089109
33 64 0.099009900990099
33 63 0.108910891089109
33 62 0.103960396039604
33 61 0.108910891089109
33 60 0.099009900990099
33 59 0.0940594059405941
33 58 0.113861386138614
33 57 0.099009900990099
33 56 0.099009900990099
33 55 0.108910891089109
33 54 0.108910891089109
33 53 0.099009900990099
33 52 0.099009900990099
33 51 0.0940594059405941
33 50 0.103960396039604
33 49 0.108910891089109
33 48 0.108910891089109
33 47 0.099009900990099
33 46 0.108910891089109
33 45 0.103960396039604
33 44 0.103960396039604
33 43 0.108910891089109
33 42 0.0940594059405941
33 41 0.113861386138614
33 40 0.103960396039604
33 39 0.103960396039604
33 38 0.113861386138614
33 37 0.099009900990099
33 36 0.103960396039604
33 35 0.108910891089109
33 34 0.103960396039604
33 33 0.118811881188119
33 32 0.113861386138614
33 31 0.123762376237624
33 30 0.118811881188119
33 29 0.118811881188119
33 28 0.118811881188119
33 27 0.118811881188119
33 26 0.108910891089109
33 25 0.113861386138614
33 24 0.113861386138614
33 23 0.108910891089109
33 22 0.118811881188119
33 21 0.113861386138614
33 20 0.118811881188119
33 19 0.138613861386139
33 18 0.138613861386139
33 17 0.133663366336634
33 16 0.118811881188119
33 15 0.138613861386139
33 14 0.153465346534653
33 13 0.143564356435644
33 12 0.148514851485149
33 11 0.158415841584158
33 10 0.168316831683168
33 9 0.153465346534653
33 8 0.123762376237624
33 7 0.173267326732673
33 6 0.188118811881188
33 5 0.143564356435644
33 4 0.143564356435644
33 3 0.207920792079208
33 2 0.193069306930693
33 1 0.237623762376238
