97 177555 0.232673267326733
97 17756 0.202970297029703
97 1776 0.173267326732673
97 200 0.103960396039604
97 199 0.0940594059405941
97 198 0.0940594059405941
97 197 0.103960396039604
97 196 0.108910891089109
97 195 0.113861386138614
97 194 0.103960396039604
97 193 0.103960396039604
97 192 0.0940594059405941
97 191 0.0891089108910891
97 190 0.099009900990099
97 189 0.099009900990099
97 188 0.099009900990099
97 187 0.103960396039604
97 186 0.103960396039604
97 185 0.099009900990099
97 184 0.099009900990099
97 183 0.099009900990099
97 182 0.099009900990099
97 181 0.103960396039604
97 180 0.099009900990099
97 179 0.099009900990099
97 178 0.0940594059405941
97 177 0.0940594059405941
97 176 0.103960396039604
97 175 0.108910891089109
97 174 0.099009900990099
97 173 0.099009900990099
97 172 0.0940594059405941
97 171 0.099009900990099
97 170 0.108910891089109
97 169 0.0940594059405941
97 168 0.099009900990099
97 167 0.099009900990099
97 166 0.0940594059405941
97 165 0.0891089108910891
97 164 0.0940594059405941
97 163 0.103960396039604
97 162 0.0891089108910891
97 161 0.0940594059405941
97 160 0.0940594059405941
97 159 0.0891089108910891
97 158 0.0841584158415842
97 157 0.0940594059405941
97 156 0.0940594059405941
97 155 0.0891089108910891
97 154 0.103960396039604
97 153 0.099009900990099
97 152 0.099009900990099
97 151 0.103960396039604
97 150 0.0940594059405941
97 149 0.0940594059405941
97 148 0.0891089108910891
97 147 0.0891089108910891
97 146 0.0940594059405941
97 145 0.099009900990099
97 144 0.103960396039604
97 143 0.0891089108910891
97 142 0.0940594059405941
97 141 0.0891089108910891
97 140 0.0891089108910891
97 139 0.0841584158415842
97 138 0.0940594059405941
97 137 0.099009900990099
97 136 0.0891089108910891
97 135 0.0891089108910891
97 134 0.0940594059405941
97 133 0.0891089108910891
97 132 0.099009900990099
97 131 0.0891089108910891
97 130 0.0891089108910891
97 129 0.0940594059405941
97 128 0.0940594059405941
97 127 0.0891089108910891
97 126 0.0940594059405941
97 125 0.0940594059405941
97 124 0.103960396039604
97 123 0.0841584158415842
97 122 0.0841584158415842
97 121 0.108910891089109
97 120 0.0841584158415842
97 119 0.0891089108910891
97 118 0.0841584158415842
97 117 0.0891089108910891
97 116 0.0891089108910891
97 115 0.0940594059405941
97 114 0.103960396039604
97 113 0.099009900990099
97 112 0.0891089108910891
97 111 0.0940594059405941
97 110 0.099009900990099
97 109 0.099009900990099
97 108 0.0940594059405941
97 107 0.0891089108910891
97 106 0.0940594059405941
97 105 0.099009900990099
97 104 0.099009900990099
97 103 0.103960396039604
97 102 0.103960396039604
97 101 0.103960396039604
97 100 0.103960396039604
97 99 0.0940594059405941
97 98 0.099009900990099
97 97 0.0940594059405941
97 96 0.099009900990099
97 95 0.0940594059405941
97 94 0.108910891089109
97 93 0.0940594059405941
97 92 0.099009900990099
97 91 0.0940594059405941
97 90 0.103960396039604
97 89 0.103960396039604
97 88 0.099009900990099
97 87 0.108910891089109
97 86 0.103960396039604
97 85 0.103960396039604
97 84 0.103960396039604
97 83 0.099009900990099
97 82 0.0940594059405941
97 81 0.108910891089109
97 80 0.108910891089109
97 79 0.0891089108910891
97 78 0.103960396039604
97 77 0.108910891089109
97 76 0.103960396039604
97 75 0.113861386138614
97 74 0.099009900990099
97 73 0.113861386138614
97 72 0.113861386138614
97 71 0.099009900990099
97 70 0.099009900990099
97 69 0.103960396039604
97 68 0.099009900990099
97 67 0.0940594059405941
97 66 0.108910891089109
97 65 0.099009900990099
97 64 0.0891089108910891
97 63 0.0940594059405941
97 62 0.0940594059405941
97 61 0.0940594059405941
97 60 0.0940594059405941
97 59 0.0891089108910891
97 58 0.0891089108910891
97 57 0.103960396039604
97 56 0.103960396039604
97 55 0.099009900990099
97 54 0.0891089108910891
97 53 0.0940594059405941
97 52 0.099009900990099
97 51 0.099009900990099
97 50 0.0841584158415842
97 49 0.103960396039604
97 48 0.0940594059405941
97 47 0.099009900990099
97 46 0.0940594059405941
97 45 0.0841584158415842
97 44 0.0940594059405941
97 43 0.0891089108910891
97 42 0.0940594059405941
97 41 0.0940594059405941
97 40 0.0940594059405941
97 39 0.0841584158415842
97 38 0.0891089108910891
97 37 0.0940594059405941
97 36 0.0841584158415842
97 35 0.0891089108910891
97 34 0.0792079207920792
97 33 0.0841584158415842
97 32 0.108910891089109
97 31 0.103960396039604
97 30 0.108910891089109
97 29 0.103960396039604
97 28 0.0891089108910891
97 27 0.099009900990099
97 26 0.103960396039604
97 25 0.113861386138614
97 24 0.123762376237624
97 23 0.113861386138614
97 22 0.0940594059405941
97 21 0.108910891089109
97 20 0.108910891089109
97 19 0.123762376237624
97 18 0.108910891089109
97 17 0.108910891089109
97 16 0.123762376237624
97 15 0.128712871287129
97 14 0.123762376237624
97 13 0.123762376237624
97 12 0.138613861386139
97 11 0.138613861386139
97 10 0.148514851485149
97 9 0.168316831683168
97 8 0.148514851485149
97 7 0.138613861386139
97 6 0.133663366336634
97 5 0.193069306930693
97 4 0.138613861386139
97 3 0.198019801980198
97 2 0.212871287128713
97 1 0.227722772277228
