18 177555 0.242574257425743
18 17756 0.207920792079208
18 1776 0.168316831683168
18 200 0.108910891089109
18 199 0.118811881188119
18 198 0.118811881188119
18 197 0.123762376237624
18 196 0.123762376237624
18 195 0.113861386138614
18 194 0.123762376237624
18 193 0.113861386138614
18 192 0.118811881188119
18 191 0.128712871287129
18 190 0.128712871287129
18 189 0.113861386138614
18 188 0.123762376237624
18 187 0.118811881188119
18 186 0.123762376237624
18 185 0.113861386138614
18 184 0.123762376237624
18 183 0.118811881188119
18 182 0.118811881188119
18 181 0.123762376237624
18 180 0.108910891089109
18 179 0.118811881188119
18 178 0.138613861386139
18 177 0.128712871287129
18 176 0.128712871287129
18 175 0.108910891089109
18 174 0.108910891089109
18 173 0.118811881188119
18 172 0.113861386138614
18 171 0.143564356435644
18 170 0.118811881188119
18 169 0.128712871287129
18 168 0.118811881188119
18 167 0.123762376237624
18 166 0.108910891089109
18 165 0.118811881188119
18 164 0.118811881188119
18 163 0.113861386138614
18 162 0.128712871287129
18 161 0.118811881188119
18 160 0.113861386138614
18 159 0.118811881188119
18 158 0.118811881188119
18 157 0.118811881188119
18 156 0.128712871287129
18 155 0.118811881188119
18 154 0.128712871287129
18 153 0.128712871287129
18 152 0.123762376237624
18 151 0.103960396039604
18 150 0.113861386138614
18 149 0.113861386138614
18 148 0.123762376237624
18 147 0.128712871287129
18 146 0.103960396039604
18 145 0.113861386138614
18 144 0.108910891089109
18 143 0.123762376237624
18 142 0.118811881188119
18 141 0.123762376237624
18 140 0.123762376237624
18 139 0.108910891089109
18 138 0.113861386138614
18 137 0.113861386138614
18 136 0.113861386138614
18 135 0.113861386138614
18 134 0.113861386138614
18 133 0.128712871287129
18 132 0.113861386138614
18 131 0.103960396039604
18 130 0.113861386138614
18 129 0.123762376237624
18 128 0.113861386138614
18 127 0.118811881188119
18 126 0.108910891089109
18 125 0.113861386138614
18 124 0.123762376237624
18 123 0.123762376237624
18 122 0.113861386138614
18 121 0.118811881188119
18 120 0.113861386138614
18 119 0.118811881188119
18 118 0.113861386138614
18 117 0.103960396039604
18 116 0.108910891089109
18 115 0.108910891089109
18 114 0.103960396039604
18 113 0.123762376237624
18 112 0.118811881188119
18 111 0.108910891089109
18 110 0.108910891089109
18 109 0.113861386138614
18 108 0.103960396039604
18 107 0.113861386138614
18 106 0.103960396039604
18 105 0.113861386138614
18 104 0.113861386138614
18 103 0.103960396039604
18 102 0.103960396039604
18 101 0.103960396039604
18 100 0.108910891089109
18 99 0.108910891089109
18 98 0.113861386138614
18 97 0.108910891089109
18 96 0.113861386138614
18 95 0.108910891089109
18 94 0.108910891089109
18 93 0.113861386138614
18 92 0.118811881188119
18 91 0.108910891089109
18 90 0.108910891089109
18 89 0.113861386138614
18 88 0.108910891089109
18 87 0.103960396039604
18 86 0.108910891089109
18 85 0.099009900990099
18 84 0.103960396039604
18 83 0.113861386138614
18 82 0.103960396039604
18 81 0.099009900990099
18 80 0.118811881188119
18 79 0.108910891089109
18 78 0.099009900990099
18 77 0.0891089108910891
18 76 0.103960396039604
18 75 0.108910891089109
18 74 0.108910891089109
18 73 0.108910891089109
18 72 0.099009900990099
18 71 0.108910891089109
18 70 0.099009900990099
18 69 0.099009900990099
18 68 0.0891089108910891
18 67 0.0891089108910891
18 66 0.0891089108910891
18 65 0.0940594059405941
18 64 0.0891089108910891
18 63 0.0940594059405941
18 62 0.0940594059405941
18 61 0.099009900990099
18 60 0.108910891089109
18 59 0.103960396039604
18 58 0.108910891089109
18 57 0.103960396039604
18 56 0.099009900990099
18 55 0.108910891089109
18 54 0.113861386138614
18 53 0.0940594059405941
18 52 0.099009900990099
18 51 0.103960396039604
18 50 0.0891089108910891
18 49 0.099009900990099
18 48 0.108910891089109
18 47 0.118811881188119
18 46 0.113861386138614
18 45 0.103960396039604
18 44 0.103960396039604
18 43 0.103960396039604
18 42 0.103960396039604
18 41 0.103960396039604
18 40 0.108910891089109
18 39 0.113861386138614
18 38 0.108910891089109
18 37 0.118811881188119
18 36 0.108910891089109
18 35 0.108910891089109
18 34 0.133663366336634
18 33 0.118811881188119
18 32 0.123762376237624
18 31 0.133663366336634
18 30 0.118811881188119
18 29 0.143564356435644
18 28 0.113861386138614
18 27 0.133663366336634
18 26 0.118811881188119
18 25 0.108910891089109
18 24 0.128712871287129
18 23 0.128712871287129
18 22 0.118811881188119
18 21 0.143564356435644
18 20 0.138613861386139
18 19 0.128712871287129
18 18 0.118811881188119
18 17 0.113861386138614
18 16 0.148514851485149
18 15 0.128712871287129
18 14 0.133663366336634
18 13 0.148514851485149
18 12 0.153465346534653
18 11 0.148514851485149
18 10 0.163366336633663
18 9 0.173267326732673
18 8 0.133663366336634
18 7 0.188118811881188
18 6 0.188118811881188
18 5 0.193069306930693
18 4 0.178217821782178
18 3 0.222772277227723
18 2 0.188118811881188
18 1 0.336633663366337
