194 177555 0.252475247524752
194 17756 0.212871287128713
194 1776 0.163366336633663
194 200 0.103960396039604
194 199 0.113861386138614
194 198 0.108910891089109
194 197 0.108910891089109
194 196 0.113861386138614
194 195 0.108910891089109
194 194 0.113861386138614
194 193 0.108910891089109
194 192 0.108910891089109
194 191 0.113861386138614
194 190 0.103960396039604
194 189 0.103960396039604
194 188 0.108910891089109
194 187 0.113861386138614
194 186 0.118811881188119
194 185 0.103960396039604
194 184 0.103960396039604
194 183 0.108910891089109
194 182 0.108910891089109
194 181 0.0940594059405941
194 180 0.108910891089109
194 179 0.099009900990099
194 178 0.099009900990099
194 177 0.108910891089109
194 176 0.108910891089109
194 175 0.113861386138614
194 174 0.113861386138614
194 173 0.103960396039604
194 172 0.108910891089109
194 171 0.103960396039604
194 170 0.113861386138614
194 169 0.113861386138614
194 168 0.108910891089109
194 167 0.103960396039604
194 166 0.103960396039604
194 165 0.108910891089109
194 164 0.099009900990099
194 163 0.103960396039604
194 162 0.108910891089109
194 161 0.113861386138614
194 160 0.113861386138614
194 159 0.108910891089109
194 158 0.108910891089109
194 157 0.108910891089109
194 156 0.108910891089109
194 155 0.108910891089109
194 154 0.113861386138614
194 153 0.118811881188119
194 152 0.118811881188119
194 151 0.108910891089109
194 150 0.113861386138614
194 149 0.113861386138614
194 148 0.108910891089109
194 147 0.113861386138614
194 146 0.118811881188119
194 145 0.103960396039604
194 144 0.118811881188119
194 143 0.118811881188119
194 142 0.113861386138614
194 141 0.113861386138614
194 140 0.108910891089109
194 139 0.103960396039604
194 138 0.113861386138614
194 137 0.103960396039604
194 136 0.118811881188119
194 135 0.113861386138614
194 134 0.103960396039604
194 133 0.118811881188119
194 132 0.108910891089109
194 131 0.108910891089109
194 130 0.108910891089109
194 129 0.108910891089109
194 128 0.103960396039604
194 127 0.108910891089109
194 126 0.108910891089109
194 125 0.113861386138614
194 124 0.103960396039604
194 123 0.113861386138614
194 122 0.108910891089109
194 121 0.099009900990099
194 120 0.108910891089109
194 119 0.103960396039604
194 118 0.113861386138614
194 117 0.113861386138614
194 116 0.113861386138614
194 115 0.108910891089109
194 114 0.103960396039604
194 113 0.113861386138614
194 112 0.099009900990099
194 111 0.099009900990099
194 110 0.113861386138614
194 109 0.108910891089109
194 108 0.103960396039604
194 107 0.118811881188119
194 106 0.118811881188119
194 105 0.118811881188119
194 104 0.108910891089109
194 103 0.108910891089109
194 102 0.108910891089109
194 101 0.113861386138614
194 100 0.103960396039604
194 99 0.099009900990099
194 98 0.113861386138614
194 97 0.108910891089109
194 96 0.103960396039604
194 95 0.108910891089109
194 94 0.103960396039604
194 93 0.103960396039604
194 92 0.099009900990099
194 91 0.108910891089109
194 90 0.099009900990099
194 89 0.108910891089109
194 88 0.108910891089109
194 87 0.113861386138614
194 86 0.103960396039604
194 85 0.113861386138614
194 84 0.108910891089109
194 83 0.118811881188119
194 82 0.113861386138614
194 81 0.113861386138614
194 80 0.113861386138614
194 79 0.108910891089109
194 78 0.108910891089109
194 77 0.123762376237624
194 76 0.108910891089109
194 75 0.118811881188119
194 74 0.113861386138614
194 73 0.113861386138614
194 72 0.113861386138614
194 71 0.103960396039604
194 70 0.113861386138614
194 69 0.108910891089109
194 68 0.103960396039604
194 67 0.103960396039604
194 66 0.108910891089109
194 65 0.099009900990099
194 64 0.103960396039604
194 63 0.108910891089109
194 62 0.108910891089109
194 61 0.113861386138614
194 60 0.103960396039604
194 59 0.103960396039604
194 58 0.099009900990099
194 57 0.113861386138614
194 56 0.108910891089109
194 55 0.103960396039604
194 54 0.099009900990099
194 53 0.0940594059405941
194 52 0.103960396039604
194 51 0.108910891089109
194 50 0.118811881188119
194 49 0.123762376237624
194 48 0.128712871287129
194 47 0.108910891089109
194 46 0.123762376237624
194 45 0.118811881188119
194 44 0.118811881188119
194 43 0.113861386138614
194 42 0.133663366336634
194 41 0.113861386138614
194 40 0.099009900990099
194 39 0.099009900990099
194 38 0.103960396039604
194 37 0.133663366336634
194 36 0.108910891089109
194 35 0.099009900990099
194 34 0.113861386138614
194 33 0.108910891089109
194 32 0.123762376237624
194 31 0.133663366336634
194 30 0.118811881188119
194 29 0.123762376237624
194 28 0.118811881188119
194 27 0.108910891089109
194 26 0.118811881188119
194 25 0.123762376237624
194 24 0.133663366336634
194 23 0.118811881188119
194 22 0.133663366336634
194 21 0.138613861386139
194 20 0.143564356435644
194 19 0.153465346534653
194 18 0.143564356435644
194 17 0.133663366336634
194 16 0.113861386138614
194 15 0.123762376237624
194 14 0.133663366336634
194 13 0.133663366336634
194 12 0.138613861386139
194 11 0.148514851485149
194 10 0.158415841584158
194 9 0.143564356435644
194 8 0.198019801980198
194 7 0.163366336633663
194 6 0.138613861386139
194 5 0.237623762376238
194 4 0.173267326732673
194 3 0.183168316831683
194 2 0.198019801980198
194 1 0.232673267326733
