61 177555 0.237623762376238
61 17756 0.198019801980198
61 1776 0.163366336633663
61 200 0.123762376237624
61 199 0.113861386138614
61 198 0.118811881188119
61 197 0.128712871287129
61 196 0.113861386138614
61 195 0.123762376237624
61 194 0.123762376237624
61 193 0.118811881188119
61 192 0.113861386138614
61 191 0.118811881188119
61 190 0.103960396039604
61 189 0.123762376237624
61 188 0.118811881188119
61 187 0.118811881188119
61 186 0.113861386138614
61 185 0.103960396039604
61 184 0.118811881188119
61 183 0.123762376237624
61 182 0.123762376237624
61 181 0.113861386138614
61 180 0.108910891089109
61 179 0.108910891089109
61 178 0.113861386138614
61 177 0.113861386138614
61 176 0.128712871287129
61 175 0.103960396039604
61 174 0.118811881188119
61 173 0.123762376237624
61 172 0.113861386138614
61 171 0.128712871287129
61 170 0.118811881188119
61 169 0.113861386138614
61 168 0.113861386138614
61 167 0.099009900990099
61 166 0.123762376237624
61 165 0.108910891089109
61 164 0.099009900990099
61 163 0.103960396039604
61 162 0.118811881188119
61 161 0.113861386138614
61 160 0.113861386138614
61 159 0.123762376237624
61 158 0.108910891089109
61 157 0.118811881188119
61 156 0.108910891089109
61 155 0.113861386138614
61 154 0.108910891089109
61 153 0.128712871287129
61 152 0.108910891089109
61 151 0.118811881188119
61 150 0.108910891089109
61 149 0.123762376237624
61 148 0.118811881188119
61 147 0.099009900990099
61 146 0.108910891089109
61 145 0.118811881188119
61 144 0.118811881188119
61 143 0.108910891089109
61 142 0.108910891089109
61 141 0.108910891089109
61 140 0.113861386138614
61 139 0.108910891089109
61 138 0.118811881188119
61 137 0.118811881188119
61 136 0.108910891089109
61 135 0.108910891089109
61 134 0.113861386138614
61 133 0.113861386138614
61 132 0.103960396039604
61 131 0.118811881188119
61 130 0.118811881188119
61 129 0.113861386138614
61 128 0.103960396039604
61 127 0.113861386138614
61 126 0.0940594059405941
61 125 0.103960396039604
61 124 0.108910891089109
61 123 0.113861386138614
61 122 0.103960396039604
61 121 0.113861386138614
61 120 0.108910891089109
61 119 0.103960396039604
61 118 0.118811881188119
61 117 0.0940594059405941
61 116 0.103960396039604
61 115 0.103960396039604
61 114 0.103960396039604
61 113 0.108910891089109
61 112 0.0792079207920792
61 111 0.099009900990099
61 110 0.099009900990099
61 109 0.099009900990099
61 108 0.099009900990099
61 107 0.099009900990099
61 106 0.0891089108910891
61 105 0.0891089108910891
61 104 0.0891089108910891
61 103 0.0940594059405941
61 102 0.0940594059405941
61 101 0.099009900990099
61 100 0.103960396039604
61 99 0.0841584158415842
61 98 0.0792079207920792
61 97 0.0940594059405941
61 96 0.0940594059405941
61 95 0.0891089108910891
61 94 0.0940594059405941
61 93 0.0940594059405941
61 92 0.099009900990099
61 91 0.099009900990099
61 90 0.0792079207920792
61 89 0.0940594059405941
61 88 0.0940594059405941
61 87 0.0792079207920792
61 86 0.0742574257425743
61 85 0.0792079207920792
61 84 0.0792079207920792
61 83 0.0891089108910891
61 82 0.0841584158415842
61 81 0.0891089108910891
61 80 0.0940594059405941
61 79 0.0891089108910891
61 78 0.099009900990099
61 77 0.0940594059405941
61 76 0.099009900990099
61 75 0.103960396039604
61 74 0.0891089108910891
61 73 0.0891089108910891
61 72 0.0940594059405941
61 71 0.099009900990099
61 70 0.0940594059405941
61 69 0.099009900990099
61 68 0.0940594059405941
61 67 0.0891089108910891
61 66 0.0891089108910891
61 65 0.0891089108910891
61 64 0.103960396039604
61 63 0.099009900990099
61 62 0.0891089108910891
61 61 0.0940594059405941
61 60 0.099009900990099
61 59 0.0940594059405941
61 58 0.0841584158415842
61 57 0.0891089108910891
61 56 0.099009900990099
61 55 0.103960396039604
61 54 0.108910891089109
61 53 0.0891089108910891
61 52 0.0841584158415842
61 51 0.0841584158415842
61 50 0.0940594059405941
61 49 0.099009900990099
61 48 0.0940594059405941
61 47 0.0742574257425743
61 46 0.0891089108910891
61 45 0.0940594059405941
61 44 0.0891089108910891
61 43 0.0891089108910891
61 42 0.0841584158415842
61 41 0.0940594059405941
61 40 0.0792079207920792
61 39 0.099009900990099
61 38 0.0940594059405941
61 37 0.0940594059405941
61 36 0.0940594059405941
61 35 0.0841584158415842
61 34 0.0940594059405941
61 33 0.103960396039604
61 32 0.099009900990099
61 31 0.108910891089109
61 30 0.108910891089109
61 29 0.0940594059405941
61 28 0.099009900990099
61 27 0.123762376237624
61 26 0.118811881188119
61 25 0.103960396039604
61 24 0.113861386138614
61 23 0.103960396039604
61 22 0.108910891089109
61 21 0.108910891089109
61 20 0.118811881188119
61 19 0.108910891089109
61 18 0.118811881188119
61 17 0.103960396039604
61 16 0.113861386138614
61 15 0.123762376237624
61 14 0.113861386138614
61 13 0.123762376237624
61 12 0.158415841584158
61 11 0.148514851485149
61 10 0.143564356435644
61 9 0.143564356435644
61 8 0.173267326732673
61 7 0.138613861386139
61 6 0.212871287128713
61 5 0.217821782178218
61 4 0.207920792079208
61 3 0.227722772277228
61 2 0.247524752475248
61 1 0.247524752475248
