56 177555 0.242574257425743
56 17756 0.222772277227723
56 1776 0.168316831683168
56 200 0.103960396039604
56 199 0.103960396039604
56 198 0.103960396039604
56 197 0.0940594059405941
56 196 0.103960396039604
56 195 0.113861386138614
56 194 0.103960396039604
56 193 0.113861386138614
56 192 0.103960396039604
56 191 0.103960396039604
56 190 0.0940594059405941
56 189 0.099009900990099
56 188 0.099009900990099
56 187 0.103960396039604
56 186 0.103960396039604
56 185 0.099009900990099
56 184 0.103960396039604
56 183 0.099009900990099
56 182 0.099009900990099
56 181 0.103960396039604
56 180 0.099009900990099
56 179 0.099009900990099
56 178 0.103960396039604
56 177 0.099009900990099
56 176 0.103960396039604
56 175 0.099009900990099
56 174 0.103960396039604
56 173 0.0940594059405941
56 172 0.099009900990099
56 171 0.108910891089109
56 170 0.099009900990099
56 169 0.103960396039604
56 168 0.103960396039604
56 167 0.099009900990099
56 166 0.099009900990099
56 165 0.103960396039604
56 164 0.099009900990099
56 163 0.099009900990099
56 162 0.099009900990099
56 161 0.108910891089109
56 160 0.099009900990099
56 159 0.099009900990099
56 158 0.099009900990099
56 157 0.099009900990099
56 156 0.103960396039604
56 155 0.099009900990099
56 154 0.103960396039604
56 153 0.099009900990099
56 152 0.099009900990099
56 151 0.113861386138614
56 150 0.108910891089109
56 149 0.103960396039604
56 148 0.099009900990099
56 147 0.103960396039604
56 146 0.103960396039604
56 145 0.108910891089109
56 144 0.108910891089109
56 143 0.099009900990099
56 142 0.099009900990099
56 141 0.099009900990099
56 140 0.099009900990099
56 139 0.0940594059405941
56 138 0.099009900990099
56 137 0.099009900990099
56 136 0.099009900990099
56 135 0.0940594059405941
56 134 0.099009900990099
56 133 0.0940594059405941
56 132 0.099009900990099
56 131 0.108910891089109
56 130 0.099009900990099
56 129 0.099009900990099
56 128 0.099009900990099
56 127 0.103960396039604
56 126 0.099009900990099
56 125 0.103960396039604
56 124 0.103960396039604
56 123 0.118811881188119
56 122 0.108910891089109
56 121 0.108910891089109
56 120 0.103960396039604
56 119 0.103960396039604
56 118 0.118811881188119
56 117 0.103960396039604
56 116 0.099009900990099
56 115 0.108910891089109
56 114 0.108910891089109
56 113 0.113861386138614
56 112 0.108910891089109
56 111 0.108910891089109
56 110 0.113861386138614
56 109 0.108910891089109
56 108 0.108910891089109
56 107 0.103960396039604
56 106 0.103960396039604
56 105 0.113861386138614
56 104 0.103960396039604
56 103 0.103960396039604
56 102 0.118811881188119
56 101 0.103960396039604
56 100 0.108910891089109
56 99 0.108910891089109
56 98 0.108910891089109
56 97 0.113861386138614
56 96 0.103960396039604
56 95 0.103960396039604
56 94 0.113861386138614
56 93 0.103960396039604
56 92 0.118811881188119
56 91 0.113861386138614
56 90 0.113861386138614
56 89 0.108910891089109
56 88 0.113861386138614
56 87 0.113861386138614
56 86 0.108910891089109
56 85 0.113861386138614
56 84 0.108910891089109
56 83 0.108910891089109
56 82 0.113861386138614
56 81 0.118811881188119
56 80 0.123762376237624
56 79 0.113861386138614
56 78 0.118811881188119
56 77 0.118811881188119
56 76 0.118811881188119
56 75 0.118811881188119
56 74 0.108910891089109
56 73 0.113861386138614
56 72 0.108910891089109
56 71 0.118811881188119
56 70 0.123762376237624
56 69 0.113861386138614
56 68 0.108910891089109
56 67 0.108910891089109
56 66 0.113861386138614
56 65 0.113861386138614
56 64 0.118811881188119
56 63 0.113861386138614
56 62 0.118811881188119
56 61 0.123762376237624
56 60 0.108910891089109
56 59 0.118811881188119
56 58 0.118811881188119
56 57 0.113861386138614
56 56 0.118811881188119
56 55 0.113861386138614
56 54 0.118811881188119
56 53 0.113861386138614
56 52 0.103960396039604
56 51 0.108910891089109
56 50 0.103960396039604
56 49 0.103960396039604
56 48 0.108910891089109
56 47 0.103960396039604
56 46 0.099009900990099
56 45 0.108910891089109
56 44 0.103960396039604
56 43 0.103960396039604
56 42 0.108910891089109
56 41 0.108910891089109
56 40 0.108910891089109
56 39 0.103960396039604
56 38 0.103960396039604
56 37 0.103960396039604
56 36 0.103960396039604
56 35 0.113861386138614
56 34 0.108910891089109
56 33 0.108910891089109
56 32 0.0940594059405941
56 31 0.103960396039604
56 30 0.103960396039604
56 29 0.118811881188119
56 28 0.108910891089109
56 27 0.099009900990099
56 26 0.099009900990099
56 25 0.0940594059405941
56 24 0.0940594059405941
56 23 0.103960396039604
56 22 0.108910891089109
56 21 0.103960396039604
56 20 0.108910891089109
56 19 0.108910891089109
56 18 0.113861386138614
56 17 0.099009900990099
56 16 0.103960396039604
56 15 0.0940594059405941
56 14 0.103960396039604
56 13 0.108910891089109
56 12 0.118811881188119
56 11 0.138613861386139
56 10 0.138613861386139
56 9 0.099009900990099
56 8 0.133663366336634
56 7 0.148514851485149
56 6 0.143564356435644
56 5 0.188118811881188
56 4 0.202970297029703
56 3 0.202970297029703
56 2 0.202970297029703
56 1 0.193069306930693
