12 177555 0.247524752475248
12 17756 0.202970297029703
12 1776 0.158415841584158
12 200 0.113861386138614
12 199 0.128712871287129
12 198 0.118811881188119
12 197 0.108910891089109
12 196 0.113861386138614
12 195 0.113861386138614
12 194 0.123762376237624
12 193 0.123762376237624
12 192 0.118811881188119
12 191 0.113861386138614
12 190 0.123762376237624
12 189 0.123762376237624
12 188 0.113861386138614
12 187 0.113861386138614
12 186 0.118811881188119
12 185 0.123762376237624
12 184 0.123762376237624
12 183 0.113861386138614
12 182 0.108910891089109
12 181 0.108910891089109
12 180 0.123762376237624
12 179 0.113861386138614
12 178 0.113861386138614
12 177 0.113861386138614
12 176 0.123762376237624
12 175 0.123762376237624
12 174 0.108910891089109
12 173 0.128712871287129
12 172 0.108910891089109
12 171 0.118811881188119
12 170 0.118811881188119
12 169 0.113861386138614
12 168 0.123762376237624
12 167 0.118811881188119
12 166 0.108910891089109
12 165 0.113861386138614
12 164 0.113861386138614
12 163 0.108910891089109
12 162 0.099009900990099
12 161 0.118811881188119
12 160 0.118811881188119
12 159 0.118811881188119
12 158 0.118811881188119
12 157 0.113861386138614
12 156 0.108910891089109
12 155 0.113861386138614
12 154 0.113861386138614
12 153 0.113861386138614
12 152 0.113861386138614
12 151 0.118811881188119
12 150 0.108910891089109
12 149 0.118811881188119
12 148 0.123762376237624
12 147 0.118811881188119
12 146 0.118811881188119
12 145 0.108910891089109
12 144 0.113861386138614
12 143 0.118811881188119
12 142 0.118811881188119
12 141 0.113861386138614
12 140 0.118811881188119
12 139 0.113861386138614
12 138 0.113861386138614
12 137 0.113861386138614
12 136 0.113861386138614
12 135 0.123762376237624
12 134 0.113861386138614
12 133 0.118811881188119
12 132 0.123762376237624
12 131 0.123762376237624
12 130 0.108910891089109
12 129 0.113861386138614
12 128 0.118811881188119
12 127 0.128712871287129
12 126 0.128712871287129
12 125 0.133663366336634
12 124 0.118811881188119
12 123 0.123762376237624
12 122 0.123762376237624
12 121 0.108910891089109
12 120 0.118811881188119
12 119 0.113861386138614
12 118 0.103960396039604
12 117 0.113861386138614
12 116 0.118811881188119
12 115 0.118811881188119
12 114 0.118811881188119
12 113 0.118811881188119
12 112 0.128712871287129
12 111 0.099009900990099
12 110 0.118811881188119
12 109 0.108910891089109
12 108 0.113861386138614
12 107 0.108910891089109
12 106 0.123762376237624
12 105 0.118811881188119
12 104 0.118811881188119
12 103 0.118811881188119
12 102 0.118811881188119
12 101 0.123762376237624
12 100 0.128712871287129
12 99 0.118811881188119
12 98 0.113861386138614
12 97 0.118811881188119
12 96 0.108910891089109
12 95 0.113861386138614
12 94 0.108910891089109
12 93 0.113861386138614
12 92 0.123762376237624
12 91 0.113861386138614
12 90 0.118811881188119
12 89 0.103960396039604
12 88 0.108910891089109
12 87 0.113861386138614
12 86 0.113861386138614
12 85 0.123762376237624
12 84 0.103960396039604
12 83 0.113861386138614
12 82 0.123762376237624
12 81 0.118811881188119
12 80 0.108910891089109
12 79 0.118811881188119
12 78 0.113861386138614
12 77 0.108910891089109
12 76 0.123762376237624
12 75 0.103960396039604
12 74 0.108910891089109
12 73 0.113861386138614
12 72 0.113861386138614
12 71 0.113861386138614
12 70 0.103960396039604
12 69 0.118811881188119
12 68 0.118811881188119
12 67 0.118811881188119
12 66 0.118811881188119
12 65 0.123762376237624
12 64 0.123762376237624
12 63 0.108910891089109
12 62 0.113861386138614
12 61 0.118811881188119
12 60 0.108910891089109
12 59 0.108910891089109
12 58 0.103960396039604
12 57 0.0891089108910891
12 56 0.108910891089109
12 55 0.103960396039604
12 54 0.118811881188119
12 53 0.0841584158415842
12 52 0.103960396039604
12 51 0.099009900990099
12 50 0.099009900990099
12 49 0.0940594059405941
12 48 0.0940594059405941
12 47 0.099009900990099
12 46 0.0891089108910891
12 45 0.103960396039604
12 44 0.0841584158415842
12 43 0.0792079207920792
12 42 0.099009900990099
12 41 0.0940594059405941
12 40 0.0841584158415842
12 39 0.103960396039604
12 38 0.103960396039604
12 37 0.0891089108910891
12 36 0.099009900990099
12 35 0.103960396039604
12 34 0.103960396039604
12 33 0.113861386138614
12 32 0.108910891089109
12 31 0.123762376237624
12 30 0.0891089108910891
12 29 0.103960396039604
12 28 0.108910891089109
12 27 0.113861386138614
12 26 0.0940594059405941
12 25 0.108910891089109
12 24 0.113861386138614
12 23 0.103960396039604
12 22 0.103960396039604
12 21 0.103960396039604
12 20 0.123762376237624
12 19 0.128712871287129
12 18 0.123762376237624
12 17 0.108910891089109
12 16 0.118811881188119
12 15 0.113861386138614
12 14 0.128712871287129
12 13 0.123762376237624
12 12 0.113861386138614
12 11 0.118811881188119
12 10 0.123762376237624
12 9 0.128712871287129
12 8 0.113861386138614
12 7 0.178217821782178
12 6 0.123762376237624
12 5 0.173267326732673
12 4 0.212871287128713
12 3 0.217821782178218
12 2 0.257425742574257
12 1 0.193069306930693
