86 177555 0.212871287128713
86 17756 0.193069306930693
86 1776 0.168316831683168
86 200 0.0940594059405941
86 199 0.103960396039604
86 198 0.108910891089109
86 197 0.103960396039604
86 196 0.099009900990099
86 195 0.103960396039604
86 194 0.113861386138614
86 193 0.113861386138614
86 192 0.103960396039604
86 191 0.108910891089109
86 190 0.103960396039604
86 189 0.099009900990099
86 188 0.099009900990099
86 187 0.118811881188119
86 186 0.099009900990099
86 185 0.108910891089109
86 184 0.0891089108910891
86 183 0.103960396039604
86 182 0.0891089108910891
86 181 0.099009900990099
86 180 0.108910891089109
86 179 0.108910891089109
86 178 0.099009900990099
86 177 0.099009900990099
86 176 0.103960396039604
86 175 0.103960396039604
86 174 0.103960396039604
86 173 0.103960396039604
86 172 0.0940594059405941
86 171 0.0940594059405941
86 170 0.0940594059405941
86 169 0.0940594059405941
86 168 0.108910891089109
86 167 0.099009900990099
86 166 0.0940594059405941
86 165 0.108910891089109
86 164 0.108910891089109
86 163 0.0891089108910891
86 162 0.099009900990099
86 161 0.108910891089109
86 160 0.099009900990099
86 159 0.0891089108910891
86 158 0.0891089108910891
86 157 0.0940594059405941
86 156 0.0940594059405941
86 155 0.0940594059405941
86 154 0.099009900990099
86 153 0.113861386138614
86 152 0.0891089108910891
86 151 0.0891089108910891
86 150 0.0891089108910891
86 149 0.0940594059405941
86 148 0.099009900990099
86 147 0.0940594059405941
86 146 0.099009900990099
86 145 0.099009900990099
86 144 0.0891089108910891
86 143 0.0891089108910891
86 142 0.0940594059405941
86 141 0.0891089108910891
86 140 0.0891089108910891
86 139 0.108910891089109
86 138 0.0792079207920792
86 137 0.103960396039604
86 136 0.0891089108910891
86 135 0.099009900990099
86 134 0.0841584158415842
86 133 0.0891089108910891
86 132 0.0891089108910891
86 131 0.0891089108910891
86 130 0.0891089108910891
86 129 0.0940594059405941
86 128 0.0792079207920792
86 127 0.0891089108910891
86 126 0.103960396039604
86 125 0.0940594059405941
86 124 0.0891089108910891
86 123 0.099009900990099
86 122 0.0940594059405941
86 121 0.0891089108910891
86 120 0.0940594059405941
86 119 0.0891089108910891
86 118 0.103960396039604
86 117 0.0891089108910891
86 116 0.0841584158415842
86 115 0.0891089108910891
86 114 0.0841584158415842
86 113 0.0841584158415842
86 112 0.0841584158415842
86 111 0.0891089108910891
86 110 0.099009900990099
86 109 0.0841584158415842
86 108 0.0841584158415842
86 107 0.099009900990099
86 106 0.0940594059405941
86 105 0.0891089108910891
86 104 0.0693069306930693
86 103 0.0841584158415842
86 102 0.0841584158415842
86 101 0.0841584158415842
86 100 0.0841584158415842
86 99 0.0792079207920792
86 98 0.0891089108910891
86 97 0.0940594059405941
86 96 0.0841584158415842
86 95 0.0841584158415842
86 94 0.0940594059405941
86 93 0.0891089108910891
86 92 0.0891089108910891
86 91 0.0891089108910891
86 90 0.0891089108910891
86 89 0.0891089108910891
86 88 0.0940594059405941
86 87 0.0841584158415842
86 86 0.0940594059405941
86 85 0.0891089108910891
86 84 0.099009900990099
86 83 0.0841584158415842
86 82 0.0940594059405941
86 81 0.099009900990099
86 80 0.099009900990099
86 79 0.099009900990099
86 78 0.0891089108910891
86 77 0.0940594059405941
86 76 0.0891089108910891
86 75 0.099009900990099
86 74 0.0891089108910891
86 73 0.0792079207920792
86 72 0.099009900990099
86 71 0.0841584158415842
86 70 0.0940594059405941
86 69 0.099009900990099
86 68 0.103960396039604
86 67 0.0940594059405941
86 66 0.099009900990099
86 65 0.0891089108910891
86 64 0.0940594059405941
86 63 0.0940594059405941
86 62 0.0841584158415842
86 61 0.0841584158415842
86 60 0.0940594059405941
86 59 0.0891089108910891
86 58 0.0891089108910891
86 57 0.0841584158415842
86 56 0.0891089108910891
86 55 0.0841584158415842
86 54 0.0891089108910891
86 53 0.0841584158415842
86 52 0.0792079207920792
86 51 0.0792079207920792
86 50 0.0891089108910891
86 49 0.0841584158415842
86 48 0.0891089108910891
86 47 0.0792079207920792
86 46 0.0841584158415842
86 45 0.0792079207920792
86 44 0.0841584158415842
86 43 0.0841584158415842
86 42 0.0940594059405941
86 41 0.0841584158415842
86 40 0.0891089108910891
86 39 0.0891089108910891
86 38 0.0940594059405941
86 37 0.0891089108910891
86 36 0.0841584158415842
86 35 0.0940594059405941
86 34 0.0891089108910891
86 33 0.0940594059405941
86 32 0.0940594059405941
86 31 0.0940594059405941
86 30 0.108910891089109
86 29 0.103960396039604
86 28 0.103960396039604
86 27 0.0792079207920792
86 26 0.099009900990099
86 25 0.099009900990099
86 24 0.0891089108910891
86 23 0.103960396039604
86 22 0.108910891089109
86 21 0.123762376237624
86 20 0.113861386138614
86 19 0.123762376237624
86 18 0.103960396039604
86 17 0.118811881188119
86 16 0.108910891089109
86 15 0.108910891089109
86 14 0.113861386138614
86 13 0.099009900990099
86 12 0.108910891089109
86 11 0.118811881188119
86 10 0.108910891089109
86 9 0.118811881188119
86 8 0.113861386138614
86 7 0.133663366336634
86 6 0.153465346534653
86 5 0.113861386138614
86 4 0.123762376237624
86 3 0.207920792079208
86 2 0.163366336633663
86 1 0.212871287128713
