22 177555 0.242574257425743
22 17756 0.198019801980198
22 1776 0.163366336633663
22 200 0.118811881188119
22 199 0.123762376237624
22 198 0.133663366336634
22 197 0.113861386138614
22 196 0.113861386138614
22 195 0.123762376237624
22 194 0.143564356435644
22 193 0.123762376237624
22 192 0.118811881188119
22 191 0.133663366336634
22 190 0.113861386138614
22 189 0.123762376237624
22 188 0.123762376237624
22 187 0.118811881188119
22 186 0.128712871287129
22 185 0.138613861386139
22 184 0.128712871287129
22 183 0.118811881188119
22 182 0.123762376237624
22 181 0.123762376237624
22 180 0.118811881188119
22 179 0.118811881188119
22 178 0.118811881188119
22 177 0.123762376237624
22 176 0.133663366336634
22 175 0.123762376237624
22 174 0.118811881188119
22 173 0.113861386138614
22 172 0.123762376237624
22 171 0.108910891089109
22 170 0.123762376237624
22 169 0.128712871287129
22 168 0.123762376237624
22 167 0.133663366336634
22 166 0.113861386138614
22 165 0.113861386138614
22 164 0.123762376237624
22 163 0.123762376237624
22 162 0.113861386138614
22 161 0.118811881188119
22 160 0.113861386138614
22 159 0.113861386138614
22 158 0.123762376237624
22 157 0.113861386138614
22 156 0.118811881188119
22 155 0.113861386138614
22 154 0.113861386138614
22 153 0.113861386138614
22 152 0.118811881188119
22 151 0.113861386138614
22 150 0.113861386138614
22 149 0.118811881188119
22 148 0.099009900990099
22 147 0.103960396039604
22 146 0.113861386138614
22 145 0.099009900990099
22 144 0.103960396039604
22 143 0.103960396039604
22 142 0.108910891089109
22 141 0.103960396039604
22 140 0.113861386138614
22 139 0.108910891089109
22 138 0.103960396039604
22 137 0.113861386138614
22 136 0.103960396039604
22 135 0.103960396039604
22 134 0.108910891089109
22 133 0.113861386138614
22 132 0.108910891089109
22 131 0.103960396039604
22 130 0.113861386138614
22 129 0.103960396039604
22 128 0.118811881188119
22 127 0.108910891089109
22 126 0.113861386138614
22 125 0.103960396039604
22 124 0.099009900990099
22 123 0.108910891089109
22 122 0.103960396039604
22 121 0.099009900990099
22 120 0.099009900990099
22 119 0.103960396039604
22 118 0.108910891089109
22 117 0.103960396039604
22 116 0.113861386138614
22 115 0.113861386138614
22 114 0.108910891089109
22 113 0.103960396039604
22 112 0.103960396039604
22 111 0.099009900990099
22 110 0.099009900990099
22 109 0.108910891089109
22 108 0.108910891089109
22 107 0.103960396039604
22 106 0.108910891089109
22 105 0.113861386138614
22 104 0.099009900990099
22 103 0.103960396039604
22 102 0.0940594059405941
22 101 0.108910891089109
22 100 0.099009900990099
22 99 0.0940594059405941
22 98 0.0891089108910891
22 97 0.099009900990099
22 96 0.108910891089109
22 95 0.0940594059405941
22 94 0.099009900990099
22 93 0.0891089108910891
22 92 0.099009900990099
22 91 0.0940594059405941
22 90 0.0940594059405941
22 89 0.0841584158415842
22 88 0.0940594059405941
22 87 0.0891089108910891
22 86 0.099009900990099
22 85 0.099009900990099
22 84 0.099009900990099
22 83 0.0940594059405941
22 82 0.0940594059405941
22 81 0.099009900990099
22 80 0.099009900990099
22 79 0.099009900990099
22 78 0.103960396039604
22 77 0.0940594059405941
22 76 0.0940594059405941
22 75 0.0841584158415842
22 74 0.099009900990099
22 73 0.0940594059405941
22 72 0.099009900990099
22 71 0.099009900990099
22 70 0.103960396039604
22 69 0.099009900990099
22 68 0.103960396039604
22 67 0.0940594059405941
22 66 0.0940594059405941
22 65 0.0940594059405941
22 64 0.0940594059405941
22 63 0.0841584158415842
22 62 0.0940594059405941
22 61 0.0940594059405941
22 60 0.0841584158415842
22 59 0.099009900990099
22 58 0.0841584158415842
22 57 0.0940594059405941
22 56 0.0891089108910891
22 55 0.099009900990099
22 54 0.0940594059405941
22 53 0.099009900990099
22 52 0.099009900990099
22 51 0.0891089108910891
22 50 0.103960396039604
22 49 0.0841584158415842
22 48 0.0841584158415842
22 47 0.0891089108910891
22 46 0.0891089108910891
22 45 0.0841584158415842
22 44 0.0792079207920792
22 43 0.0742574257425743
22 42 0.0891089108910891
22 41 0.099009900990099
22 40 0.0841584158415842
22 39 0.0841584158415842
22 38 0.0841584158415842
22 37 0.0841584158415842
22 36 0.103960396039604
22 35 0.0841584158415842
22 34 0.0891089108910891
22 33 0.0891089108910891
22 32 0.099009900990099
22 31 0.099009900990099
22 30 0.0940594059405941
22 29 0.0940594059405941
22 28 0.0940594059405941
22 27 0.0940594059405941
22 26 0.0841584158415842
22 25 0.099009900990099
22 24 0.0940594059405941
22 23 0.0891089108910891
22 22 0.099009900990099
22 21 0.0940594059405941
22 20 0.0891089108910891
22 19 0.113861386138614
22 18 0.099009900990099
22 17 0.103960396039604
22 16 0.0891089108910891
22 15 0.108910891089109
22 14 0.113861386138614
22 13 0.123762376237624
22 12 0.113861386138614
22 11 0.103960396039604
22 10 0.108910891089109
22 9 0.099009900990099
22 8 0.118811881188119
22 7 0.0940594059405941
22 6 0.133663366336634
22 5 0.153465346534653
22 4 0.123762376237624
22 3 0.202970297029703
22 2 0.193069306930693
22 1 0.262376237623762
