170 177555 0.247524752475248
170 17756 0.207920792079208
170 1776 0.168316831683168
170 200 0.118811881188119
170 199 0.118811881188119
170 198 0.113861386138614
170 197 0.118811881188119
170 196 0.118811881188119
170 195 0.123762376237624
170 194 0.123762376237624
170 193 0.128712871287129
170 192 0.118811881188119
170 191 0.118811881188119
170 190 0.123762376237624
170 189 0.113861386138614
170 188 0.118811881188119
170 187 0.123762376237624
170 186 0.118811881188119
170 185 0.118811881188119
170 184 0.118811881188119
170 183 0.123762376237624
170 182 0.123762376237624
170 181 0.118811881188119
170 180 0.123762376237624
170 179 0.118811881188119
170 178 0.118811881188119
170 177 0.123762376237624
170 176 0.123762376237624
170 175 0.118811881188119
170 174 0.123762376237624
170 173 0.123762376237624
170 172 0.123762376237624
170 171 0.118811881188119
170 170 0.123762376237624
170 169 0.123762376237624
170 168 0.113861386138614
170 167 0.113861386138614
170 166 0.118811881188119
170 165 0.113861386138614
170 164 0.123762376237624
170 163 0.113861386138614
170 162 0.108910891089109
170 161 0.113861386138614
170 160 0.123762376237624
170 159 0.113861386138614
170 158 0.108910891089109
170 157 0.118811881188119
170 156 0.123762376237624
170 155 0.118811881188119
170 154 0.113861386138614
170 153 0.123762376237624
170 152 0.118811881188119
170 151 0.118811881188119
170 150 0.113861386138614
170 149 0.113861386138614
170 148 0.118811881188119
170 147 0.118811881188119
170 146 0.118811881188119
170 145 0.123762376237624
170 144 0.113861386138614
170 143 0.113861386138614
170 142 0.108910891089109
170 141 0.118811881188119
170 140 0.113861386138614
170 139 0.108910891089109
170 138 0.113861386138614
170 137 0.118811881188119
170 136 0.113861386138614
170 135 0.123762376237624
170 134 0.113861386138614
170 133 0.113861386138614
170 132 0.113861386138614
170 131 0.113861386138614
170 130 0.128712871287129
170 129 0.123762376237624
170 128 0.118811881188119
170 127 0.113861386138614
170 126 0.123762376237624
170 125 0.113861386138614
170 124 0.108910891089109
170 123 0.113861386138614
170 122 0.108910891089109
170 121 0.113861386138614
170 120 0.118811881188119
170 119 0.108910891089109
170 118 0.103960396039604
170 117 0.113861386138614
170 116 0.123762376237624
170 115 0.118811881188119
170 114 0.118811881188119
170 113 0.123762376237624
170 112 0.113861386138614
170 111 0.113861386138614
170 110 0.113861386138614
170 109 0.108910891089109
170 108 0.113861386138614
170 107 0.108910891089109
170 106 0.118811881188119
170 105 0.113861386138614
170 104 0.113861386138614
170 103 0.113861386138614
170 102 0.113861386138614
170 101 0.113861386138614
170 100 0.113861386138614
170 99 0.113861386138614
170 98 0.108910891089109
170 97 0.108910891089109
170 96 0.108910891089109
170 95 0.108910891089109
170 94 0.113861386138614
170 93 0.108910891089109
170 92 0.103960396039604
170 91 0.113861386138614
170 90 0.118811881188119
170 89 0.118811881188119
170 88 0.113861386138614
170 87 0.108910891089109
170 86 0.108910891089109
170 85 0.113861386138614
170 84 0.113861386138614
170 83 0.118811881188119
170 82 0.108910891089109
170 81 0.103960396039604
170 80 0.113861386138614
170 79 0.108910891089109
170 78 0.103960396039604
170 77 0.099009900990099
170 76 0.108910891089109
170 75 0.113861386138614
170 74 0.103960396039604
170 73 0.108910891089109
170 72 0.123762376237624
170 71 0.123762376237624
170 70 0.118811881188119
170 69 0.118811881188119
170 68 0.113861386138614
170 67 0.113861386138614
170 66 0.108910891089109
170 65 0.123762376237624
170 64 0.123762376237624
170 63 0.118811881188119
170 62 0.118811881188119
170 61 0.108910891089109
170 60 0.123762376237624
170 59 0.103960396039604
170 58 0.123762376237624
170 57 0.118811881188119
170 56 0.103960396039604
170 55 0.118811881188119
170 54 0.099009900990099
170 53 0.108910891089109
170 52 0.103960396039604
170 51 0.113861386138614
170 50 0.103960396039604
170 49 0.113861386138614
170 48 0.113861386138614
170 47 0.103960396039604
170 46 0.108910891089109
170 45 0.108910891089109
170 44 0.118811881188119
170 43 0.113861386138614
170 42 0.133663366336634
170 41 0.123762376237624
170 40 0.113861386138614
170 39 0.113861386138614
170 38 0.113861386138614
170 37 0.133663366336634
170 36 0.113861386138614
170 35 0.118811881188119
170 34 0.118811881188119
170 33 0.118811881188119
170 32 0.123762376237624
170 31 0.128712871287129
170 30 0.128712871287129
170 29 0.118811881188119
170 28 0.133663366336634
170 27 0.128712871287129
170 26 0.123762376237624
170 25 0.128712871287129
170 24 0.143564356435644
170 23 0.113861386138614
170 22 0.128712871287129
170 21 0.123762376237624
170 20 0.133663366336634
170 19 0.118811881188119
170 18 0.133663366336634
170 17 0.118811881188119
170 16 0.133663366336634
170 15 0.143564356435644
170 14 0.173267326732673
170 13 0.118811881188119
170 12 0.143564356435644
170 11 0.143564356435644
170 10 0.158415841584158
170 9 0.158415841584158
170 8 0.158415841584158
170 7 0.183168316831683
170 6 0.168316831683168
170 5 0.148514851485149
170 4 0.138613861386139
170 3 0.148514851485149
170 2 0.252475247524752
170 1 0.257425742574257
