5 177555 0.232673267326733
5 17756 0.212871287128713
5 1776 0.168316831683168
5 200 0.113861386138614
5 199 0.118811881188119
5 198 0.128712871287129
5 197 0.123762376237624
5 196 0.128712871287129
5 195 0.118811881188119
5 194 0.118811881188119
5 193 0.118811881188119
5 192 0.123762376237624
5 191 0.118811881188119
5 190 0.128712871287129
5 189 0.123762376237624
5 188 0.123762376237624
5 187 0.123762376237624
5 186 0.138613861386139
5 185 0.123762376237624
5 184 0.123762376237624
5 183 0.118811881188119
5 182 0.118811881188119
5 181 0.123762376237624
5 180 0.123762376237624
5 179 0.118811881188119
5 178 0.118811881188119
5 177 0.113861386138614
5 176 0.118811881188119
5 175 0.118811881188119
5 174 0.123762376237624
5 173 0.118811881188119
5 172 0.118811881188119
5 171 0.123762376237624
5 170 0.118811881188119
5 169 0.133663366336634
5 168 0.123762376237624
5 167 0.128712871287129
5 166 0.128712871287129
5 165 0.123762376237624
5 164 0.128712871287129
5 163 0.123762376237624
5 162 0.123762376237624
5 161 0.128712871287129
5 160 0.123762376237624
5 159 0.128712871287129
5 158 0.123762376237624
5 157 0.123762376237624
5 156 0.123762376237624
5 155 0.113861386138614
5 154 0.118811881188119
5 153 0.128712871287129
5 152 0.123762376237624
5 151 0.108910891089109
5 150 0.128712871287129
5 149 0.118811881188119
5 148 0.118811881188119
5 147 0.113861386138614
5 146 0.123762376237624
5 145 0.118811881188119
5 144 0.123762376237624
5 143 0.118811881188119
5 142 0.118811881188119
5 141 0.123762376237624
5 140 0.113861386138614
5 139 0.123762376237624
5 138 0.128712871287129
5 137 0.123762376237624
5 136 0.113861386138614
5 135 0.118811881188119
5 134 0.123762376237624
5 133 0.123762376237624
5 132 0.118811881188119
5 131 0.113861386138614
5 130 0.108910891089109
5 129 0.113861386138614
5 128 0.118811881188119
5 127 0.113861386138614
5 126 0.113861386138614
5 125 0.113861386138614
5 124 0.123762376237624
5 123 0.118811881188119
5 122 0.118811881188119
5 121 0.108910891089109
5 120 0.123762376237624
5 119 0.108910891089109
5 118 0.103960396039604
5 117 0.113861386138614
5 116 0.113861386138614
5 115 0.108910891089109
5 114 0.108910891089109
5 113 0.108910891089109
5 112 0.103960396039604
5 111 0.108910891089109
5 110 0.108910891089109
5 109 0.0940594059405941
5 108 0.108910891089109
5 107 0.113861386138614
5 106 0.113861386138614
5 105 0.103960396039604
5 104 0.103960396039604
5 103 0.113861386138614
5 102 0.108910891089109
5 101 0.103960396039604
5 100 0.103960396039604
5 99 0.108910891089109
5 98 0.0940594059405941
5 97 0.113861386138614
5 96 0.108910891089109
5 95 0.123762376237624
5 94 0.103960396039604
5 93 0.108910891089109
5 92 0.108910891089109
5 91 0.103960396039604
5 90 0.113861386138614
5 89 0.099009900990099
5 88 0.103960396039604
5 87 0.099009900990099
5 86 0.113861386138614
5 85 0.108910891089109
5 84 0.103960396039604
5 83 0.103960396039604
5 82 0.113861386138614
5 81 0.108910891089109
5 80 0.108910891089109
5 79 0.108910891089109
5 78 0.113861386138614
5 77 0.108910891089109
5 76 0.123762376237624
5 75 0.118811881188119
5 74 0.118811881188119
5 73 0.113861386138614
5 72 0.108910891089109
5 71 0.118811881188119
5 70 0.113861386138614
5 69 0.113861386138614
5 68 0.108910891089109
5 67 0.113861386138614
5 66 0.108910891089109
5 65 0.113861386138614
5 64 0.128712871287129
5 63 0.103960396039604
5 62 0.118811881188119
5 61 0.108910891089109
5 60 0.108910891089109
5 59 0.113861386138614
5 58 0.118811881188119
5 57 0.123762376237624
5 56 0.123762376237624
5 55 0.108910891089109
5 54 0.118811881188119
5 53 0.113861386138614
5 52 0.103960396039604
5 51 0.123762376237624
5 50 0.118811881188119
5 49 0.108910891089109
5 48 0.123762376237624
5 47 0.128712871287129
5 46 0.128712871287129
5 45 0.113861386138614
5 44 0.108910891089109
5 43 0.108910891089109
5 42 0.118811881188119
5 41 0.113861386138614
5 40 0.123762376237624
5 39 0.113861386138614
5 38 0.108910891089109
5 37 0.099009900990099
5 36 0.103960396039604
5 35 0.099009900990099
5 34 0.108910891089109
5 33 0.099009900990099
5 32 0.103960396039604
5 31 0.118811881188119
5 30 0.0891089108910891
5 29 0.108910891089109
5 28 0.123762376237624
5 27 0.108910891089109
5 26 0.099009900990099
5 25 0.099009900990099
5 24 0.108910891089109
5 23 0.103960396039604
5 22 0.108910891089109
5 21 0.103960396039604
5 20 0.113861386138614
5 19 0.099009900990099
5 18 0.103960396039604
5 17 0.0940594059405941
5 16 0.0940594059405941
5 15 0.108910891089109
5 14 0.103960396039604
5 13 0.099009900990099
5 12 0.099009900990099
5 11 0.103960396039604
5 10 0.118811881188119
5 9 0.133663366336634
5 8 0.108910891089109
5 7 0.143564356435644
5 6 0.153465346534653
5 5 0.173267326732673
5 4 0.183168316831683
5 3 0.178217821782178
5 2 0.212871287128713
5 1 0.242574257425743
