42 177555 0.247524752475248
42 17756 0.217821782178218
42 1776 0.178217821782178
42 200 0.123762376237624
42 199 0.128712871287129
42 198 0.133663366336634
42 197 0.123762376237624
42 196 0.099009900990099
42 195 0.123762376237624
42 194 0.118811881188119
42 193 0.123762376237624
42 192 0.123762376237624
42 191 0.113861386138614
42 190 0.118811881188119
42 189 0.118811881188119
42 188 0.123762376237624
42 187 0.118811881188119
42 186 0.103960396039604
42 185 0.128712871287129
42 184 0.118811881188119
42 183 0.128712871287129
42 182 0.118811881188119
42 181 0.108910891089109
42 180 0.123762376237624
42 179 0.113861386138614
42 178 0.113861386138614
42 177 0.118811881188119
42 176 0.128712871287129
42 175 0.108910891089109
42 174 0.108910891089109
42 173 0.123762376237624
42 172 0.118811881188119
42 171 0.123762376237624
42 170 0.113861386138614
42 169 0.128712871287129
42 168 0.123762376237624
42 167 0.118811881188119
42 166 0.118811881188119
42 165 0.118811881188119
42 164 0.113861386138614
42 163 0.118811881188119
42 162 0.118811881188119
42 161 0.118811881188119
42 160 0.118811881188119
42 159 0.118811881188119
42 158 0.113861386138614
42 157 0.113861386138614
42 156 0.118811881188119
42 155 0.123762376237624
42 154 0.118811881188119
42 153 0.113861386138614
42 152 0.118811881188119
42 151 0.108910891089109
42 150 0.113861386138614
42 149 0.103960396039604
42 148 0.118811881188119
42 147 0.113861386138614
42 146 0.118811881188119
42 145 0.118811881188119
42 144 0.108910891089109
42 143 0.113861386138614
42 142 0.118811881188119
42 141 0.113861386138614
42 140 0.108910891089109
42 139 0.113861386138614
42 138 0.099009900990099
42 137 0.118811881188119
42 136 0.113861386138614
42 135 0.099009900990099
42 134 0.108910891089109
42 133 0.108910891089109
42 132 0.118811881188119
42 131 0.108910891089109
42 130 0.118811881188119
42 129 0.113861386138614
42 128 0.099009900990099
42 127 0.099009900990099
42 126 0.108910891089109
42 125 0.103960396039604
42 124 0.099009900990099
42 123 0.103960396039604
42 122 0.103960396039604
42 121 0.108910891089109
42 120 0.108910891089109
42 119 0.099009900990099
42 118 0.108910891089109
42 117 0.108910891089109
42 116 0.108910891089109
42 115 0.108910891089109
42 114 0.108910891089109
42 113 0.103960396039604
42 112 0.103960396039604
42 111 0.113861386138614
42 110 0.118811881188119
42 109 0.123762376237624
42 108 0.113861386138614
42 107 0.118811881188119
42 106 0.103960396039604
42 105 0.123762376237624
42 104 0.123762376237624
42 103 0.113861386138614
42 102 0.123762376237624
42 101 0.118811881188119
42 100 0.103960396039604
42 99 0.128712871287129
42 98 0.113861386138614
42 97 0.108910891089109
42 96 0.108910891089109
42 95 0.108910891089109
42 94 0.103960396039604
42 93 0.108910891089109
42 92 0.118811881188119
42 91 0.0940594059405941
42 90 0.108910891089109
42 89 0.118811881188119
42 88 0.118811881188119
42 87 0.103960396039604
42 86 0.113861386138614
42 85 0.103960396039604
42 84 0.113861386138614
42 83 0.113861386138614
42 82 0.108910891089109
42 81 0.113861386138614
42 80 0.108910891089109
42 79 0.108910891089109
42 78 0.108910891089109
42 77 0.118811881188119
42 76 0.103960396039604
42 75 0.103960396039604
42 74 0.103960396039604
42 73 0.108910891089109
42 72 0.099009900990099
42 71 0.103960396039604
42 70 0.099009900990099
42 69 0.0940594059405941
42 68 0.108910891089109
42 67 0.103960396039604
42 66 0.108910891089109
42 65 0.113861386138614
42 64 0.099009900990099
42 63 0.118811881188119
42 62 0.118811881188119
42 61 0.108910891089109
42 60 0.113861386138614
42 59 0.113861386138614
42 58 0.113861386138614
42 57 0.118811881188119
42 56 0.118811881188119
42 55 0.118811881188119
42 54 0.128712871287129
42 53 0.123762376237624
42 52 0.108910891089109
42 51 0.123762376237624
42 50 0.118811881188119
42 49 0.128712871287129
42 48 0.128712871287129
42 47 0.123762376237624
42 46 0.123762376237624
42 45 0.123762376237624
42 44 0.113861386138614
42 43 0.118811881188119
42 42 0.133663366336634
42 41 0.123762376237624
42 40 0.118811881188119
42 39 0.123762376237624
42 38 0.128712871287129
42 37 0.133663366336634
42 36 0.138613861386139
42 35 0.113861386138614
42 34 0.128712871287129
42 33 0.123762376237624
42 32 0.113861386138614
42 31 0.113861386138614
42 30 0.118811881188119
42 29 0.108910891089109
42 28 0.113861386138614
42 27 0.108910891089109
42 26 0.118811881188119
42 25 0.118811881188119
42 24 0.118811881188119
42 23 0.128712871287129
42 22 0.128712871287129
42 21 0.128712871287129
42 20 0.123762376237624
42 19 0.133663366336634
42 18 0.133663366336634
42 17 0.113861386138614
42 16 0.108910891089109
42 15 0.123762376237624
42 14 0.118811881188119
42 13 0.123762376237624
42 12 0.128712871287129
42 11 0.113861386138614
42 10 0.148514851485149
42 9 0.123762376237624
42 8 0.153465346534653
42 7 0.168316831683168
42 6 0.168316831683168
42 5 0.148514851485149
42 4 0.143564356435644
42 3 0.173267326732673
42 2 0.198019801980198
42 1 0.247524752475248
