185 177555 0.237623762376238
185 17756 0.217821782178218
185 1776 0.183168316831683
185 200 0.138613861386139
185 199 0.133663366336634
185 198 0.133663366336634
185 197 0.133663366336634
185 196 0.148514851485149
185 195 0.128712871287129
185 194 0.128712871287129
185 193 0.128712871287129
185 192 0.133663366336634
185 191 0.128712871287129
185 190 0.128712871287129
185 189 0.133663366336634
185 188 0.138613861386139
185 187 0.138613861386139
185 186 0.138613861386139
185 185 0.133663366336634
185 184 0.128712871287129
185 183 0.128712871287129
185 182 0.123762376237624
185 181 0.128712871287129
185 180 0.123762376237624
185 179 0.138613861386139
185 178 0.133663366336634
185 177 0.133663366336634
185 176 0.133663366336634
185 175 0.133663366336634
185 174 0.123762376237624
185 173 0.118811881188119
185 172 0.128712871287129
185 171 0.123762376237624
185 170 0.123762376237624
185 169 0.128712871287129
185 168 0.138613861386139
185 167 0.118811881188119
185 166 0.133663366336634
185 165 0.113861386138614
185 164 0.128712871287129
185 163 0.118811881188119
185 162 0.133663366336634
185 161 0.128712871287129
185 160 0.118811881188119
185 159 0.123762376237624
185 158 0.133663366336634
185 157 0.123762376237624
185 156 0.123762376237624
185 155 0.123762376237624
185 154 0.123762376237624
185 153 0.118811881188119
185 152 0.123762376237624
185 151 0.118811881188119
185 150 0.133663366336634
185 149 0.118811881188119
185 148 0.118811881188119
185 147 0.123762376237624
185 146 0.123762376237624
185 145 0.128712871287129
185 144 0.138613861386139
185 143 0.123762376237624
185 142 0.118811881188119
185 141 0.138613861386139
185 140 0.123762376237624
185 139 0.128712871287129
185 138 0.118811881188119
185 137 0.123762376237624
185 136 0.123762376237624
185 135 0.123762376237624
185 134 0.103960396039604
185 133 0.118811881188119
185 132 0.118811881188119
185 131 0.113861386138614
185 130 0.123762376237624
185 129 0.123762376237624
185 128 0.108910891089109
185 127 0.113861386138614
185 126 0.113861386138614
185 125 0.123762376237624
185 124 0.128712871287129
185 123 0.123762376237624
185 122 0.133663366336634
185 121 0.118811881188119
185 120 0.123762376237624
185 119 0.128712871287129
185 118 0.128712871287129
185 117 0.128712871287129
185 116 0.103960396039604
185 115 0.103960396039604
185 114 0.108910891089109
185 113 0.118811881188119
185 112 0.123762376237624
185 111 0.118811881188119
185 110 0.118811881188119
185 109 0.113861386138614
185 108 0.128712871287129
185 107 0.123762376237624
185 106 0.118811881188119
185 105 0.133663366336634
185 104 0.113861386138614
185 103 0.128712871287129
185 102 0.123762376237624
185 101 0.108910891089109
185 100 0.108910891089109
185 99 0.118811881188119
185 98 0.118811881188119
185 97 0.118811881188119
185 96 0.128712871287129
185 95 0.123762376237624
185 94 0.133663366336634
185 93 0.118811881188119
185 92 0.118811881188119
185 91 0.123762376237624
185 90 0.143564356435644
185 89 0.128712871287129
185 88 0.118811881188119
185 87 0.118811881188119
185 86 0.118811881188119
185 85 0.113861386138614
185 84 0.123762376237624
185 83 0.118811881188119
185 82 0.118811881188119
185 81 0.118811881188119
185 80 0.118811881188119
185 79 0.123762376237624
185 78 0.113861386138614
185 77 0.113861386138614
185 76 0.103960396039604
185 75 0.103960396039604
185 74 0.113861386138614
185 73 0.113861386138614
185 72 0.108910891089109
185 71 0.108910891089109
185 70 0.118811881188119
185 69 0.103960396039604
185 68 0.108910891089109
185 67 0.103960396039604
185 66 0.113861386138614
185 65 0.108910891089109
185 64 0.113861386138614
185 63 0.103960396039604
185 62 0.099009900990099
185 61 0.103960396039604
185 60 0.099009900990099
185 59 0.103960396039604
185 58 0.0940594059405941
185 57 0.103960396039604
185 56 0.103960396039604
185 55 0.103960396039604
185 54 0.108910891089109
185 53 0.103960396039604
185 52 0.0940594059405941
185 51 0.103960396039604
185 50 0.108910891089109
185 49 0.113861386138614
185 48 0.118811881188119
185 47 0.099009900990099
185 46 0.099009900990099
185 45 0.103960396039604
185 44 0.113861386138614
185 43 0.0940594059405941
185 42 0.099009900990099
185 41 0.103960396039604
185 40 0.0940594059405941
185 39 0.108910891089109
185 38 0.113861386138614
185 37 0.099009900990099
185 36 0.103960396039604
185 35 0.113861386138614
185 34 0.113861386138614
185 33 0.099009900990099
185 32 0.099009900990099
185 31 0.0891089108910891
185 30 0.0940594059405941
185 29 0.099009900990099
185 28 0.099009900990099
185 27 0.133663366336634
185 26 0.103960396039604
185 25 0.108910891089109
185 24 0.123762376237624
185 23 0.123762376237624
185 22 0.133663366336634
185 21 0.143564356435644
185 20 0.138613861386139
185 19 0.123762376237624
185 18 0.138613861386139
185 17 0.143564356435644
185 16 0.133663366336634
185 15 0.143564356435644
185 14 0.138613861386139
185 13 0.173267326732673
185 12 0.143564356435644
185 11 0.148514851485149
185 10 0.138613861386139
185 9 0.148514851485149
185 8 0.158415841584158
185 7 0.143564356435644
185 6 0.163366336633663
185 5 0.148514851485149
185 4 0.207920792079208
185 3 0.247524752475248
185 2 0.183168316831683
185 1 0.247524752475248
