94 177555 0.247524752475248
94 17756 0.198019801980198
94 1776 0.168316831683168
94 200 0.128712871287129
94 199 0.138613861386139
94 198 0.133663366336634
94 197 0.118811881188119
94 196 0.128712871287129
94 195 0.118811881188119
94 194 0.128712871287129
94 193 0.118811881188119
94 192 0.113861386138614
94 191 0.113861386138614
94 190 0.113861386138614
94 189 0.113861386138614
94 188 0.123762376237624
94 187 0.108910891089109
94 186 0.118811881188119
94 185 0.118811881188119
94 184 0.103960396039604
94 183 0.123762376237624
94 182 0.118811881188119
94 181 0.113861386138614
94 180 0.113861386138614
94 179 0.108910891089109
94 178 0.123762376237624
94 177 0.099009900990099
94 176 0.108910891089109
94 175 0.103960396039604
94 174 0.108910891089109
94 173 0.118811881188119
94 172 0.118811881188119
94 171 0.113861386138614
94 170 0.113861386138614
94 169 0.113861386138614
94 168 0.108910891089109
94 167 0.113861386138614
94 166 0.103960396039604
94 165 0.108910891089109
94 164 0.103960396039604
94 163 0.103960396039604
94 162 0.108910891089109
94 161 0.103960396039604
94 160 0.108910891089109
94 159 0.108910891089109
94 158 0.113861386138614
94 157 0.099009900990099
94 156 0.099009900990099
94 155 0.113861386138614
94 154 0.103960396039604
94 153 0.103960396039604
94 152 0.123762376237624
94 151 0.113861386138614
94 150 0.099009900990099
94 149 0.103960396039604
94 148 0.113861386138614
94 147 0.108910891089109
94 146 0.103960396039604
94 145 0.099009900990099
94 144 0.108910891089109
94 143 0.113861386138614
94 142 0.108910891089109
94 141 0.118811881188119
94 140 0.113861386138614
94 139 0.118811881188119
94 138 0.118811881188119
94 137 0.099009900990099
94 136 0.108910891089109
94 135 0.103960396039604
94 134 0.103960396039604
94 133 0.103960396039604
94 132 0.113861386138614
94 131 0.113861386138614
94 130 0.103960396039604
94 129 0.103960396039604
94 128 0.103960396039604
94 127 0.108910891089109
94 126 0.108910891089109
94 125 0.0940594059405941
94 124 0.099009900990099
94 123 0.099009900990099
94 122 0.0940594059405941
94 121 0.099009900990099
94 120 0.099009900990099
94 119 0.099009900990099
94 118 0.103960396039604
94 117 0.108910891089109
94 116 0.0891089108910891
94 115 0.103960396039604
94 114 0.099009900990099
94 113 0.099009900990099
94 112 0.0940594059405941
94 111 0.108910891089109
94 110 0.099009900990099
94 109 0.103960396039604
94 108 0.108910891089109
94 107 0.103960396039604
94 106 0.103960396039604
94 105 0.0891089108910891
94 104 0.099009900990099
94 103 0.0940594059405941
94 102 0.0940594059405941
94 101 0.103960396039604
94 100 0.099009900990099
94 99 0.0940594059405941
94 98 0.0841584158415842
94 97 0.0891089108910891
94 96 0.0940594059405941
94 95 0.0940594059405941
94 94 0.0891089108910891
94 93 0.0891089108910891
94 92 0.0940594059405941
94 91 0.099009900990099
94 90 0.0891089108910891
94 89 0.0891089108910891
94 88 0.0940594059405941
94 87 0.0792079207920792
94 86 0.0742574257425743
94 85 0.0940594059405941
94 84 0.0693069306930693
94 83 0.099009900990099
94 82 0.0891089108910891
94 81 0.0742574257425743
94 80 0.099009900990099
94 79 0.0891089108910891
94 78 0.0940594059405941
94 77 0.0792079207920792
94 76 0.0792079207920792
94 75 0.0940594059405941
94 74 0.0841584158415842
94 73 0.0792079207920792
94 72 0.0841584158415842
94 71 0.0792079207920792
94 70 0.0940594059405941
94 69 0.0792079207920792
94 68 0.0841584158415842
94 67 0.0792079207920792
94 66 0.0792079207920792
94 65 0.0940594059405941
94 64 0.0841584158415842
94 63 0.108910891089109
94 62 0.0940594059405941
94 61 0.0940594059405941
94 60 0.0841584158415842
94 59 0.0891089108910891
94 58 0.0841584158415842
94 57 0.0792079207920792
94 56 0.0891089108910891
94 55 0.0940594059405941
94 54 0.099009900990099
94 53 0.0891089108910891
94 52 0.118811881188119
94 51 0.0940594059405941
94 50 0.0940594059405941
94 49 0.0891089108910891
94 48 0.0940594059405941
94 47 0.0891089108910891
94 46 0.0940594059405941
94 45 0.0891089108910891
94 44 0.0940594059405941
94 43 0.0841584158415842
94 42 0.0891089108910891
94 41 0.099009900990099
94 40 0.0940594059405941
94 39 0.0841584158415842
94 38 0.108910891089109
94 37 0.103960396039604
94 36 0.113861386138614
94 35 0.113861386138614
94 34 0.113861386138614
94 33 0.103960396039604
94 32 0.118811881188119
94 31 0.113861386138614
94 30 0.108910891089109
94 29 0.118811881188119
94 28 0.103960396039604
94 27 0.103960396039604
94 26 0.103960396039604
94 25 0.099009900990099
94 24 0.0792079207920792
94 23 0.103960396039604
94 22 0.0940594059405941
94 21 0.103960396039604
94 20 0.0940594059405941
94 19 0.099009900990099
94 18 0.103960396039604
94 17 0.099009900990099
94 16 0.108910891089109
94 15 0.108910891089109
94 14 0.108910891089109
94 13 0.118811881188119
94 12 0.153465346534653
94 11 0.113861386138614
94 10 0.099009900990099
94 9 0.138613861386139
94 8 0.163366336633663
94 7 0.153465346534653
94 6 0.193069306930693
94 5 0.143564356435644
94 4 0.222772277227723
94 3 0.163366336633663
94 2 0.252475247524752
94 1 0.242574257425743
