126 177555 0.252475247524752
126 17756 0.222772277227723
126 1776 0.183168316831683
126 200 0.148514851485149
126 199 0.113861386138614
126 198 0.148514851485149
126 197 0.138613861386139
126 196 0.128712871287129
126 195 0.148514851485149
126 194 0.143564356435644
126 193 0.133663366336634
126 192 0.153465346534653
126 191 0.143564356435644
126 190 0.138613861386139
126 189 0.143564356435644
126 188 0.138613861386139
126 187 0.143564356435644
126 186 0.148514851485149
126 185 0.138613861386139
126 184 0.143564356435644
126 183 0.138613861386139
126 182 0.138613861386139
126 181 0.148514851485149
126 180 0.133663366336634
126 179 0.138613861386139
126 178 0.133663366336634
126 177 0.138613861386139
126 176 0.143564356435644
126 175 0.138613861386139
126 174 0.143564356435644
126 173 0.138613861386139
126 172 0.138613861386139
126 171 0.128712871287129
126 170 0.133663366336634
126 169 0.128712871287129
126 168 0.143564356435644
126 167 0.123762376237624
126 166 0.133663366336634
126 165 0.128712871287129
126 164 0.138613861386139
126 163 0.128712871287129
126 162 0.133663366336634
126 161 0.128712871287129
126 160 0.133663366336634
126 159 0.133663366336634
126 158 0.133663366336634
126 157 0.123762376237624
126 156 0.138613861386139
126 155 0.128712871287129
126 154 0.138613861386139
126 153 0.133663366336634
126 152 0.118811881188119
126 151 0.123762376237624
126 150 0.128712871287129
126 149 0.118811881188119
126 148 0.138613861386139
126 147 0.118811881188119
126 146 0.123762376237624
126 145 0.133663366336634
126 144 0.128712871287129
126 143 0.128712871287129
126 142 0.123762376237624
126 141 0.118811881188119
126 140 0.128712871287129
126 139 0.133663366336634
126 138 0.123762376237624
126 137 0.123762376237624
126 136 0.128712871287129
126 135 0.143564356435644
126 134 0.128712871287129
126 133 0.138613861386139
126 132 0.128712871287129
126 131 0.123762376237624
126 130 0.128712871287129
126 129 0.138613861386139
126 128 0.118811881188119
126 127 0.118811881188119
126 126 0.118811881188119
126 125 0.133663366336634
126 124 0.128712871287129
126 123 0.118811881188119
126 122 0.123762376237624
126 121 0.128712871287129
126 120 0.128712871287129
126 119 0.128712871287129
126 118 0.123762376237624
126 117 0.113861386138614
126 116 0.128712871287129
126 115 0.123762376237624
126 114 0.133663366336634
126 113 0.123762376237624
126 112 0.128712871287129
126 111 0.138613861386139
126 110 0.133663366336634
126 109 0.118811881188119
126 108 0.123762376237624
126 107 0.118811881188119
126 106 0.113861386138614
126 105 0.133663366336634
126 104 0.118811881188119
126 103 0.123762376237624
126 102 0.128712871287129
126 101 0.133663366336634
126 100 0.113861386138614
126 99 0.113861386138614
126 98 0.113861386138614
126 97 0.108910891089109
126 96 0.133663366336634
126 95 0.118811881188119
126 94 0.118811881188119
126 93 0.118811881188119
126 92 0.128712871287129
126 91 0.123762376237624
126 90 0.113861386138614
126 89 0.118811881188119
126 88 0.103960396039604
126 87 0.108910891089109
126 86 0.123762376237624
126 85 0.108910891089109
126 84 0.099009900990099
126 83 0.103960396039604
126 82 0.0891089108910891
126 81 0.108910891089109
126 80 0.0940594059405941
126 79 0.113861386138614
126 78 0.103960396039604
126 77 0.108910891089109
126 76 0.103960396039604
126 75 0.123762376237624
126 74 0.108910891089109
126 73 0.0940594059405941
126 72 0.113861386138614
126 71 0.108910891089109
126 70 0.143564356435644
126 69 0.118811881188119
126 68 0.0940594059405941
126 67 0.118811881188119
126 66 0.108910891089109
126 65 0.123762376237624
126 64 0.123762376237624
126 63 0.133663366336634
126 62 0.123762376237624
126 61 0.103960396039604
126 60 0.133663366336634
126 59 0.138613861386139
126 58 0.133663366336634
126 57 0.123762376237624
126 56 0.128712871287129
126 55 0.113861386138614
126 54 0.113861386138614
126 53 0.108910891089109
126 52 0.113861386138614
126 51 0.108910891089109
126 50 0.108910891089109
126 49 0.108910891089109
126 48 0.118811881188119
126 47 0.108910891089109
126 46 0.108910891089109
126 45 0.103960396039604
126 44 0.0940594059405941
126 43 0.108910891089109
126 42 0.099009900990099
126 41 0.099009900990099
126 40 0.099009900990099
126 39 0.103960396039604
126 38 0.103960396039604
126 37 0.0940594059405941
126 36 0.108910891089109
126 35 0.103960396039604
126 34 0.123762376237624
126 33 0.0940594059405941
126 32 0.123762376237624
126 31 0.118811881188119
126 30 0.113861386138614
126 29 0.118811881188119
126 28 0.108910891089109
126 27 0.108910891089109
126 26 0.108910891089109
126 25 0.108910891089109
126 24 0.113861386138614
126 23 0.123762376237624
126 22 0.133663366336634
126 21 0.108910891089109
126 20 0.138613861386139
126 19 0.123762376237624
126 18 0.138613861386139
126 17 0.128712871287129
126 16 0.133663366336634
126 15 0.148514851485149
126 14 0.138613861386139
126 13 0.133663366336634
126 12 0.158415841584158
126 11 0.148514851485149
126 10 0.148514851485149
126 9 0.168316831683168
126 8 0.163366336633663
126 7 0.148514851485149
126 6 0.138613861386139
126 5 0.173267326732673
126 4 0.198019801980198
126 3 0.217821782178218
126 2 0.252475247524752
126 1 0.247524752475248
