32 177555 0.247524752475248
32 17756 0.207920792079208
32 1776 0.183168316831683
32 200 0.128712871287129
32 199 0.133663366336634
32 198 0.133663366336634
32 197 0.128712871287129
32 196 0.128712871287129
32 195 0.128712871287129
32 194 0.133663366336634
32 193 0.128712871287129
32 192 0.133663366336634
32 191 0.128712871287129
32 190 0.123762376237624
32 189 0.133663366336634
32 188 0.128712871287129
32 187 0.128712871287129
32 186 0.113861386138614
32 185 0.128712871287129
32 184 0.133663366336634
32 183 0.128712871287129
32 182 0.128712871287129
32 181 0.133663366336634
32 180 0.133663366336634
32 179 0.113861386138614
32 178 0.128712871287129
32 177 0.128712871287129
32 176 0.128712871287129
32 175 0.118811881188119
32 174 0.123762376237624
32 173 0.118811881188119
32 172 0.128712871287129
32 171 0.128712871287129
32 170 0.123762376237624
32 169 0.128712871287129
32 168 0.128712871287129
32 167 0.123762376237624
32 166 0.113861386138614
32 165 0.133663366336634
32 164 0.128712871287129
32 163 0.118811881188119
32 162 0.128712871287129
32 161 0.123762376237624
32 160 0.128712871287129
32 159 0.128712871287129
32 158 0.138613861386139
32 157 0.118811881188119
32 156 0.133663366336634
32 155 0.138613861386139
32 154 0.123762376237624
32 153 0.118811881188119
32 152 0.118811881188119
32 151 0.123762376237624
32 150 0.113861386138614
32 149 0.133663366336634
32 148 0.103960396039604
32 147 0.123762376237624
32 146 0.128712871287129
32 145 0.108910891089109
32 144 0.118811881188119
32 143 0.113861386138614
32 142 0.103960396039604
32 141 0.123762376237624
32 140 0.123762376237624
32 139 0.128712871287129
32 138 0.123762376237624
32 137 0.113861386138614
32 136 0.118811881188119
32 135 0.108910891089109
32 134 0.103960396039604
32 133 0.108910891089109
32 132 0.118811881188119
32 131 0.118811881188119
32 130 0.128712871287129
32 129 0.118811881188119
32 128 0.118811881188119
32 127 0.123762376237624
32 126 0.128712871287129
32 125 0.099009900990099
32 124 0.118811881188119
32 123 0.113861386138614
32 122 0.108910891089109
32 121 0.108910891089109
32 120 0.113861386138614
32 119 0.108910891089109
32 118 0.113861386138614
32 117 0.113861386138614
32 116 0.118811881188119
32 115 0.108910891089109
32 114 0.108910891089109
32 113 0.103960396039604
32 112 0.118811881188119
32 111 0.103960396039604
32 110 0.113861386138614
32 109 0.113861386138614
32 108 0.108910891089109
32 107 0.103960396039604
32 106 0.099009900990099
32 105 0.103960396039604
32 104 0.099009900990099
32 103 0.108910891089109
32 102 0.0940594059405941
32 101 0.108910891089109
32 100 0.108910891089109
32 99 0.108910891089109
32 98 0.099009900990099
32 97 0.108910891089109
32 96 0.103960396039604
32 95 0.113861386138614
32 94 0.103960396039604
32 93 0.103960396039604
32 92 0.103960396039604
32 91 0.108910891089109
32 90 0.103960396039604
32 89 0.108910891089109
32 88 0.103960396039604
32 87 0.103960396039604
32 86 0.0940594059405941
32 85 0.113861386138614
32 84 0.103960396039604
32 83 0.103960396039604
32 82 0.103960396039604
32 81 0.103960396039604
32 80 0.113861386138614
32 79 0.099009900990099
32 78 0.108910891089109
32 77 0.099009900990099
32 76 0.108910891089109
32 75 0.099009900990099
32 74 0.099009900990099
32 73 0.108910891089109
32 72 0.103960396039604
32 71 0.099009900990099
32 70 0.103960396039604
32 69 0.099009900990099
32 68 0.103960396039604
32 67 0.103960396039604
32 66 0.108910891089109
32 65 0.099009900990099
32 64 0.099009900990099
32 63 0.103960396039604
32 62 0.113861386138614
32 61 0.108910891089109
32 60 0.108910891089109
32 59 0.108910891089109
32 58 0.118811881188119
32 57 0.099009900990099
32 56 0.103960396039604
32 55 0.108910891089109
32 54 0.103960396039604
32 53 0.113861386138614
32 52 0.103960396039604
32 51 0.0940594059405941
32 50 0.0891089108910891
32 49 0.108910891089109
32 48 0.118811881188119
32 47 0.113861386138614
32 46 0.103960396039604
32 45 0.118811881188119
32 44 0.118811881188119
32 43 0.128712871287129
32 42 0.113861386138614
32 41 0.118811881188119
32 40 0.128712871287129
32 39 0.118811881188119
32 38 0.128712871287129
32 37 0.123762376237624
32 36 0.118811881188119
32 35 0.133663366336634
32 34 0.138613861386139
32 33 0.128712871287129
32 32 0.138613861386139
32 31 0.128712871287129
32 30 0.128712871287129
32 29 0.128712871287129
32 28 0.133663366336634
32 27 0.123762376237624
32 26 0.138613861386139
32 25 0.128712871287129
32 24 0.123762376237624
32 23 0.118811881188119
32 22 0.123762376237624
32 21 0.113861386138614
32 20 0.118811881188119
32 19 0.133663366336634
32 18 0.103960396039604
32 17 0.128712871287129
32 16 0.123762376237624
32 15 0.143564356435644
32 14 0.133663366336634
32 13 0.118811881188119
32 12 0.133663366336634
32 11 0.138613861386139
32 10 0.133663366336634
32 9 0.153465346534653
32 8 0.158415841584158
32 7 0.173267326732673
32 6 0.168316831683168
32 5 0.138613861386139
32 4 0.168316831683168
32 3 0.168316831683168
32 2 0.158415841584158
32 1 0.183168316831683
