198 177555 0.217821782178218
198 17756 0.207920792079208
198 1776 0.173267326732673
198 200 0.128712871287129
198 199 0.103960396039604
198 198 0.099009900990099
198 197 0.108910891089109
198 196 0.113861386138614
198 195 0.108910891089109
198 194 0.113861386138614
198 193 0.108910891089109
198 192 0.103960396039604
198 191 0.103960396039604
198 190 0.113861386138614
198 189 0.103960396039604
198 188 0.113861386138614
198 187 0.103960396039604
198 186 0.113861386138614
198 185 0.108910891089109
198 184 0.099009900990099
198 183 0.103960396039604
198 182 0.103960396039604
198 181 0.108910891089109
198 180 0.108910891089109
198 179 0.099009900990099
198 178 0.108910891089109
198 177 0.108910891089109
198 176 0.113861386138614
198 175 0.099009900990099
198 174 0.108910891089109
198 173 0.108910891089109
198 172 0.099009900990099
198 171 0.103960396039604
198 170 0.099009900990099
198 169 0.108910891089109
198 168 0.103960396039604
198 167 0.099009900990099
198 166 0.103960396039604
198 165 0.099009900990099
198 164 0.103960396039604
198 163 0.113861386138614
198 162 0.103960396039604
198 161 0.099009900990099
198 160 0.099009900990099
198 159 0.099009900990099
198 158 0.103960396039604
198 157 0.108910891089109
198 156 0.099009900990099
198 155 0.099009900990099
198 154 0.108910891089109
198 153 0.099009900990099
198 152 0.0940594059405941
198 151 0.108910891089109
198 150 0.0940594059405941
198 149 0.0891089108910891
198 148 0.103960396039604
198 147 0.113861386138614
198 146 0.099009900990099
198 145 0.099009900990099
198 144 0.0940594059405941
198 143 0.099009900990099
198 142 0.103960396039604
198 141 0.103960396039604
198 140 0.103960396039604
198 139 0.108910891089109
198 138 0.108910891089109
198 137 0.103960396039604
198 136 0.099009900990099
198 135 0.108910891089109
198 134 0.108910891089109
198 133 0.113861386138614
198 132 0.103960396039604
198 131 0.108910891089109
198 130 0.0940594059405941
198 129 0.099009900990099
198 128 0.099009900990099
198 127 0.099009900990099
198 126 0.103960396039604
198 125 0.0940594059405941
198 124 0.103960396039604
198 123 0.099009900990099
198 122 0.103960396039604
198 121 0.099009900990099
198 120 0.099009900990099
198 119 0.099009900990099
198 118 0.103960396039604
198 117 0.103960396039604
198 116 0.099009900990099
198 115 0.103960396039604
198 114 0.103960396039604
198 113 0.108910891089109
198 112 0.108910891089109
198 111 0.099009900990099
198 110 0.103960396039604
198 109 0.108910891089109
198 108 0.103960396039604
198 107 0.103960396039604
198 106 0.108910891089109
198 105 0.099009900990099
198 104 0.103960396039604
198 103 0.0940594059405941
198 102 0.103960396039604
198 101 0.099009900990099
198 100 0.0940594059405941
198 99 0.0940594059405941
198 98 0.0940594059405941
198 97 0.099009900990099
198 96 0.0891089108910891
198 95 0.0940594059405941
198 94 0.0940594059405941
198 93 0.0891089108910891
198 92 0.0940594059405941
198 91 0.0891089108910891
198 90 0.0940594059405941
198 89 0.099009900990099
198 88 0.0891089108910891
198 87 0.0841584158415842
198 86 0.0940594059405941
198 85 0.0841584158415842
198 84 0.0841584158415842
198 83 0.0891089108910891
198 82 0.0891089108910891
198 81 0.103960396039604
198 80 0.103960396039604
198 79 0.0940594059405941
198 78 0.0891089108910891
198 77 0.0792079207920792
198 76 0.0792079207920792
198 75 0.0841584158415842
198 74 0.0841584158415842
198 73 0.0891089108910891
198 72 0.0841584158415842
198 71 0.099009900990099
198 70 0.0891089108910891
198 69 0.0891089108910891
198 68 0.0841584158415842
198 67 0.0940594059405941
198 66 0.0841584158415842
198 65 0.0792079207920792
198 64 0.099009900990099
198 63 0.099009900990099
198 62 0.0891089108910891
198 61 0.103960396039604
198 60 0.0891089108910891
198 59 0.0940594059405941
198 58 0.113861386138614
198 57 0.0841584158415842
198 56 0.108910891089109
198 55 0.103960396039604
198 54 0.099009900990099
198 53 0.0940594059405941
198 52 0.099009900990099
198 51 0.099009900990099
198 50 0.103960396039604
198 49 0.0940594059405941
198 48 0.0940594059405941
198 47 0.0940594059405941
198 46 0.0940594059405941
198 45 0.0891089108910891
198 44 0.113861386138614
198 43 0.0940594059405941
198 42 0.108910891089109
198 41 0.108910891089109
198 40 0.103960396039604
198 39 0.123762376237624
198 38 0.103960396039604
198 37 0.123762376237624
198 36 0.103960396039604
198 35 0.0940594059405941
198 34 0.108910891089109
198 33 0.103960396039604
198 32 0.103960396039604
198 31 0.123762376237624
198 30 0.103960396039604
198 29 0.118811881188119
198 28 0.138613861386139
198 27 0.118811881188119
198 26 0.128712871287129
198 25 0.113861386138614
198 24 0.128712871287129
198 23 0.113861386138614
198 22 0.108910891089109
198 21 0.128712871287129
198 20 0.118811881188119
198 19 0.128712871287129
198 18 0.138613861386139
198 17 0.143564356435644
198 16 0.113861386138614
198 15 0.108910891089109
198 14 0.123762376237624
198 13 0.128712871287129
198 12 0.128712871287129
198 11 0.123762376237624
198 10 0.133663366336634
198 9 0.153465346534653
198 8 0.158415841584158
198 7 0.153465346534653
198 6 0.163366336633663
198 5 0.188118811881188
198 4 0.173267326732673
198 3 0.188118811881188
198 2 0.163366336633663
198 1 0.193069306930693
