89 177555 0.222772277227723
89 17756 0.207920792079208
89 1776 0.158415841584158
89 200 0.128712871287129
89 199 0.138613861386139
89 198 0.118811881188119
89 197 0.128712871287129
89 196 0.128712871287129
89 195 0.128712871287129
89 194 0.133663366336634
89 193 0.148514851485149
89 192 0.128712871287129
89 191 0.128712871287129
89 190 0.123762376237624
89 189 0.118811881188119
89 188 0.143564356435644
89 187 0.133663366336634
89 186 0.128712871287129
89 185 0.108910891089109
89 184 0.123762376237624
89 183 0.118811881188119
89 182 0.133663366336634
89 181 0.113861386138614
89 180 0.113861386138614
89 179 0.118811881188119
89 178 0.108910891089109
89 177 0.138613861386139
89 176 0.118811881188119
89 175 0.118811881188119
89 174 0.128712871287129
89 173 0.118811881188119
89 172 0.113861386138614
89 171 0.108910891089109
89 170 0.118811881188119
89 169 0.113861386138614
89 168 0.113861386138614
89 167 0.123762376237624
89 166 0.128712871287129
89 165 0.133663366336634
89 164 0.113861386138614
89 163 0.118811881188119
89 162 0.123762376237624
89 161 0.128712871287129
89 160 0.113861386138614
89 159 0.118811881188119
89 158 0.118811881188119
89 157 0.123762376237624
89 156 0.133663366336634
89 155 0.118811881188119
89 154 0.118811881188119
89 153 0.123762376237624
89 152 0.123762376237624
89 151 0.108910891089109
89 150 0.118811881188119
89 149 0.113861386138614
89 148 0.113861386138614
89 147 0.113861386138614
89 146 0.118811881188119
89 145 0.118811881188119
89 144 0.123762376237624
89 143 0.113861386138614
89 142 0.108910891089109
89 141 0.108910891089109
89 140 0.108910891089109
89 139 0.118811881188119
89 138 0.118811881188119
89 137 0.118811881188119
89 136 0.118811881188119
89 135 0.113861386138614
89 134 0.118811881188119
89 133 0.113861386138614
89 132 0.118811881188119
89 131 0.108910891089109
89 130 0.113861386138614
89 129 0.103960396039604
89 128 0.113861386138614
89 127 0.118811881188119
89 126 0.118811881188119
89 125 0.118811881188119
89 124 0.113861386138614
89 123 0.113861386138614
89 122 0.113861386138614
89 121 0.118811881188119
89 120 0.108910891089109
89 119 0.118811881188119
89 118 0.113861386138614
89 117 0.108910891089109
89 116 0.108910891089109
89 115 0.108910891089109
89 114 0.108910891089109
89 113 0.103960396039604
89 112 0.118811881188119
89 111 0.103960396039604
89 110 0.123762376237624
89 109 0.099009900990099
89 108 0.113861386138614
89 107 0.108910891089109
89 106 0.103960396039604
89 105 0.123762376237624
89 104 0.113861386138614
89 103 0.118811881188119
89 102 0.118811881188119
89 101 0.103960396039604
89 100 0.108910891089109
89 99 0.103960396039604
89 98 0.103960396039604
89 97 0.103960396039604
89 96 0.108910891089109
89 95 0.113861386138614
89 94 0.113861386138614
89 93 0.103960396039604
89 92 0.103960396039604
89 91 0.0940594059405941
89 90 0.103960396039604
89 89 0.103960396039604
89 88 0.103960396039604
89 87 0.108910891089109
89 86 0.113861386138614
89 85 0.113861386138614
89 84 0.108910891089109
89 83 0.103960396039604
89 82 0.108910891089109
89 81 0.0891089108910891
89 80 0.099009900990099
89 79 0.108910891089109
89 78 0.0891089108910891
89 77 0.099009900990099
89 76 0.0940594059405941
89 75 0.099009900990099
89 74 0.099009900990099
89 73 0.103960396039604
89 72 0.103960396039604
89 71 0.099009900990099
89 70 0.0940594059405941
89 69 0.099009900990099
89 68 0.099009900990099
89 67 0.108910891089109
89 66 0.099009900990099
89 65 0.099009900990099
89 64 0.0940594059405941
89 63 0.0891089108910891
89 62 0.099009900990099
89 61 0.0891089108910891
89 60 0.0841584158415842
89 59 0.0891089108910891
89 58 0.099009900990099
89 57 0.0792079207920792
89 56 0.0841584158415842
89 55 0.0841584158415842
89 54 0.0891089108910891
89 53 0.099009900990099
89 52 0.0792079207920792
89 51 0.0891089108910891
89 50 0.0891089108910891
89 49 0.0792079207920792
89 48 0.0940594059405941
89 47 0.0891089108910891
89 46 0.0891089108910891
89 45 0.0841584158415842
89 44 0.0940594059405941
89 43 0.0841584158415842
89 42 0.0891089108910891
89 41 0.0940594059405941
89 40 0.0940594059405941
89 39 0.099009900990099
89 38 0.099009900990099
89 37 0.108910891089109
89 36 0.108910891089109
89 35 0.113861386138614
89 34 0.113861386138614
89 33 0.113861386138614
89 32 0.099009900990099
89 31 0.099009900990099
89 30 0.099009900990099
89 29 0.108910891089109
89 28 0.123762376237624
89 27 0.113861386138614
89 26 0.108910891089109
89 25 0.113861386138614
89 24 0.113861386138614
89 23 0.123762376237624
89 22 0.128712871287129
89 21 0.118811881188119
89 20 0.128712871287129
89 19 0.118811881188119
89 18 0.103960396039604
89 17 0.113861386138614
89 16 0.123762376237624
89 15 0.118811881188119
89 14 0.123762376237624
89 13 0.118811881188119
89 12 0.118811881188119
89 11 0.128712871287129
89 10 0.138613861386139
89 9 0.138613861386139
89 8 0.143564356435644
89 7 0.143564356435644
89 6 0.188118811881188
89 5 0.188118811881188
89 4 0.148514851485149
89 3 0.193069306930693
89 2 0.158415841584158
89 1 0.183168316831683
