46 177555 0.247524752475248
46 17756 0.212871287128713
46 1776 0.173267326732673
46 200 0.123762376237624
46 199 0.113861386138614
46 198 0.118811881188119
46 197 0.118811881188119
46 196 0.108910891089109
46 195 0.113861386138614
46 194 0.118811881188119
46 193 0.113861386138614
46 192 0.118811881188119
46 191 0.118811881188119
46 190 0.113861386138614
46 189 0.113861386138614
46 188 0.113861386138614
46 187 0.108910891089109
46 186 0.113861386138614
46 185 0.118811881188119
46 184 0.103960396039604
46 183 0.113861386138614
46 182 0.113861386138614
46 181 0.113861386138614
46 180 0.123762376237624
46 179 0.113861386138614
46 178 0.118811881188119
46 177 0.118811881188119
46 176 0.113861386138614
46 175 0.108910891089109
46 174 0.118811881188119
46 173 0.123762376237624
46 172 0.108910891089109
46 171 0.099009900990099
46 170 0.118811881188119
46 169 0.108910891089109
46 168 0.103960396039604
46 167 0.118811881188119
46 166 0.103960396039604
46 165 0.108910891089109
46 164 0.103960396039604
46 163 0.118811881188119
46 162 0.113861386138614
46 161 0.113861386138614
46 160 0.113861386138614
46 159 0.113861386138614
46 158 0.113861386138614
46 157 0.108910891089109
46 156 0.099009900990099
46 155 0.103960396039604
46 154 0.118811881188119
46 153 0.113861386138614
46 152 0.113861386138614
46 151 0.118811881188119
46 150 0.118811881188119
46 149 0.113861386138614
46 148 0.103960396039604
46 147 0.103960396039604
46 146 0.103960396039604
46 145 0.103960396039604
46 144 0.108910891089109
46 143 0.113861386138614
46 142 0.118811881188119
46 141 0.118811881188119
46 140 0.108910891089109
46 139 0.0940594059405941
46 138 0.118811881188119
46 137 0.103960396039604
46 136 0.108910891089109
46 135 0.108910891089109
46 134 0.108910891089109
46 133 0.113861386138614
46 132 0.103960396039604
46 131 0.099009900990099
46 130 0.099009900990099
46 129 0.103960396039604
46 128 0.103960396039604
46 127 0.108910891089109
46 126 0.108910891089109
46 125 0.099009900990099
46 124 0.099009900990099
46 123 0.113861386138614
46 122 0.108910891089109
46 121 0.103960396039604
46 120 0.108910891089109
46 119 0.108910891089109
46 118 0.099009900990099
46 117 0.113861386138614
46 116 0.0940594059405941
46 115 0.0891089108910891
46 114 0.0940594059405941
46 113 0.0940594059405941
46 112 0.108910891089109
46 111 0.108910891089109
46 110 0.099009900990099
46 109 0.099009900990099
46 108 0.0940594059405941
46 107 0.103960396039604
46 106 0.113861386138614
46 105 0.108910891089109
46 104 0.0940594059405941
46 103 0.103960396039604
46 102 0.108910891089109
46 101 0.099009900990099
46 100 0.0891089108910891
46 99 0.0891089108910891
46 98 0.0891089108910891
46 97 0.0891089108910891
46 96 0.103960396039604
46 95 0.099009900990099
46 94 0.099009900990099
46 93 0.0891089108910891
46 92 0.099009900990099
46 91 0.0891089108910891
46 90 0.103960396039604
46 89 0.103960396039604
46 88 0.0940594059405941
46 87 0.0891089108910891
46 86 0.0891089108910891
46 85 0.099009900990099
46 84 0.103960396039604
46 83 0.099009900990099
46 82 0.108910891089109
46 81 0.099009900990099
46 80 0.0940594059405941
46 79 0.0891089108910891
46 78 0.099009900990099
46 77 0.103960396039604
46 76 0.0940594059405941
46 75 0.103960396039604
46 74 0.103960396039604
46 73 0.103960396039604
46 72 0.0891089108910891
46 71 0.103960396039604
46 70 0.099009900990099
46 69 0.0940594059405941
46 68 0.0940594059405941
46 67 0.0940594059405941
46 66 0.103960396039604
46 65 0.0891089108910891
46 64 0.0940594059405941
46 63 0.0891089108910891
46 62 0.103960396039604
46 61 0.0940594059405941
46 60 0.099009900990099
46 59 0.0792079207920792
46 58 0.099009900990099
46 57 0.103960396039604
46 56 0.0940594059405941
46 55 0.099009900990099
46 54 0.103960396039604
46 53 0.0940594059405941
46 52 0.103960396039604
46 51 0.0841584158415842
46 50 0.0940594059405941
46 49 0.0841584158415842
46 48 0.0891089108910891
46 47 0.0891089108910891
46 46 0.0841584158415842
46 45 0.103960396039604
46 44 0.0940594059405941
46 43 0.0841584158415842
46 42 0.0940594059405941
46 41 0.103960396039604
46 40 0.0940594059405941
46 39 0.0940594059405941
46 38 0.0940594059405941
46 37 0.0940594059405941
46 36 0.0940594059405941
46 35 0.103960396039604
46 34 0.113861386138614
46 33 0.113861386138614
46 32 0.108910891089109
46 31 0.103960396039604
46 30 0.103960396039604
46 29 0.103960396039604
46 28 0.113861386138614
46 27 0.108910891089109
46 26 0.108910891089109
46 25 0.108910891089109
46 24 0.133663366336634
46 23 0.113861386138614
46 22 0.103960396039604
46 21 0.108910891089109
46 20 0.103960396039604
46 19 0.113861386138614
46 18 0.113861386138614
46 17 0.0891089108910891
46 16 0.0940594059405941
46 15 0.099009900990099
46 14 0.113861386138614
46 13 0.133663366336634
46 12 0.108910891089109
46 11 0.099009900990099
46 10 0.138613861386139
46 9 0.128712871287129
46 8 0.128712871287129
46 7 0.128712871287129
46 6 0.123762376237624
46 5 0.099009900990099
46 4 0.108910891089109
46 3 0.148514851485149
46 2 0.168316831683168
46 1 0.232673267326733
