195 177555 0.207920792079208
195 17756 0.198019801980198
195 1776 0.158415841584158
195 200 0.118811881188119
195 199 0.0940594059405941
195 198 0.103960396039604
195 197 0.108910891089109
195 196 0.103960396039604
195 195 0.099009900990099
195 194 0.0940594059405941
195 193 0.108910891089109
195 192 0.103960396039604
195 191 0.099009900990099
195 190 0.099009900990099
195 189 0.103960396039604
195 188 0.108910891089109
195 187 0.103960396039604
195 186 0.103960396039604
195 185 0.118811881188119
195 184 0.0940594059405941
195 183 0.0940594059405941
195 182 0.099009900990099
195 181 0.103960396039604
195 180 0.0940594059405941
195 179 0.099009900990099
195 178 0.0940594059405941
195 177 0.103960396039604
195 176 0.0891089108910891
195 175 0.099009900990099
195 174 0.099009900990099
195 173 0.0891089108910891
195 172 0.0940594059405941
195 171 0.099009900990099
195 170 0.099009900990099
195 169 0.108910891089109
195 168 0.099009900990099
195 167 0.099009900990099
195 166 0.099009900990099
195 165 0.0940594059405941
195 164 0.099009900990099
195 163 0.103960396039604
195 162 0.099009900990099
195 161 0.103960396039604
195 160 0.103960396039604
195 159 0.0940594059405941
195 158 0.099009900990099
195 157 0.099009900990099
195 156 0.0940594059405941
195 155 0.099009900990099
195 154 0.099009900990099
195 153 0.103960396039604
195 152 0.099009900990099
195 151 0.0841584158415842
195 150 0.0940594059405941
195 149 0.103960396039604
195 148 0.099009900990099
195 147 0.0940594059405941
195 146 0.099009900990099
195 145 0.099009900990099
195 144 0.0841584158415842
195 143 0.099009900990099
195 142 0.099009900990099
195 141 0.0940594059405941
195 140 0.0891089108910891
195 139 0.0940594059405941
195 138 0.103960396039604
195 137 0.0940594059405941
195 136 0.0792079207920792
195 135 0.099009900990099
195 134 0.099009900990099
195 133 0.0891089108910891
195 132 0.0891089108910891
195 131 0.103960396039604
195 130 0.099009900990099
195 129 0.0940594059405941
195 128 0.0891089108910891
195 127 0.103960396039604
195 126 0.0891089108910891
195 125 0.0940594059405941
195 124 0.0891089108910891
195 123 0.0940594059405941
195 122 0.0940594059405941
195 121 0.0940594059405941
195 120 0.0891089108910891
195 119 0.099009900990099
195 118 0.0841584158415842
195 117 0.0940594059405941
195 116 0.0940594059405941
195 115 0.0940594059405941
195 114 0.103960396039604
195 113 0.0940594059405941
195 112 0.099009900990099
195 111 0.0940594059405941
195 110 0.0841584158415842
195 109 0.0940594059405941
195 108 0.0940594059405941
195 107 0.0940594059405941
195 106 0.0940594059405941
195 105 0.099009900990099
195 104 0.0792079207920792
195 103 0.0940594059405941
195 102 0.0891089108910891
195 101 0.0940594059405941
195 100 0.0940594059405941
195 99 0.103960396039604
195 98 0.0940594059405941
195 97 0.103960396039604
195 96 0.099009900990099
195 95 0.0792079207920792
195 94 0.103960396039604
195 93 0.0891089108910891
195 92 0.0940594059405941
195 91 0.0792079207920792
195 90 0.0891089108910891
195 89 0.0792079207920792
195 88 0.0891089108910891
195 87 0.0940594059405941
195 86 0.0891089108910891
195 85 0.0841584158415842
195 84 0.0841584158415842
195 83 0.0940594059405941
195 82 0.0792079207920792
195 81 0.0792079207920792
195 80 0.0841584158415842
195 79 0.0841584158415842
195 78 0.0891089108910891
195 77 0.0891089108910891
195 76 0.0792079207920792
195 75 0.0891089108910891
195 74 0.0742574257425743
195 73 0.0891089108910891
195 72 0.0891089108910891
195 71 0.099009900990099
195 70 0.0891089108910891
195 69 0.0792079207920792
195 68 0.0940594059405941
195 67 0.0792079207920792
195 66 0.0940594059405941
195 65 0.0891089108910891
195 64 0.0792079207920792
195 63 0.0891089108910891
195 62 0.0841584158415842
195 61 0.0891089108910891
195 60 0.099009900990099
195 59 0.108910891089109
195 58 0.099009900990099
195 57 0.0891089108910891
195 56 0.0841584158415842
195 55 0.103960396039604
195 54 0.099009900990099
195 53 0.0891089108910891
195 52 0.099009900990099
195 51 0.0891089108910891
195 50 0.099009900990099
195 49 0.103960396039604
195 48 0.0841584158415842
195 47 0.0940594059405941
195 46 0.0940594059405941
195 45 0.0940594059405941
195 44 0.0940594059405941
195 43 0.0841584158415842
195 42 0.0792079207920792
195 41 0.108910891089109
195 40 0.0891089108910891
195 39 0.108910891089109
195 38 0.103960396039604
195 37 0.103960396039604
195 36 0.0940594059405941
195 35 0.113861386138614
195 34 0.103960396039604
195 33 0.108910891089109
195 32 0.0940594059405941
195 31 0.099009900990099
195 30 0.108910891089109
195 29 0.123762376237624
195 28 0.113861386138614
195 27 0.103960396039604
195 26 0.108910891089109
195 25 0.113861386138614
195 24 0.118811881188119
195 23 0.113861386138614
195 22 0.128712871287129
195 21 0.123762376237624
195 20 0.128712871287129
195 19 0.128712871287129
195 18 0.158415841584158
195 17 0.118811881188119
195 16 0.138613861386139
195 15 0.113861386138614
195 14 0.138613861386139
195 13 0.123762376237624
195 12 0.138613861386139
195 11 0.153465346534653
195 10 0.148514851485149
195 9 0.133663366336634
195 8 0.153465346534653
195 7 0.168316831683168
195 6 0.173267326732673
195 5 0.138613861386139
195 4 0.173267326732673
195 3 0.178217821782178
195 2 0.198019801980198
195 1 0.202970297029703
