2 177555 0.232673267326733
2 17756 0.193069306930693
2 1776 0.158415841584158
2 200 0.123762376237624
2 199 0.118811881188119
2 198 0.128712871287129
2 197 0.108910891089109
2 196 0.113861386138614
2 195 0.108910891089109
2 194 0.113861386138614
2 193 0.118811881188119
2 192 0.113861386138614
2 191 0.118811881188119
2 190 0.108910891089109
2 189 0.113861386138614
2 188 0.113861386138614
2 187 0.108910891089109
2 186 0.108910891089109
2 185 0.113861386138614
2 184 0.103960396039604
2 183 0.108910891089109
2 182 0.108910891089109
2 181 0.113861386138614
2 180 0.108910891089109
2 179 0.118811881188119
2 178 0.113861386138614
2 177 0.118811881188119
2 176 0.113861386138614
2 175 0.108910891089109
2 174 0.108910891089109
2 173 0.103960396039604
2 172 0.108910891089109
2 171 0.108910891089109
2 170 0.118811881188119
2 169 0.108910891089109
2 168 0.118811881188119
2 167 0.123762376237624
2 166 0.0940594059405941
2 165 0.113861386138614
2 164 0.118811881188119
2 163 0.108910891089109
2 162 0.113861386138614
2 161 0.118811881188119
2 160 0.108910891089109
2 159 0.113861386138614
2 158 0.113861386138614
2 157 0.123762376237624
2 156 0.108910891089109
2 155 0.108910891089109
2 154 0.118811881188119
2 153 0.118811881188119
2 152 0.113861386138614
2 151 0.113861386138614
2 150 0.133663366336634
2 149 0.118811881188119
2 148 0.113861386138614
2 147 0.103960396039604
2 146 0.113861386138614
2 145 0.113861386138614
2 144 0.128712871287129
2 143 0.108910891089109
2 142 0.108910891089109
2 141 0.118811881188119
2 140 0.113861386138614
2 139 0.108910891089109
2 138 0.103960396039604
2 137 0.113861386138614
2 136 0.113861386138614
2 135 0.113861386138614
2 134 0.113861386138614
2 133 0.108910891089109
2 132 0.108910891089109
2 131 0.0940594059405941
2 130 0.108910891089109
2 129 0.113861386138614
2 128 0.103960396039604
2 127 0.103960396039604
2 126 0.113861386138614
2 125 0.108910891089109
2 124 0.113861386138614
2 123 0.108910891089109
2 122 0.108910891089109
2 121 0.099009900990099
2 120 0.108910891089109
2 119 0.103960396039604
2 118 0.103960396039604
2 117 0.0940594059405941
2 116 0.108910891089109
2 115 0.099009900990099
2 114 0.0940594059405941
2 113 0.099009900990099
2 112 0.118811881188119
2 111 0.0940594059405941
2 110 0.108910891089109
2 109 0.113861386138614
2 108 0.103960396039604
2 107 0.103960396039604
2 106 0.103960396039604
2 105 0.108910891089109
2 104 0.103960396039604
2 103 0.0891089108910891
2 102 0.103960396039604
2 101 0.0940594059405941
2 100 0.0940594059405941
2 99 0.0841584158415842
2 98 0.103960396039604
2 97 0.099009900990099
2 96 0.0940594059405941
2 95 0.0891089108910891
2 94 0.099009900990099
2 93 0.0891089108910891
2 92 0.0841584158415842
2 91 0.108910891089109
2 90 0.0940594059405941
2 89 0.0940594059405941
2 88 0.108910891089109
2 87 0.108910891089109
2 86 0.099009900990099
2 85 0.0940594059405941
2 84 0.0891089108910891
2 83 0.099009900990099
2 82 0.103960396039604
2 81 0.0940594059405941
2 80 0.0841584158415842
2 79 0.0841584158415842
2 78 0.099009900990099
2 77 0.108910891089109
2 76 0.103960396039604
2 75 0.099009900990099
2 74 0.0940594059405941
2 73 0.103960396039604
2 72 0.108910891089109
2 71 0.103960396039604
2 70 0.099009900990099
2 69 0.0940594059405941
2 68 0.113861386138614
2 67 0.103960396039604
2 66 0.0940594059405941
2 65 0.0841584158415842
2 64 0.0940594059405941
2 63 0.099009900990099
2 62 0.0891089108910891
2 61 0.0940594059405941
2 60 0.0891089108910891
2 59 0.0940594059405941
2 58 0.099009900990099
2 57 0.0891089108910891
2 56 0.0940594059405941
2 55 0.0940594059405941
2 54 0.099009900990099
2 53 0.108910891089109
2 52 0.0940594059405941
2 51 0.103960396039604
2 50 0.099009900990099
2 49 0.113861386138614
2 48 0.103960396039604
2 47 0.113861386138614
2 46 0.118811881188119
2 45 0.103960396039604
2 44 0.103960396039604
2 43 0.103960396039604
2 42 0.099009900990099
2 41 0.099009900990099
2 40 0.099009900990099
2 39 0.099009900990099
2 38 0.099009900990099
2 37 0.103960396039604
2 36 0.099009900990099
2 35 0.103960396039604
2 34 0.103960396039604
2 33 0.103960396039604
2 32 0.113861386138614
2 31 0.103960396039604
2 30 0.118811881188119
2 29 0.113861386138614
2 28 0.108910891089109
2 27 0.118811881188119
2 26 0.123762376237624
2 25 0.118811881188119
2 24 0.108910891089109
2 23 0.108910891089109
2 22 0.113861386138614
2 21 0.138613861386139
2 20 0.123762376237624
2 19 0.128712871287129
2 18 0.123762376237624
2 17 0.128712871287129
2 16 0.113861386138614
2 15 0.123762376237624
2 14 0.128712871287129
2 13 0.123762376237624
2 12 0.108910891089109
2 11 0.123762376237624
2 10 0.153465346534653
2 9 0.133663366336634
2 8 0.173267326732673
2 7 0.148514851485149
2 6 0.123762376237624
2 5 0.148514851485149
2 4 0.183168316831683
2 3 0.212871287128713
2 2 0.232673267326733
2 1 0.346534653465347
