55 177555 0.247524752475248
55 17756 0.212871287128713
55 1776 0.168316831683168
55 200 0.118811881188119
55 199 0.118811881188119
55 198 0.113861386138614
55 197 0.108910891089109
55 196 0.123762376237624
55 195 0.108910891089109
55 194 0.113861386138614
55 193 0.118811881188119
55 192 0.123762376237624
55 191 0.123762376237624
55 190 0.118811881188119
55 189 0.123762376237624
55 188 0.108910891089109
55 187 0.128712871287129
55 186 0.108910891089109
55 185 0.118811881188119
55 184 0.123762376237624
55 183 0.113861386138614
55 182 0.118811881188119
55 181 0.133663366336634
55 180 0.108910891089109
55 179 0.103960396039604
55 178 0.113861386138614
55 177 0.118811881188119
55 176 0.108910891089109
55 175 0.113861386138614
55 174 0.113861386138614
55 173 0.108910891089109
55 172 0.118811881188119
55 171 0.118811881188119
55 170 0.103960396039604
55 169 0.113861386138614
55 168 0.118811881188119
55 167 0.128712871287129
55 166 0.108910891089109
55 165 0.103960396039604
55 164 0.113861386138614
55 163 0.108910891089109
55 162 0.108910891089109
55 161 0.113861386138614
55 160 0.103960396039604
55 159 0.113861386138614
55 158 0.118811881188119
55 157 0.103960396039604
55 156 0.108910891089109
55 155 0.099009900990099
55 154 0.108910891089109
55 153 0.108910891089109
55 152 0.113861386138614
55 151 0.103960396039604
55 150 0.103960396039604
55 149 0.103960396039604
55 148 0.103960396039604
55 147 0.099009900990099
55 146 0.118811881188119
55 145 0.103960396039604
55 144 0.099009900990099
55 143 0.0940594059405941
55 142 0.099009900990099
55 141 0.113861386138614
55 140 0.103960396039604
55 139 0.108910891089109
55 138 0.103960396039604
55 137 0.099009900990099
55 136 0.103960396039604
55 135 0.108910891089109
55 134 0.099009900990099
55 133 0.099009900990099
55 132 0.108910891089109
55 131 0.103960396039604
55 130 0.099009900990099
55 129 0.099009900990099
55 128 0.103960396039604
55 127 0.108910891089109
55 126 0.103960396039604
55 125 0.108910891089109
55 124 0.108910891089109
55 123 0.113861386138614
55 122 0.099009900990099
55 121 0.099009900990099
55 120 0.099009900990099
55 119 0.108910891089109
55 118 0.099009900990099
55 117 0.099009900990099
55 116 0.103960396039604
55 115 0.103960396039604
55 114 0.099009900990099
55 113 0.099009900990099
55 112 0.0940594059405941
55 111 0.099009900990099
55 110 0.0891089108910891
55 109 0.0940594059405941
55 108 0.0891089108910891
55 107 0.0940594059405941
55 106 0.099009900990099
55 105 0.0940594059405941
55 104 0.103960396039604
55 103 0.0940594059405941
55 102 0.108910891089109
55 101 0.108910891089109
55 100 0.099009900990099
55 99 0.0940594059405941
55 98 0.0940594059405941
55 97 0.099009900990099
55 96 0.0891089108910891
55 95 0.0940594059405941
55 94 0.0891089108910891
55 93 0.0891089108910891
55 92 0.0841584158415842
55 91 0.0891089108910891
55 90 0.0891089108910891
55 89 0.0891089108910891
55 88 0.0792079207920792
55 87 0.0792079207920792
55 86 0.0940594059405941
55 85 0.103960396039604
55 84 0.0841584158415842
55 83 0.0940594059405941
55 82 0.0940594059405941
55 81 0.099009900990099
55 80 0.103960396039604
55 79 0.0940594059405941
55 78 0.099009900990099
55 77 0.0891089108910891
55 76 0.099009900990099
55 75 0.108910891089109
55 74 0.099009900990099
55 73 0.099009900990099
55 72 0.0891089108910891
55 71 0.099009900990099
55 70 0.099009900990099
55 69 0.0891089108910891
55 68 0.099009900990099
55 67 0.0891089108910891
55 66 0.103960396039604
55 65 0.103960396039604
55 64 0.0940594059405941
55 63 0.118811881188119
55 62 0.099009900990099
55 61 0.103960396039604
55 60 0.103960396039604
55 59 0.0841584158415842
55 58 0.113861386138614
55 57 0.0940594059405941
55 56 0.0940594059405941
55 55 0.099009900990099
55 54 0.0940594059405941
55 53 0.0940594059405941
55 52 0.0891089108910891
55 51 0.0891089108910891
55 50 0.103960396039604
55 49 0.099009900990099
55 48 0.099009900990099
55 47 0.099009900990099
55 46 0.113861386138614
55 45 0.108910891089109
55 44 0.103960396039604
55 43 0.099009900990099
55 42 0.099009900990099
55 41 0.108910891089109
55 40 0.113861386138614
55 39 0.123762376237624
55 38 0.118811881188119
55 37 0.103960396039604
55 36 0.118811881188119
55 35 0.128712871287129
55 34 0.123762376237624
55 33 0.113861386138614
55 32 0.123762376237624
55 31 0.133663366336634
55 30 0.143564356435644
55 29 0.138613861386139
55 28 0.123762376237624
55 27 0.133663366336634
55 26 0.143564356435644
55 25 0.153465346534653
55 24 0.148514851485149
55 23 0.143564356435644
55 22 0.148514851485149
55 21 0.138613861386139
55 20 0.153465346534653
55 19 0.143564356435644
55 18 0.148514851485149
55 17 0.148514851485149
55 16 0.143564356435644
55 15 0.153465346534653
55 14 0.153465346534653
55 13 0.148514851485149
55 12 0.133663366336634
55 11 0.148514851485149
55 10 0.158415841584158
55 9 0.178217821782178
55 8 0.163366336633663
55 7 0.193069306930693
55 6 0.168316831683168
55 5 0.183168316831683
55 4 0.183168316831683
55 3 0.198019801980198
55 2 0.158415841584158
55 1 0.198019801980198
