140 177555 0.227722772277228
140 17756 0.202970297029703
140 1776 0.163366336633663
140 200 0.133663366336634
140 199 0.123762376237624
140 198 0.128712871287129
140 197 0.113861386138614
140 196 0.128712871287129
140 195 0.138613861386139
140 194 0.123762376237624
140 193 0.123762376237624
140 192 0.128712871287129
140 191 0.118811881188119
140 190 0.123762376237624
140 189 0.118811881188119
140 188 0.113861386138614
140 187 0.113861386138614
140 186 0.118811881188119
140 185 0.123762376237624
140 184 0.133663366336634
140 183 0.123762376237624
140 182 0.118811881188119
140 181 0.123762376237624
140 180 0.118811881188119
140 179 0.123762376237624
140 178 0.123762376237624
140 177 0.113861386138614
140 176 0.113861386138614
140 175 0.118811881188119
140 174 0.113861386138614
140 173 0.118811881188119
140 172 0.108910891089109
140 171 0.123762376237624
140 170 0.113861386138614
140 169 0.108910891089109
140 168 0.108910891089109
140 167 0.118811881188119
140 166 0.113861386138614
140 165 0.118811881188119
140 164 0.113861386138614
140 163 0.118811881188119
140 162 0.103960396039604
140 161 0.113861386138614
140 160 0.123762376237624
140 159 0.103960396039604
140 158 0.108910891089109
140 157 0.108910891089109
140 156 0.108910891089109
140 155 0.103960396039604
140 154 0.103960396039604
140 153 0.108910891089109
140 152 0.103960396039604
140 151 0.103960396039604
140 150 0.103960396039604
140 149 0.103960396039604
140 148 0.103960396039604
140 147 0.108910891089109
140 146 0.108910891089109
140 145 0.103960396039604
140 144 0.108910891089109
140 143 0.099009900990099
140 142 0.113861386138614
140 141 0.108910891089109
140 140 0.113861386138614
140 139 0.103960396039604
140 138 0.108910891089109
140 137 0.099009900990099
140 136 0.108910891089109
140 135 0.099009900990099
140 134 0.103960396039604
140 133 0.103960396039604
140 132 0.103960396039604
140 131 0.103960396039604
140 130 0.103960396039604
140 129 0.108910891089109
140 128 0.113861386138614
140 127 0.103960396039604
140 126 0.108910891089109
140 125 0.113861386138614
140 124 0.113861386138614
140 123 0.108910891089109
140 122 0.118811881188119
140 121 0.108910891089109
140 120 0.118811881188119
140 119 0.099009900990099
140 118 0.118811881188119
140 117 0.103960396039604
140 116 0.113861386138614
140 115 0.113861386138614
140 114 0.113861386138614
140 113 0.099009900990099
140 112 0.103960396039604
140 111 0.108910891089109
140 110 0.103960396039604
140 109 0.103960396039604
140 108 0.108910891089109
140 107 0.103960396039604
140 106 0.099009900990099
140 105 0.103960396039604
140 104 0.108910891089109
140 103 0.108910891089109
140 102 0.099009900990099
140 101 0.108910891089109
140 100 0.108910891089109
140 99 0.108910891089109
140 98 0.103960396039604
140 97 0.099009900990099
140 96 0.0940594059405941
140 95 0.099009900990099
140 94 0.113861386138614
140 93 0.108910891089109
140 92 0.108910891089109
140 91 0.108910891089109
140 90 0.099009900990099
140 89 0.103960396039604
140 88 0.108910891089109
140 87 0.103960396039604
140 86 0.099009900990099
140 85 0.0940594059405941
140 84 0.099009900990099
140 83 0.0891089108910891
140 82 0.0940594059405941
140 81 0.0891089108910891
140 80 0.0841584158415842
140 79 0.0891089108910891
140 78 0.0891089108910891
140 77 0.0792079207920792
140 76 0.0792079207920792
140 75 0.0891089108910891
140 74 0.0841584158415842
140 73 0.0940594059405941
140 72 0.0940594059405941
140 71 0.0891089108910891
140 70 0.0891089108910891
140 69 0.0891089108910891
140 68 0.0792079207920792
140 67 0.0891089108910891
140 66 0.0891089108910891
140 65 0.0891089108910891
140 64 0.0940594059405941
140 63 0.0940594059405941
140 62 0.0841584158415842
140 61 0.0792079207920792
140 60 0.0891089108910891
140 59 0.099009900990099
140 58 0.0891089108910891
140 57 0.0891089108910891
140 56 0.099009900990099
140 55 0.099009900990099
140 54 0.0940594059405941
140 53 0.0940594059405941
140 52 0.099009900990099
140 51 0.0891089108910891
140 50 0.0891089108910891
140 49 0.099009900990099
140 48 0.0891089108910891
140 47 0.0841584158415842
140 46 0.0841584158415842
140 45 0.0891089108910891
140 44 0.099009900990099
140 43 0.0940594059405941
140 42 0.0841584158415842
140 41 0.0940594059405941
140 40 0.099009900990099
140 39 0.0940594059405941
140 38 0.0891089108910891
140 37 0.0940594059405941
140 36 0.113861386138614
140 35 0.113861386138614
140 34 0.099009900990099
140 33 0.0891089108910891
140 32 0.113861386138614
140 31 0.103960396039604
140 30 0.103960396039604
140 29 0.103960396039604
140 28 0.0940594059405941
140 27 0.103960396039604
140 26 0.103960396039604
140 25 0.113861386138614
140 24 0.118811881188119
140 23 0.143564356435644
140 22 0.113861386138614
140 21 0.123762376237624
140 20 0.133663366336634
140 19 0.123762376237624
140 18 0.113861386138614
140 17 0.108910891089109
140 16 0.133663366336634
140 15 0.138613861386139
140 14 0.108910891089109
140 13 0.133663366336634
140 12 0.138613861386139
140 11 0.138613861386139
140 10 0.128712871287129
140 9 0.148514851485149
140 8 0.138613861386139
140 7 0.158415841584158
140 6 0.148514851485149
140 5 0.173267326732673
140 4 0.163366336633663
140 3 0.173267326732673
140 2 0.212871287128713
140 1 0.227722772277228
