178 177555 0.242574257425743
178 17756 0.202970297029703
178 1776 0.173267326732673
178 200 0.118811881188119
178 199 0.118811881188119
178 198 0.128712871287129
178 197 0.118811881188119
178 196 0.118811881188119
178 195 0.113861386138614
178 194 0.128712871287129
178 193 0.113861386138614
178 192 0.128712871287129
178 191 0.118811881188119
178 190 0.143564356435644
178 189 0.123762376237624
178 188 0.118811881188119
178 187 0.128712871287129
178 186 0.123762376237624
178 185 0.123762376237624
178 184 0.123762376237624
178 183 0.113861386138614
178 182 0.128712871287129
178 181 0.133663366336634
178 180 0.118811881188119
178 179 0.118811881188119
178 178 0.123762376237624
178 177 0.118811881188119
178 176 0.123762376237624
178 175 0.138613861386139
178 174 0.123762376237624
178 173 0.118811881188119
178 172 0.113861386138614
178 171 0.138613861386139
178 170 0.113861386138614
178 169 0.123762376237624
178 168 0.123762376237624
178 167 0.128712871287129
178 166 0.128712871287129
178 165 0.123762376237624
178 164 0.118811881188119
178 163 0.108910891089109
178 162 0.113861386138614
178 161 0.123762376237624
178 160 0.123762376237624
178 159 0.118811881188119
178 158 0.113861386138614
178 157 0.113861386138614
178 156 0.113861386138614
178 155 0.108910891089109
178 154 0.113861386138614
178 153 0.113861386138614
178 152 0.113861386138614
178 151 0.113861386138614
178 150 0.113861386138614
178 149 0.113861386138614
178 148 0.123762376237624
178 147 0.113861386138614
178 146 0.108910891089109
178 145 0.118811881188119
178 144 0.118811881188119
178 143 0.118811881188119
178 142 0.123762376237624
178 141 0.118811881188119
178 140 0.118811881188119
178 139 0.123762376237624
178 138 0.118811881188119
178 137 0.118811881188119
178 136 0.128712871287129
178 135 0.113861386138614
178 134 0.118811881188119
178 133 0.118811881188119
178 132 0.118811881188119
178 131 0.108910891089109
178 130 0.133663366336634
178 129 0.118811881188119
178 128 0.123762376237624
178 127 0.123762376237624
178 126 0.118811881188119
178 125 0.118811881188119
178 124 0.123762376237624
178 123 0.118811881188119
178 122 0.118811881188119
178 121 0.118811881188119
178 120 0.118811881188119
178 119 0.123762376237624
178 118 0.123762376237624
178 117 0.113861386138614
178 116 0.123762376237624
178 115 0.123762376237624
178 114 0.123762376237624
178 113 0.113861386138614
178 112 0.118811881188119
178 111 0.118811881188119
178 110 0.108910891089109
178 109 0.123762376237624
178 108 0.118811881188119
178 107 0.108910891089109
178 106 0.113861386138614
178 105 0.118811881188119
178 104 0.113861386138614
178 103 0.118811881188119
178 102 0.123762376237624
178 101 0.123762376237624
178 100 0.123762376237624
178 99 0.133663366336634
178 98 0.118811881188119
178 97 0.113861386138614
178 96 0.113861386138614
178 95 0.123762376237624
178 94 0.118811881188119
178 93 0.113861386138614
178 92 0.103960396039604
178 91 0.113861386138614
178 90 0.108910891089109
178 89 0.118811881188119
178 88 0.113861386138614
178 87 0.118811881188119
178 86 0.113861386138614
178 85 0.108910891089109
178 84 0.108910891089109
178 83 0.113861386138614
178 82 0.108910891089109
178 81 0.118811881188119
178 80 0.108910891089109
178 79 0.113861386138614
178 78 0.103960396039604
178 77 0.113861386138614
178 76 0.099009900990099
178 75 0.103960396039604
178 74 0.118811881188119
178 73 0.113861386138614
178 72 0.118811881188119
178 71 0.103960396039604
178 70 0.103960396039604
178 69 0.099009900990099
178 68 0.103960396039604
178 67 0.099009900990099
178 66 0.113861386138614
178 65 0.108910891089109
178 64 0.118811881188119
178 63 0.113861386138614
178 62 0.108910891089109
178 61 0.103960396039604
178 60 0.099009900990099
178 59 0.103960396039604
178 58 0.113861386138614
178 57 0.103960396039604
178 56 0.108910891089109
178 55 0.099009900990099
178 54 0.108910891089109
178 53 0.108910891089109
178 52 0.103960396039604
178 51 0.108910891089109
178 50 0.108910891089109
178 49 0.103960396039604
178 48 0.103960396039604
178 47 0.103960396039604
178 46 0.0891089108910891
178 45 0.0841584158415842
178 44 0.103960396039604
178 43 0.0940594059405941
178 42 0.0891089108910891
178 41 0.103960396039604
178 40 0.103960396039604
178 39 0.108910891089109
178 38 0.113861386138614
178 37 0.113861386138614
178 36 0.103960396039604
178 35 0.108910891089109
178 34 0.0940594059405941
178 33 0.103960396039604
178 32 0.0891089108910891
178 31 0.108910891089109
178 30 0.0940594059405941
178 29 0.099009900990099
178 28 0.0742574257425743
178 27 0.0940594059405941
178 26 0.0940594059405941
178 25 0.099009900990099
178 24 0.0940594059405941
178 23 0.113861386138614
178 22 0.108910891089109
178 21 0.113861386138614
178 20 0.099009900990099
178 19 0.118811881188119
178 18 0.0891089108910891
178 17 0.103960396039604
178 16 0.0891089108910891
178 15 0.108910891089109
178 14 0.099009900990099
178 13 0.099009900990099
178 12 0.099009900990099
178 11 0.099009900990099
178 10 0.103960396039604
178 9 0.103960396039604
178 8 0.138613861386139
178 7 0.133663366336634
178 6 0.143564356435644
178 5 0.163366336633663
178 4 0.173267326732673
178 3 0.193069306930693
178 2 0.202970297029703
178 1 0.207920792079208
