110 177555 0.222772277227723
110 17756 0.207920792079208
110 1776 0.178217821782178
110 200 0.128712871287129
110 199 0.133663366336634
110 198 0.118811881188119
110 197 0.128712871287129
110 196 0.123762376237624
110 195 0.123762376237624
110 194 0.113861386138614
110 193 0.128712871287129
110 192 0.138613861386139
110 191 0.128712871287129
110 190 0.123762376237624
110 189 0.128712871287129
110 188 0.128712871287129
110 187 0.128712871287129
110 186 0.128712871287129
110 185 0.133663366336634
110 184 0.138613861386139
110 183 0.123762376237624
110 182 0.133663366336634
110 181 0.118811881188119
110 180 0.133663366336634
110 179 0.128712871287129
110 178 0.123762376237624
110 177 0.133663366336634
110 176 0.123762376237624
110 175 0.113861386138614
110 174 0.113861386138614
110 173 0.123762376237624
110 172 0.113861386138614
110 171 0.133663366336634
110 170 0.123762376237624
110 169 0.123762376237624
110 168 0.113861386138614
110 167 0.123762376237624
110 166 0.123762376237624
110 165 0.118811881188119
110 164 0.123762376237624
110 163 0.113861386138614
110 162 0.123762376237624
110 161 0.123762376237624
110 160 0.133663366336634
110 159 0.133663366336634
110 158 0.118811881188119
110 157 0.118811881188119
110 156 0.118811881188119
110 155 0.133663366336634
110 154 0.123762376237624
110 153 0.123762376237624
110 152 0.123762376237624
110 151 0.113861386138614
110 150 0.108910891089109
110 149 0.123762376237624
110 148 0.123762376237624
110 147 0.113861386138614
110 146 0.123762376237624
110 145 0.123762376237624
110 144 0.113861386138614
110 143 0.118811881188119
110 142 0.128712871287129
110 141 0.123762376237624
110 140 0.118811881188119
110 139 0.123762376237624
110 138 0.123762376237624
110 137 0.118811881188119
110 136 0.128712871287129
110 135 0.118811881188119
110 134 0.128712871287129
110 133 0.113861386138614
110 132 0.108910891089109
110 131 0.118811881188119
110 130 0.118811881188119
110 129 0.108910891089109
110 128 0.123762376237624
110 127 0.113861386138614
110 126 0.113861386138614
110 125 0.118811881188119
110 124 0.108910891089109
110 123 0.123762376237624
110 122 0.133663366336634
110 121 0.123762376237624
110 120 0.108910891089109
110 119 0.118811881188119
110 118 0.113861386138614
110 117 0.113861386138614
110 116 0.113861386138614
110 115 0.118811881188119
110 114 0.118811881188119
110 113 0.118811881188119
110 112 0.133663366336634
110 111 0.133663366336634
110 110 0.123762376237624
110 109 0.108910891089109
110 108 0.113861386138614
110 107 0.118811881188119
110 106 0.118811881188119
110 105 0.118811881188119
110 104 0.123762376237624
110 103 0.118811881188119
110 102 0.113861386138614
110 101 0.103960396039604
110 100 0.103960396039604
110 99 0.118811881188119
110 98 0.108910891089109
110 97 0.123762376237624
110 96 0.118811881188119
110 95 0.118811881188119
110 94 0.128712871287129
110 93 0.118811881188119
110 92 0.128712871287129
110 91 0.118811881188119
110 90 0.113861386138614
110 89 0.113861386138614
110 88 0.128712871287129
110 87 0.118811881188119
110 86 0.123762376237624
110 85 0.128712871287129
110 84 0.128712871287129
110 83 0.118811881188119
110 82 0.123762376237624
110 81 0.123762376237624
110 80 0.118811881188119
110 79 0.118811881188119
110 78 0.118811881188119
110 77 0.113861386138614
110 76 0.128712871287129
110 75 0.118811881188119
110 74 0.108910891089109
110 73 0.103960396039604
110 72 0.103960396039604
110 71 0.103960396039604
110 70 0.103960396039604
110 69 0.108910891089109
110 68 0.108910891089109
110 67 0.103960396039604
110 66 0.103960396039604
110 65 0.108910891089109
110 64 0.103960396039604
110 63 0.108910891089109
110 62 0.0940594059405941
110 61 0.113861386138614
110 60 0.103960396039604
110 59 0.099009900990099
110 58 0.0891089108910891
110 57 0.099009900990099
110 56 0.0940594059405941
110 55 0.103960396039604
110 54 0.108910891089109
110 53 0.108910891089109
110 52 0.108910891089109
110 51 0.113861386138614
110 50 0.118811881188119
110 49 0.099009900990099
110 48 0.103960396039604
110 47 0.108910891089109
110 46 0.103960396039604
110 45 0.108910891089109
110 44 0.113861386138614
110 43 0.113861386138614
110 42 0.113861386138614
110 41 0.103960396039604
110 40 0.108910891089109
110 39 0.108910891089109
110 38 0.113861386138614
110 37 0.108910891089109
110 36 0.099009900990099
110 35 0.113861386138614
110 34 0.0940594059405941
110 33 0.103960396039604
110 32 0.108910891089109
110 31 0.118811881188119
110 30 0.113861386138614
110 29 0.118811881188119
110 28 0.118811881188119
110 27 0.123762376237624
110 26 0.113861386138614
110 25 0.118811881188119
110 24 0.128712871287129
110 23 0.123762376237624
110 22 0.123762376237624
110 21 0.148514851485149
110 20 0.113861386138614
110 19 0.123762376237624
110 18 0.108910891089109
110 17 0.123762376237624
110 16 0.118811881188119
110 15 0.138613861386139
110 14 0.143564356435644
110 13 0.128712871287129
110 12 0.138613861386139
110 11 0.138613861386139
110 10 0.148514851485149
110 9 0.143564356435644
110 8 0.158415841584158
110 7 0.123762376237624
110 6 0.173267326732673
110 5 0.207920792079208
110 4 0.173267326732673
110 3 0.178217821782178
110 2 0.247524752475248
110 1 0.212871287128713
