43 177555 0.222772277227723
43 17756 0.212871287128713
43 1776 0.173267326732673
43 200 0.113861386138614
43 199 0.113861386138614
43 198 0.118811881188119
43 197 0.113861386138614
43 196 0.108910891089109
43 195 0.108910891089109
43 194 0.113861386138614
43 193 0.108910891089109
43 192 0.108910891089109
43 191 0.108910891089109
43 190 0.113861386138614
43 189 0.118811881188119
43 188 0.108910891089109
43 187 0.103960396039604
43 186 0.113861386138614
43 185 0.103960396039604
43 184 0.113861386138614
43 183 0.118811881188119
43 182 0.113861386138614
43 181 0.108910891089109
43 180 0.113861386138614
43 179 0.123762376237624
43 178 0.113861386138614
43 177 0.108910891089109
43 176 0.103960396039604
43 175 0.103960396039604
43 174 0.103960396039604
43 173 0.118811881188119
43 172 0.113861386138614
43 171 0.108910891089109
43 170 0.113861386138614
43 169 0.113861386138614
43 168 0.099009900990099
43 167 0.099009900990099
43 166 0.108910891089109
43 165 0.113861386138614
43 164 0.108910891089109
43 163 0.108910891089109
43 162 0.108910891089109
43 161 0.108910891089109
43 160 0.113861386138614
43 159 0.108910891089109
43 158 0.108910891089109
43 157 0.099009900990099
43 156 0.108910891089109
43 155 0.113861386138614
43 154 0.099009900990099
43 153 0.108910891089109
43 152 0.113861386138614
43 151 0.099009900990099
43 150 0.099009900990099
43 149 0.108910891089109
43 148 0.099009900990099
43 147 0.103960396039604
43 146 0.0940594059405941
43 145 0.108910891089109
43 144 0.103960396039604
43 143 0.103960396039604
43 142 0.108910891089109
43 141 0.103960396039604
43 140 0.099009900990099
43 139 0.099009900990099
43 138 0.099009900990099
43 137 0.099009900990099
43 136 0.099009900990099
43 135 0.0940594059405941
43 134 0.099009900990099
43 133 0.099009900990099
43 132 0.103960396039604
43 131 0.099009900990099
43 130 0.103960396039604
43 129 0.103960396039604
43 128 0.0940594059405941
43 127 0.0891089108910891
43 126 0.099009900990099
43 125 0.0940594059405941
43 124 0.103960396039604
43 123 0.099009900990099
43 122 0.108910891089109
43 121 0.099009900990099
43 120 0.099009900990099
43 119 0.103960396039604
43 118 0.0940594059405941
43 117 0.0940594059405941
43 116 0.099009900990099
43 115 0.099009900990099
43 114 0.099009900990099
43 113 0.103960396039604
43 112 0.099009900990099
43 111 0.0940594059405941
43 110 0.0940594059405941
43 109 0.0940594059405941
43 108 0.0891089108910891
43 107 0.099009900990099
43 106 0.0940594059405941
43 105 0.099009900990099
43 104 0.099009900990099
43 103 0.103960396039604
43 102 0.0891089108910891
43 101 0.0940594059405941
43 100 0.0940594059405941
43 99 0.0891089108910891
43 98 0.099009900990099
43 97 0.0891089108910891
43 96 0.099009900990099
43 95 0.0940594059405941
43 94 0.0891089108910891
43 93 0.0940594059405941
43 92 0.0940594059405941
43 91 0.099009900990099
43 90 0.103960396039604
43 89 0.0891089108910891
43 88 0.099009900990099
43 87 0.0940594059405941
43 86 0.0891089108910891
43 85 0.0891089108910891
43 84 0.099009900990099
43 83 0.0891089108910891
43 82 0.0891089108910891
43 81 0.0940594059405941
43 80 0.0940594059405941
43 79 0.099009900990099
43 78 0.0940594059405941
43 77 0.099009900990099
43 76 0.0940594059405941
43 75 0.0891089108910891
43 74 0.0891089108910891
43 73 0.0940594059405941
43 72 0.0940594059405941
43 71 0.099009900990099
43 70 0.0940594059405941
43 69 0.0891089108910891
43 68 0.0841584158415842
43 67 0.0940594059405941
43 66 0.0792079207920792
43 65 0.0792079207920792
43 64 0.0841584158415842
43 63 0.0792079207920792
43 62 0.0940594059405941
43 61 0.099009900990099
43 60 0.099009900990099
43 59 0.0841584158415842
43 58 0.103960396039604
43 57 0.099009900990099
43 56 0.103960396039604
43 55 0.099009900990099
43 54 0.103960396039604
43 53 0.0891089108910891
43 52 0.099009900990099
43 51 0.0940594059405941
43 50 0.0891089108910891
43 49 0.0891089108910891
43 48 0.099009900990099
43 47 0.0891089108910891
43 46 0.0940594059405941
43 45 0.0891089108910891
43 44 0.0841584158415842
43 43 0.0891089108910891
43 42 0.0891089108910891
43 41 0.108910891089109
43 40 0.113861386138614
43 39 0.0891089108910891
43 38 0.0891089108910891
43 37 0.099009900990099
43 36 0.103960396039604
43 35 0.108910891089109
43 34 0.103960396039604
43 33 0.099009900990099
43 32 0.0891089108910891
43 31 0.0891089108910891
43 30 0.103960396039604
43 29 0.099009900990099
43 28 0.118811881188119
43 27 0.108910891089109
43 26 0.113861386138614
43 25 0.103960396039604
43 24 0.103960396039604
43 23 0.099009900990099
43 22 0.108910891089109
43 21 0.099009900990099
43 20 0.113861386138614
43 19 0.123762376237624
43 18 0.099009900990099
43 17 0.0940594059405941
43 16 0.0940594059405941
43 15 0.0940594059405941
43 14 0.108910891089109
43 13 0.113861386138614
43 12 0.103960396039604
43 11 0.123762376237624
43 10 0.123762376237624
43 9 0.108910891089109
43 8 0.0940594059405941
43 7 0.099009900990099
43 6 0.113861386138614
43 5 0.143564356435644
43 4 0.128712871287129
43 3 0.148514851485149
43 2 0.232673267326733
43 1 0.232673267326733
