96 177555 0.247524752475248
96 17756 0.212871287128713
96 1776 0.168316831683168
96 200 0.118811881188119
96 199 0.113861386138614
96 198 0.128712871287129
96 197 0.133663366336634
96 196 0.113861386138614
96 195 0.113861386138614
96 194 0.113861386138614
96 193 0.153465346534653
96 192 0.133663366336634
96 191 0.123762376237624
96 190 0.118811881188119
96 189 0.138613861386139
96 188 0.123762376237624
96 187 0.118811881188119
96 186 0.118811881188119
96 185 0.133663366336634
96 184 0.143564356435644
96 183 0.118811881188119
96 182 0.133663366336634
96 181 0.113861386138614
96 180 0.113861386138614
96 179 0.123762376237624
96 178 0.123762376237624
96 177 0.113861386138614
96 176 0.123762376237624
96 175 0.118811881188119
96 174 0.128712871287129
96 173 0.103960396039604
96 172 0.113861386138614
96 171 0.138613861386139
96 170 0.108910891089109
96 169 0.123762376237624
96 168 0.118811881188119
96 167 0.118811881188119
96 166 0.143564356435644
96 165 0.133663366336634
96 164 0.108910891089109
96 163 0.103960396039604
96 162 0.118811881188119
96 161 0.123762376237624
96 160 0.123762376237624
96 159 0.123762376237624
96 158 0.113861386138614
96 157 0.133663366336634
96 156 0.123762376237624
96 155 0.113861386138614
96 154 0.113861386138614
96 153 0.108910891089109
96 152 0.118811881188119
96 151 0.118811881188119
96 150 0.123762376237624
96 149 0.113861386138614
96 148 0.118811881188119
96 147 0.108910891089109
96 146 0.123762376237624
96 145 0.123762376237624
96 144 0.128712871287129
96 143 0.113861386138614
96 142 0.118811881188119
96 141 0.118811881188119
96 140 0.108910891089109
96 139 0.113861386138614
96 138 0.108910891089109
96 137 0.108910891089109
96 136 0.113861386138614
96 135 0.103960396039604
96 134 0.113861386138614
96 133 0.103960396039604
96 132 0.108910891089109
96 131 0.118811881188119
96 130 0.118811881188119
96 129 0.108910891089109
96 128 0.099009900990099
96 127 0.103960396039604
96 126 0.108910891089109
96 125 0.108910891089109
96 124 0.108910891089109
96 123 0.113861386138614
96 122 0.113861386138614
96 121 0.113861386138614
96 120 0.113861386138614
96 119 0.128712871287129
96 118 0.108910891089109
96 117 0.118811881188119
96 116 0.123762376237624
96 115 0.103960396039604
96 114 0.108910891089109
96 113 0.113861386138614
96 112 0.108910891089109
96 111 0.103960396039604
96 110 0.108910891089109
96 109 0.103960396039604
96 108 0.118811881188119
96 107 0.099009900990099
96 106 0.113861386138614
96 105 0.118811881188119
96 104 0.118811881188119
96 103 0.099009900990099
96 102 0.103960396039604
96 101 0.113861386138614
96 100 0.108910891089109
96 99 0.099009900990099
96 98 0.108910891089109
96 97 0.108910891089109
96 96 0.108910891089109
96 95 0.113861386138614
96 94 0.108910891089109
96 93 0.113861386138614
96 92 0.108910891089109
96 91 0.103960396039604
96 90 0.113861386138614
96 89 0.103960396039604
96 88 0.103960396039604
96 87 0.113861386138614
96 86 0.099009900990099
96 85 0.103960396039604
96 84 0.103960396039604
96 83 0.118811881188119
96 82 0.113861386138614
96 81 0.108910891089109
96 80 0.123762376237624
96 79 0.108910891089109
96 78 0.118811881188119
96 77 0.113861386138614
96 76 0.108910891089109
96 75 0.108910891089109
96 74 0.118811881188119
96 73 0.108910891089109
96 72 0.108910891089109
96 71 0.108910891089109
96 70 0.108910891089109
96 69 0.103960396039604
96 68 0.103960396039604
96 67 0.0940594059405941
96 66 0.118811881188119
96 65 0.103960396039604
96 64 0.113861386138614
96 63 0.118811881188119
96 62 0.113861386138614
96 61 0.118811881188119
96 60 0.118811881188119
96 59 0.099009900990099
96 58 0.103960396039604
96 57 0.118811881188119
96 56 0.108910891089109
96 55 0.113861386138614
96 54 0.118811881188119
96 53 0.103960396039604
96 52 0.118811881188119
96 51 0.108910891089109
96 50 0.099009900990099
96 49 0.123762376237624
96 48 0.113861386138614
96 47 0.099009900990099
96 46 0.103960396039604
96 45 0.103960396039604
96 44 0.099009900990099
96 43 0.103960396039604
96 42 0.099009900990099
96 41 0.113861386138614
96 40 0.103960396039604
96 39 0.118811881188119
96 38 0.118811881188119
96 37 0.108910891089109
96 36 0.103960396039604
96 35 0.108910891089109
96 34 0.108910891089109
96 33 0.099009900990099
96 32 0.099009900990099
96 31 0.0940594059405941
96 30 0.0940594059405941
96 29 0.128712871287129
96 28 0.118811881188119
96 27 0.113861386138614
96 26 0.103960396039604
96 25 0.118811881188119
96 24 0.118811881188119
96 23 0.099009900990099
96 22 0.113861386138614
96 21 0.108910891089109
96 20 0.099009900990099
96 19 0.0940594059405941
96 18 0.099009900990099
96 17 0.0841584158415842
96 16 0.0891089108910891
96 15 0.113861386138614
96 14 0.113861386138614
96 13 0.108910891089109
96 12 0.143564356435644
96 11 0.128712871287129
96 10 0.133663366336634
96 9 0.128712871287129
96 8 0.133663366336634
96 7 0.153465346534653
96 6 0.113861386138614
96 5 0.158415841584158
96 4 0.178217821782178
96 3 0.148514851485149
96 2 0.168316831683168
96 1 0.227722772277228
