47 177555 0.252475247524752
47 17756 0.217821782178218
47 1776 0.158415841584158
47 200 0.118811881188119
47 199 0.108910891089109
47 198 0.113861386138614
47 197 0.118811881188119
47 196 0.113861386138614
47 195 0.113861386138614
47 194 0.113861386138614
47 193 0.118811881188119
47 192 0.113861386138614
47 191 0.128712871287129
47 190 0.108910891089109
47 189 0.113861386138614
47 188 0.118811881188119
47 187 0.118811881188119
47 186 0.108910891089109
47 185 0.113861386138614
47 184 0.118811881188119
47 183 0.113861386138614
47 182 0.113861386138614
47 181 0.108910891089109
47 180 0.113861386138614
47 179 0.113861386138614
47 178 0.113861386138614
47 177 0.118811881188119
47 176 0.113861386138614
47 175 0.113861386138614
47 174 0.118811881188119
47 173 0.113861386138614
47 172 0.103960396039604
47 171 0.113861386138614
47 170 0.113861386138614
47 169 0.113861386138614
47 168 0.113861386138614
47 167 0.108910891089109
47 166 0.113861386138614
47 165 0.113861386138614
47 164 0.118811881188119
47 163 0.113861386138614
47 162 0.113861386138614
47 161 0.113861386138614
47 160 0.103960396039604
47 159 0.103960396039604
47 158 0.103960396039604
47 157 0.113861386138614
47 156 0.113861386138614
47 155 0.113861386138614
47 154 0.099009900990099
47 153 0.108910891089109
47 152 0.113861386138614
47 151 0.113861386138614
47 150 0.103960396039604
47 149 0.118811881188119
47 148 0.108910891089109
47 147 0.113861386138614
47 146 0.113861386138614
47 145 0.113861386138614
47 144 0.108910891089109
47 143 0.113861386138614
47 142 0.113861386138614
47 141 0.113861386138614
47 140 0.0940594059405941
47 139 0.113861386138614
47 138 0.113861386138614
47 137 0.118811881188119
47 136 0.118811881188119
47 135 0.108910891089109
47 134 0.113861386138614
47 133 0.118811881188119
47 132 0.113861386138614
47 131 0.113861386138614
47 130 0.113861386138614
47 129 0.123762376237624
47 128 0.113861386138614
47 127 0.113861386138614
47 126 0.113861386138614
47 125 0.118811881188119
47 124 0.108910891089109
47 123 0.113861386138614
47 122 0.108910891089109
47 121 0.113861386138614
47 120 0.108910891089109
47 119 0.113861386138614
47 118 0.113861386138614
47 117 0.113861386138614
47 116 0.108910891089109
47 115 0.113861386138614
47 114 0.0940594059405941
47 113 0.123762376237624
47 112 0.118811881188119
47 111 0.108910891089109
47 110 0.103960396039604
47 109 0.108910891089109
47 108 0.108910891089109
47 107 0.099009900990099
47 106 0.113861386138614
47 105 0.103960396039604
47 104 0.103960396039604
47 103 0.108910891089109
47 102 0.113861386138614
47 101 0.108910891089109
47 100 0.099009900990099
47 99 0.108910891089109
47 98 0.103960396039604
47 97 0.118811881188119
47 96 0.108910891089109
47 95 0.118811881188119
47 94 0.113861386138614
47 93 0.113861386138614
47 92 0.108910891089109
47 91 0.113861386138614
47 90 0.113861386138614
47 89 0.103960396039604
47 88 0.108910891089109
47 87 0.108910891089109
47 86 0.0940594059405941
47 85 0.108910891089109
47 84 0.108910891089109
47 83 0.099009900990099
47 82 0.108910891089109
47 81 0.113861386138614
47 80 0.113861386138614
47 79 0.103960396039604
47 78 0.108910891089109
47 77 0.108910891089109
47 76 0.113861386138614
47 75 0.113861386138614
47 74 0.113861386138614
47 73 0.103960396039604
47 72 0.108910891089109
47 71 0.108910891089109
47 70 0.103960396039604
47 69 0.099009900990099
47 68 0.103960396039604
47 67 0.103960396039604
47 66 0.103960396039604
47 65 0.099009900990099
47 64 0.103960396039604
47 63 0.108910891089109
47 62 0.103960396039604
47 61 0.103960396039604
47 60 0.0891089108910891
47 59 0.0841584158415842
47 58 0.0940594059405941
47 57 0.0940594059405941
47 56 0.099009900990099
47 55 0.099009900990099
47 54 0.0891089108910891
47 53 0.0891089108910891
47 52 0.099009900990099
47 51 0.108910891089109
47 50 0.108910891089109
47 49 0.099009900990099
47 48 0.0891089108910891
47 47 0.099009900990099
47 46 0.0891089108910891
47 45 0.108910891089109
47 44 0.118811881188119
47 43 0.103960396039604
47 42 0.118811881188119
47 41 0.108910891089109
47 40 0.118811881188119
47 39 0.108910891089109
47 38 0.103960396039604
47 37 0.103960396039604
47 36 0.099009900990099
47 35 0.103960396039604
47 34 0.103960396039604
47 33 0.0891089108910891
47 32 0.0940594059405941
47 31 0.099009900990099
47 30 0.099009900990099
47 29 0.108910891089109
47 28 0.113861386138614
47 27 0.108910891089109
47 26 0.103960396039604
47 25 0.099009900990099
47 24 0.118811881188119
47 23 0.0940594059405941
47 22 0.113861386138614
47 21 0.103960396039604
47 20 0.118811881188119
47 19 0.128712871287129
47 18 0.113861386138614
47 17 0.113861386138614
47 16 0.133663366336634
47 15 0.138613861386139
47 14 0.153465346534653
47 13 0.133663366336634
47 12 0.158415841584158
47 11 0.143564356435644
47 10 0.163366336633663
47 9 0.153465346534653
47 8 0.158415841584158
47 7 0.153465346534653
47 6 0.212871287128713
47 5 0.158415841584158
47 4 0.148514851485149
47 3 0.202970297029703
47 2 0.262376237623762
47 1 0.267326732673267
