51 177555 0.237623762376238
51 17756 0.212871287128713
51 1776 0.158415841584158
51 200 0.113861386138614
51 199 0.123762376237624
51 198 0.123762376237624
51 197 0.123762376237624
51 196 0.123762376237624
51 195 0.123762376237624
51 194 0.108910891089109
51 193 0.113861386138614
51 192 0.123762376237624
51 191 0.118811881188119
51 190 0.118811881188119
51 189 0.123762376237624
51 188 0.123762376237624
51 187 0.118811881188119
51 186 0.118811881188119
51 185 0.123762376237624
51 184 0.113861386138614
51 183 0.118811881188119
51 182 0.108910891089109
51 181 0.118811881188119
51 180 0.118811881188119
51 179 0.128712871287129
51 178 0.118811881188119
51 177 0.123762376237624
51 176 0.113861386138614
51 175 0.118811881188119
51 174 0.113861386138614
51 173 0.128712871287129
51 172 0.118811881188119
51 171 0.118811881188119
51 170 0.113861386138614
51 169 0.123762376237624
51 168 0.108910891089109
51 167 0.118811881188119
51 166 0.118811881188119
51 165 0.128712871287129
51 164 0.123762376237624
51 163 0.123762376237624
51 162 0.108910891089109
51 161 0.138613861386139
51 160 0.118811881188119
51 159 0.128712871287129
51 158 0.123762376237624
51 157 0.123762376237624
51 156 0.123762376237624
51 155 0.118811881188119
51 154 0.123762376237624
51 153 0.113861386138614
51 152 0.118811881188119
51 151 0.133663366336634
51 150 0.128712871287129
51 149 0.108910891089109
51 148 0.128712871287129
51 147 0.123762376237624
51 146 0.123762376237624
51 145 0.128712871287129
51 144 0.118811881188119
51 143 0.123762376237624
51 142 0.103960396039604
51 141 0.113861386138614
51 140 0.118811881188119
51 139 0.103960396039604
51 138 0.118811881188119
51 137 0.099009900990099
51 136 0.123762376237624
51 135 0.118811881188119
51 134 0.113861386138614
51 133 0.113861386138614
51 132 0.103960396039604
51 131 0.113861386138614
51 130 0.108910891089109
51 129 0.108910891089109
51 128 0.108910891089109
51 127 0.103960396039604
51 126 0.108910891089109
51 125 0.103960396039604
51 124 0.108910891089109
51 123 0.123762376237624
51 122 0.108910891089109
51 121 0.118811881188119
51 120 0.099009900990099
51 119 0.108910891089109
51 118 0.118811881188119
51 117 0.103960396039604
51 116 0.099009900990099
51 115 0.108910891089109
51 114 0.103960396039604
51 113 0.103960396039604
51 112 0.108910891089109
51 111 0.099009900990099
51 110 0.103960396039604
51 109 0.113861386138614
51 108 0.108910891089109
51 107 0.128712871287129
51 106 0.103960396039604
51 105 0.103960396039604
51 104 0.108910891089109
51 103 0.113861386138614
51 102 0.108910891089109
51 101 0.103960396039604
51 100 0.113861386138614
51 99 0.0940594059405941
51 98 0.103960396039604
51 97 0.103960396039604
51 96 0.099009900990099
51 95 0.0940594059405941
51 94 0.0891089108910891
51 93 0.0891089108910891
51 92 0.099009900990099
51 91 0.0891089108910891
51 90 0.108910891089109
51 89 0.099009900990099
51 88 0.103960396039604
51 87 0.0940594059405941
51 86 0.0940594059405941
51 85 0.0940594059405941
51 84 0.0891089108910891
51 83 0.0940594059405941
51 82 0.0940594059405941
51 81 0.0940594059405941
51 80 0.099009900990099
51 79 0.099009900990099
51 78 0.103960396039604
51 77 0.0891089108910891
51 76 0.0841584158415842
51 75 0.099009900990099
51 74 0.0891089108910891
51 73 0.0940594059405941
51 72 0.0940594059405941
51 71 0.099009900990099
51 70 0.123762376237624
51 69 0.0841584158415842
51 68 0.0940594059405941
51 67 0.099009900990099
51 66 0.113861386138614
51 65 0.0940594059405941
51 64 0.0940594059405941
51 63 0.0841584158415842
51 62 0.099009900990099
51 61 0.113861386138614
51 60 0.118811881188119
51 59 0.099009900990099
51 58 0.103960396039604
51 57 0.099009900990099
51 56 0.099009900990099
51 55 0.103960396039604
51 54 0.099009900990099
51 53 0.099009900990099
51 52 0.0891089108910891
51 51 0.123762376237624
51 50 0.138613861386139
51 49 0.128712871287129
51 48 0.113861386138614
51 47 0.118811881188119
51 46 0.113861386138614
51 45 0.123762376237624
51 44 0.108910891089109
51 43 0.123762376237624
51 42 0.128712871287129
51 41 0.113861386138614
51 40 0.113861386138614
51 39 0.108910891089109
51 38 0.123762376237624
51 37 0.103960396039604
51 36 0.113861386138614
51 35 0.108910891089109
51 34 0.108910891089109
51 33 0.113861386138614
51 32 0.099009900990099
51 31 0.099009900990099
51 30 0.108910891089109
51 29 0.113861386138614
51 28 0.099009900990099
51 27 0.099009900990099
51 26 0.099009900990099
51 25 0.099009900990099
51 24 0.099009900990099
51 23 0.0940594059405941
51 22 0.133663366336634
51 21 0.108910891089109
51 20 0.103960396039604
51 19 0.108910891089109
51 18 0.123762376237624
51 17 0.133663366336634
51 16 0.143564356435644
51 15 0.138613861386139
51 14 0.133663366336634
51 13 0.133663366336634
51 12 0.153465346534653
51 11 0.153465346534653
51 10 0.108910891089109
51 9 0.138613861386139
51 8 0.148514851485149
51 7 0.178217821782178
51 6 0.168316831683168
51 5 0.207920792079208
51 4 0.198019801980198
51 3 0.183168316831683
51 2 0.212871287128713
51 1 0.242574257425743
