81285
69645
148548
29745
87930
6753
112590
150549
23283
21451
117376
53362
79818
21677
77204
52937
1821
13670
118104
114949
138211
52584
88152
128872
125488
46128
65530
149792
70498
141437
90801
49114
71136
87028
146822
76160
128502
110056
110755
25767
121715
118201
92150
122743
91883
128766
48462
20483
58083
25307
34482
50505
28798
1141
78400
93477
123124
59302
125207
23704
32084
97528
77512
89431
20237
139517
1185
59301
139583
89161
71513
63776
122014
45710
52785
109071
7232
9635
142444
5595
112331
38565
69443
99229
86621
104603
25740
62395
86620
108171
44039
93002
59578
65557
23268
81874
3467
80906
76128
137093
84308
80321
96960
19219
140147
68572
61468
19120
62375
90424
86433
66411
140477
7279
123198
44758
69579
112347
21260
77558
45092
12815
93601
125205
18127
101277
133046
50918
59855
99195
98723
33290
112378
102817
87033
80644
85775
32872
117965
54591
86040
79272
30200
132926
85745
128891
56339
100101
117530
142328
78711
136102
99368
88322
120898
132575
25834
137185
61929
118540
60332
141919
38290
75944
99105
35132
74440
9849
29974
12647
149035
27019
130393
90191
128326
42014
96279
38441
68234
45625
95458
133982
142904
26064
46822
55101
84270
104932
84810
54819
27271
79469
58146
144525
109569
35719
128977
88043
24685
20951
128761
44709
23931
33312
76529
96096
94803
146639
3090
121813
95243
80265
14615
122939
49960
88865
21692
107949
102936
66779
109824
106131
31665
104892
141716
19582
46829
92107
88549
20699
64651
31968
97537
10051
120561
4376
81267
40850
65170
34089
18417
94428
19531
103588
3893
146551
41342
135556
114800
51886
93688
121212
148697
3374
74109
147816
51728
98211
4318
132564
69261
130910
26410
117888
67076
73333
13400
61670
149350
93364
114389
14122
75228
114755
124987
67520
96477
96745
98635
42247
105103
48077
127307
1612
69922
23825
78716
8961
94592
29859
86682
7484
108705
135274
83121
69596
130223
52001
132702
68125
75007
82047
62082
122359
42573
84656
36760
32186
68517
106880
60386
6519
124612
16727
53617
65829
25437
76845
39875
36955
42404
145502
119135
76628
15505
112249
2117
5009
106066
49804
128527
87026
32423
29503
51406
94955
125624
55290
11507
8414
81217
2856
82551
108627
148183
91854
86318
28445
89294
55788
140368
2807
87758
36354
101293
114429
140700
94686
107965
112748
100570
34514
83023
47061
67581
25155
38259
57221
94105
99515
11224
111839
143817
84369
54361
54802
113250
123730
144957
121365
133646
86118
81179
133766
137224
23429
62292
115334
129905
142772
98347
64029
32498
41982
100848
83306
17107
11022
26193
13190
10348
104374
74639
77194
71755
40213
128345
16186
17169
110574
51613
133771
135638
8392
130606
116476
49561
136142
77781
53743
65679
118051
128231
71801
48833
106117
112684
125842
30604
7613
148887
138963
16865
137026
35411
25325
124064
31433
96993
82502
112622
18385
1589
136436
8170
136366
55429
58231
119267
70037
150329
57157
50060
102367
88626
105051
7044
65618
131749
111823
97924
84569
1254
132109
80263
4910
102164
29994
122477
3726
126556
32808
115116
149178
121690
14283
28624
38133
52934
132730
148340
133448
93546
2273
10864
110521
70974
88333
117671
3931
85816
68787
20107
42482
9506
145921
63112
139300
78138
3168
21541
15350
92421
2362
56989
120687
136188
13238
102345
58662
82509
30596
65106
86896
54129
26010
122567
64445
69362
62600
86536
34575
85877
61784
71972
100961
92534
32557
53671
9933
14948
124871
40249
17476
40038
13985
38983
131998
19149
119460
34537
12438
76989
98118
92294
149986
96977
115815
124834
147707
111259
20789
86997
43629
87625
53658
85602
47110
133286
77933
92918
131050
77877
15676
134368
15678
99755
140454
126880
24460
141208
36029
96465
79382
133904
94842
138275
135636
41962
55510
88184
124972
1631
52552
142171
36919
128464
11285
13544
99899
111535
6885
111104
72928
27277
91389
16539
88913
94088
106275
38987
34926
74584
140490
103754
133128
54527
120144
15879
57269
94499
90228
101973
52506
45902
122622
8969
19251
149160
136918
13564
69624
106849
128591
89110
150474
65042
64130
110651
53248
44379
38410
30794
117083
108254
123295
134024
61571
33365
93901
80922
45114
70343
37761
131639
2746
45218
54311
103013
6559
43104
2396
103797
96080
75079
146198
16230
3169
86856
100037
30944
119004
84650
116560
130815
147172
87405
55328
101420
103572
118317
21008
101748
101990
88326
57948
57578
138009
81611
62966
94372
134781
82584
71500
27044
29911
20176
131384
79071
29970
48123
60421
113895
52773
48479
29609
126469
81002
32672
12445
87705
51561
41283
8949
132088
50755
92279
102199
33988
43434
103761
23783
120240
23183
107144
147034
114100
11605
4062
86319
15564
119680
122537
65431
3100
14045
35421
139524
49359
58924
33612
132122
13728
103258
95402
33679
10467
64768
72415
78111
147477
117858
41037
66209
10314
120787
143101
121853
144941
46170
124753
30863
121885
13499
12289
86415
136556
69135
34565
27424
15628
135730
94740
81274
102272
131168
85655
132428
82162
3144
107873
21112
98160
73572
10668
27610
58612
123866
140609
60083
107083
107009
131785
53142
90366
38312
56317
121738
115695
2183
109773
107904
18930
38508
129690
116039
12338
118278
88914
96578
93346
12172
106980
77748
26912
35298
150938
29521
143089
47587
50914
123648
84230
130282
93436
78284
108326
114129
43910
63249
141529
47456
141941
102889
125175
74417
9637
28093
103557
110338
40798
32827
126596
40554
97441
459
127496
106497
48839
149421
118726
111255
104363
25583
116179
2943
37147
91995
13472
29331
134974
7688
109227
50884
72205
85599
132952
74811
53167
131818
9357
103501
51084
39619
36258
136814
121150
1870
81785
112122
105741
91388
141047
90442
41294
17898
48481
107212
87452
102480
37845
72216
120658
144277
37986
43173
145795
22274
115331
54061
30680
115790
14929
54375
44359
43133
54255
81716
143460
88560
98935
49321
33226
116310
87382
131569
61029
25334
134307
83608
89364
35392
32370
81005
119236
72471
88310
45636
44647
51582
9152
9672
21971
65846
29851
87633
137202
52607
40942
18775
121964
114329
1201
12072
136859
117108
83041
70706
3981
139578
71179
90652
84414
96412
38890
56628
94491
103908
29890
133922
46156
13327
157
138851
77268
12008
113972
77698
77089
64719
46566
6670
22038
93308
56813
122178
98431
63878
76147
37496
128598
80475
95155
5989
42988
17848
60718
134312
130566
113375
40427
76900
66467
84654
114683
59500
94965
71150
134508
34333
143762
120445
130787
85069
38710
131593
110624
93417
105284
84847
124285
62540
149078
33398
80149
131860
60273
100345
29664
72968
79106
41422
82720
22186
146155
131561
47278
82164
144287
33922
139339
36971
100009
61943
106560
48695
83206
93811
35586
137469
12952
145432
95530
63931
73123
4303
87861
18215
122733
1389
78978
35848
106343
98560
66822
6556
92508
66553
82009
72679
93091
106709
53168
14546
97388
107547
143054
55427
123599
18262
66359
30406
21132
34420
55601
98168
57632
13989
145490
54469
40718
62424
40278
51158
1243
147865
42728
148290
64249
110046
144886
36402
93396
34472
125332
84529
13991
86749
22592
103493
67819
83406
121640
90357
125139
26471
141438
83708
35350
19139
98758
49072
134967
19619
87752
144993
35405
68455
102523
119668
113706
69365
137827
54538
62669
38609
47767
83239
123813
124816
23519
139989
110151
72097
88707
56169
85227
1222
103526
6577
124666
30018
38216
34284
79095
26733
50040
88395
7760
69054
80197
61110
104082
8211
100043
116159
31120
25030
82344
147118
148716
7739
135851
5507
116767
8486
20319
63653
89355
88760
108561
138593
138157
45627
19236
114299
95742
113611
123342
86798
92646
43444
133977
98900
46749
141405
122992
52803
37504
87511
41514
59694
141628
132968
5869
67938
132393
96640
8924
25303
148877
148587
38868
48536
69304
94545
93209
36243
68618
95651
90947
29325
92233
126768
10537
45549
80244
57456
147102
89654
41811
33435
61006
123083
62452
72812
78907
86320
59727
3786
107393
103416
80472
129500
34348
24901
146507
108489
69276
112519
99139
42927
133159
36586
110541
71108
92893
22947
101156
16161
96590
110218
57914
119136
33571
74493
72986
11920
51643
67207
64812
3256
91185
390
65950
90564
132785
26784
22970
127799
31104
61182
113577
100184
13450
59508
99514
109232
90980
149341
89804
7608
84913
95043
15689
117085
75571
123174
96301
34810
110790
14503
123970
24363
102327
59691
44106
5867
99647
75189
6967
120568
39442
66182
5523
129492
2574
138723
13067
112979
79605
86083
27886
128244
50201
130226
78159
129504
85750
142743
101164
74374
105190
34102
74288
12156
121099
3766
49676
34467
17365
31395
77159
115685
133908
69387
144040
85388
68660
107608
7934
149914
140958
146241
25077
79585
85253
114205
21021
61635
81518
64364
15460
2713
59689
66993
73008
132156
147167
68956
63265
138970
5084
92598
77829
1444
92027
109731
36472
91129
30502
120389
25536
17414
56107
59771
61378
63042
61374
118742
117327
28534
63219
80005
108882
112743
145440
139500
29738
151189
59209
29437
30162
66305
75506
53569
65197
117476
62102
116221
45714
114513
102457
73549
16214
92697
109955
90056
48567
128953
9476
78206
57452
75897
82361
58691
84111
106866
110200
18618
122606
1018
31957
150836
136979
138070
32676
22936
114771
45152
65328
148504
5580
11010
23684
2306
20352
108192
68658
87243
45924
6964
597
148253
99061
16857
3447
75157
102201
119586
80839
135479
36502
148140
72731
65381
2414
68955
116773
81086
71485
113177
110172
129442
19549
18958
44748
51603
61323
10371
59434
136551
51025
33984
31214
65362
147164
109659
135337
108728
116099
121457
146843
80234
96708
35170
22480
70555
126501
110086
33844
135336
129455
68957
121821
143648
26895
48823
81888
20581
31188
1743
34407
137167
67653
23596
130729
39091
42922
30628
109223
81088
2441
61314
131229
17897
78620
94
10392
111421
144652
136867
17879
87787
54948
12095
84634
16444
60477
143501
72833
25813
92529
22214
73362
104941
123329
134502
141607
120673
94201
77094
143081
25371
827
14468
21389
131571
129290
105995
91800
127615
11122
15745
52626
24146
102747
112909
7049
61877
120744
85004
83749
11331
133733
90800
59537
68071
121286
134345
41597
35229
91419
27236
121820
76319
148583
7971
134861
16306
3379
92221
95057
109072
56534
16909
65131
94996
66820
40138
8645
126898
119735
66784
78261
81809
74193
100726
144223
115275
91461
56963
68203
15508
9718
12564
38997
32546
35998
39984
50282
90248
46571
71417
22524
133390
143323
34458
102597
84571
42252
4759
49132
52325
68017
72700
64963
31626
50425
126075
101971
29563
137971
98994
129982
89229
78644
98308
122500
63002
72526
57071
32008
87462
141868
100873
10628
41396
45183
62996
141391
147836
16675
31883
68277
71082
79649
100303
83675
66753
75935
22244
57322
130137
4697
93816
108043
96357
65134
145657
6094
64084
148899
93080
31035
115413
130122
88912
137988
126662
32236
48998
97449
139965
67077
69962
29820
147674
24638
85578
89148
119037
30708
106977
31385
117695
3403
149708
18898
88852
32593
122337
49078
101926
102822
30484
106121
41369
90699
115595
54481
94708
46726
123993
58593
143239
108538
84437
125308
34610
44412
60260
7407
32166
1267
105779
118160
147527
49957
112898
88409
98825
110658
44541
143785
56759
17937
28176
96963
6379
102632
97263
130888
54867
97668
64781
46104
94427
87493
52771
25477
111466
5461
107833
3484
96399
10313
104449
54509
93658
122362
111151
114377
73502
8700
89509
44714
45362
40521
11535
81978
30698
74822
9002
128498
48565
88721
17543
93917
115828
16207
131751
112064
23013
101446
32365
440
69323
120906
3173
47998
101862
68047
48222
82730
72653
95308
32670
80300
24841
55393
17692
144831
67895
11021
92166
20390
56906
27313
6950
56560
96657
47264
114731
29448
20457
11863
23695
36004
63013
140826
131403
61903
2363
110620
102100
57634
50503
1405
55861
92120
49674
136090
140445
117534
16045
46109
94214
15515
25985
9406
99781
64182
28620
147303
106148
25070
39019
109937
111889
25588
125711
149567
147067
117949
93623
150688
83631
106623
95509
129049
122551
120941
134496
68863
60493
47187
81501
75171
117346
62725
86160
120773
148324
56600
90419
30999
91527
5421
42795
124189
42943
6419
105644
30135
96139
134188
9095
6494
21256
45055
106707
40922
94410
76954
110922
126797
34613
144868
67587
40569
74076
151066
128988
25109
3123
45617
108308
119345
69955
123716
60058
86194
148894
93990
74094
46442
98117
135715
52952
141019
57502
107128
122165
77975
51031
13760
113127
9990
33447
80371
39762
37917
95616
11207
66950
148149
75213
12326
32385
78805
86818
119365
57354
144467
118633
57275
59336
104675
39574
150169
145717
35224
138801
7226
77764
114976
82294
45874
7520
84405
84390
91281
58393
122185
59599
138666
30151
32267
20675
122052
17477
50462
143249
149600
91579
90670
12904
86739
106204
40732
16452
103481
45454
89371
69903
105493
72215
23460
132117
68695
151271
55077
24532
62911
54213
16348
49487
88309
12025
91073
19733
93040
100219
139421
64572
17102
12655
3356
8052
18897
55704
95981
141537
77565
103738
46707
42746
76553
6169
84642
78558
34540
14407
145964
48064
55642
87993
150775
57691
101368
100746
25353
132745
74512
126193
147418
95826
94809
74752
35280
25058
83780
64888
112072
81363
38597
139013
39319
119486
2101
45196
19830
91362
59760
4816
3417
140713
4976
44502
58590
113357
52191
139864
12348
101941
114098
47595
16666
41290
77743
102952
95081
57011
119537
130066
6723
46254
20219
116261
55291
37108
51221
50667
58233
87531
56927
114431
120685
74484
8497
52664
108141
46009
67523
34254
87281
100023
43684
41331
141584
116830
13182
41542
36228
111564
60488
100962
70566
37729
116926
53526
146656
32229
38765
3604
145833
89638
82905
24391
120500
62245
133357
127497
49695
62336
144331
31389
44635
65739
56323
95715
88890
21292
139241
17578
118483
124263
112645
145387
99931
37466
143143
16778
881
91405
118651
41719
134316
46839
73821
64601
99872
131908
110701
55796
22499
107844
118664
66983
85850
10424
18226
105316
59999
56192
138067
113941
137215
55834
1710
114246
95870
15266
62342
9201
21655
75788
99497
97697
138837
18131
135969
121531
12723
83643
135699
141771
114339
38005
3516
138064
9773
25399
30130
93311
12216
74381
75748
126837
79823
41041
37197
65751
1479
91574
140708
22467
80416
142156
113543
139882
58073
54266
148348
101149
126024
116775
110015
114463
108223
94889
51779
29688
106819
53825
92063
19986
113596
132713
73798
64905
9304
40472
49141
40550
107662
92171
92382
57395
4881
13568
101631
126670
125192
44362
99205
93129
149774
77749
97459
123088
128595
84821
147876
54820
35900
15554
81317
61389
118773
24782
10957
75875
103368
121120
114459
88240
144933
10666
32063
139483
25692
105270
72903
46533
120287
13980
6323
63033
119205
128056
91999
147082
129641
36805
35491
86960
25614
99862
101495
118487
129144
140247
119659
70635
140099
116657
104180
97649
78363
45346
118548
20476
116241
122859
26758
100376
20628
130754
14044
143403
84644
111075
100318
22170
149545
35599
39664
37996
142183
31737
2079
65563
65405
2157
102614
4509
127009
148513
125335
126667
25162
793
78306
35227
114252
123250
17986
140067
60140
59700
59757
110245
138877
115600
10126
98727
4167
113665
131710
98806
18166
111014
93890
3816
102803
82168
71590
65566
119234
28973
31736
19263
52367
4208
128092
43641
78757
41117
90423
136850
111908
104113
8133
70678
107779
134129
48653
31615
81319
125797
92017
45819
31161
78218
141770
77305
72567
127014
49589
79023
108408
106087
12844
122607
126743
90413
127381
134784
14327
68569
52176
94364
101477
128616
77834
119144
43885
56867
86353
81233
148751
35725
132382
5055
142773
57733
142190
82807
58632
34157
58154
141722
129750
135487
48560
26540
120063
17416
114684
30975
39126
76768
146502
145056
79436
29123
45290
81361
45978
11753
50183
132038
101605
97466
5838
110312
41490
118788
16173
38935
73823
446
122691
87067
147060
91621
495
111886
142912
123170
81596
108731
8255
41384
98632
128307
115068
6450
130445
88599
133486
31338
15018
65316
71385
128810
128311
107664
102853
27196
7414
74179
2356
115160
124634
45471
71641
6305
75338
48137
90298
128893
34647
82347
103581
3023
91684
87885
23397
125060
41800
47308
84274
126101
147203
75055
144199
60876
111902
107759
99418
141677
19462
126562
40672
127989
29468
94610
131813
56380
106045
124610
77014
99828
19335
28630
4224
137956
69989
139635
145962
29430
53079
71785
67412
7658
49529
77171
91966
69060
74301
143339
149287
67795
101946
59692
113166
97699
65482
125700
121526
31660
5265
145528
16197
91860
83293
81240
12823
150995
25185
64271
137320
97133
43671
23436
109716
6177
79457
142941
81120
18060
128338
120751
105480
37575
142239
68144
131800
131526
143867
74785
42332
146800
15846
137959
26144
48143
86627
118952
36262
151262
68755
14768
147476
136379
31272
39325
28115
138350
138225
147280
40380
114202
105497
32005
86239
63358
50340
78379
65443
18235
145161
70588
44094
125973
61548
144370
20891
73287
17407
18278
73021
4637
124030
139350
65949
146335
69622
19820
47139
93133
15267
19119
106598
25766
52671
90544
9043
27744
94589
39407
37494
107914
6317
25442
46393
30450
5659
136030
129959
45560
92741
90683
130276
89664
85638
131234
117080
40174
114192
62294
60942
48737
115982
136921
127189
91324
137733
11289
27054
121468
72796
51259
87371
106910
142076
42271
141155
1697
146624
84712
119529
9397
95070
105841
50771
44690
29470
49503
73129
134575
31846
136216
78535
90455
81376
79789
128520
87374
148644
93653
55591
10386
21347
22343
128461
116245
1465
114197
92005
85622
133862
146249
132918
130330
84475
4812
31943
58074
80410
110354
18136
107188
40373
58021
2376
108353
62036
83805
72875
39381
70420
74617
65408
103206
9961
150582
55742
114216
111127
99499
45506
58532
86845
136018
127975
122212
2954
56247
65919
130789
74828
103138
63477
20179
132716
71035
122442
50401
131556
74956
124052
112818
130778
29629
12944
105389
121782
25144
88257
61913
102283
47893
143337
142484
111669
129240
10433
90775
122771
121959
21115
56971
118721
32762
118314
150244
137947
808
141329
78532
16625
15715
46288
1061
132476
137557
130491
16707
17917
113655
35950
148842
104918
116859
94606
66701
100944
48180
87463
79542
73174
129505
22722
136405
132620
2006
79249
85894
119961
141750
31744
144167
98126
48891
122727
92750
107967
135848
105532
5626
119584
115478
59495
78657
96403
81964
95105
150049
82443
63977
103088
39327
95507
137744
140578
64955
122978
33775
23475
112019
118678
50165
148952
95884
83580
82112
91545
33701
30951
100470
115680
96735
114679
19615
29575
103355
16797
92864
56826
104086
131942
68531
101003
14939
124300
124711
133342
122680
59572
117307
134559
19275
29372
46014
82315
46475
126129
128635
25537
120938
289
88924
128167
126077
52879
110328
134385
13158
146593
26452
46703
40188
119748
31545
85778
18267
89165
52846
48867
111341
18185
100904
38459
18035
29853
35810
42967
13849
29870
118665
78460
16889
64404
87902
118043
86723
102573
23391
47543
44045
12413
105235
12392
27777
87852
74601
71951
12639
93873
107606
75496
144371
16998
135704
28336
92731
147129
78762
114089
95203
6053
89276
107909
102150
126569
59852
91288
3592
90899
72239
14428
62541
4519
99152
136730
150258
109415
142464
10279
13120
135104
40503
133636
51409
30762
124488
145456
107579
140144
72509
115798
28690
25490
66615
26996
60519
28939
108004
85148
63364
119110
6944
83101
30039
11850
143749
144593
6871
93254
104219
136781
52615
138823
149690
10659
28190
64319
126643
100380
11208
144404
146570
5969
7209
137276
41590
22683
6211
41344
82674
133696
47354
42706
27206
90354
135680
12959
127271
6733
85170
71546
73855
103853
108331
87725
11036
65317
51179
65341
99392
136736
48919
25014
8811
48657
57989
75241
20800
140499
88134
135873
109770
114877
13973
93039
3044
16415
140158
102266
135548
64530
105601
123314
58524
66390
28877
7347
7107
148616
60323
112912
13217
142354
8551
26929
138675
132830
38461
38662
54815
131941
119487
54328
43645
8764
55492
86329
33382
145666
75789
48158
27646
24686
60759
44843
44916
138389
140718
54442
137691
39962
9959
71567
104889
41499
81454
70656
32494
139187
97027
131150
99310
28839
77139
83679
121511
47747
40068
109518
92584
65140
106740
128920
140316
136557
54896
29737
133811
110908
61352
88144
117018
78910
22248
108329
26415
125939
68023
6026
34192
73315
148646
43886
39269
112153
1208
77515
113712
79708
113558
24122
130056
44263
143974
14254
146949
2138
56397
80279
9220
31495
49169
143388
85651
104988
87408
62145
129030
100560
108268
65921
94100
10969
93334
108084
149599
504
64198
32290
86831
43067
144701
76810
57787
97891
137734
138342
11237
95980
132668
148764
103121
21681
31306
52636
109177
96588
66071
89051
50254
76171
131917
49747
5557
126522
84536
122750
77611
60592
989
116973
120991
37871
102193
5759
80151
72072
66196
84516
32064
106648
26999
69761
76757
113511
117226
134423
14618
14679
70330
46639
84881
61561
9092
105206
5849
10289
108468
118611
12734
67684
113700
65258
114744
74628
97067
7953
16106
75139
122739
141906
8689
63667
40560
74683
147638
57333
95958
49193
143387
113676
102955
48012
24025
71593
146075
89685
149624
2265
119633
137492
54720
128195
90856
79388
70063
49515
149500
90006
21865
139123
92614
1767
29116
127495
19352
57550
21604
136714
63784
72982
69415
19652
136563
60565
16598
947
73623
78001
122447
18782
77454
62235
143828
114597
51233
11080
110430
142445
3486
18574
35909
114072
112642
87881
96706
54702
36637
40214
129350
94758
66642
140004
49884
87591
22415
61905
128465
64561
37088
38142
23004
121119
72688
12424
139088
128129
62871
34657
67493
49742
119700
106043
54568
52002
24102
90210
46338
66396
124922
97901
66084
21209
77383
31342
111178
14625
59704
28038
14133
46610
19824
85840
41778
82205
35752
128568
75724
69087
27452
113672
41657
43986
142611
16632
89159
27678
149152
79332
47918
137079
96557
55503
24703
117096
107292
143930
117508
82276
116715
72143
20666
17973
146351
18537
63906
76377
32179
30465
114260
8500
140373
124036
42867
72971
48124
31503
102581
69669
141148
38787
125610
16588
81834
24131
129560
49342
139650
21543
121960
81958
144078
30391
121022
143970
73029
16227
68342
105454
54096
68159
97806
143585
82150
91875
38087
53054
56625
121224
125429
39947
106248
125357
113785
124702
103700
80085
46201
63451
91857
120439
57825
90784
129805
92339
130238
60686
76466
81966
118579
53723
93556
101419
38931
106271
119629
44453
25135
58038
137435
79547
24666
24731
82165
57137
96840
111611
122045
105896
12790
96178
119909
704
80838
98418
10057
63995
122658
92058
130081
41926
107340
4402
128314
130639
36581
87544
66487
88997
119432
6075
75260
103170
17272
122066
403
68918
134292
120101
94616
45983
2060
134891
9701
80140
97512
97641
68856
100957
98281
95252
64595
23282
59378
29852
98324
143317
43577
121237
35519
59172
74582
130529
144429
13425
18934
8738
1215
10658
34001
120069
91523
45407
118906
56326
41732
120392
110268
85243
126968
77307
62694
128265
61236
83614
66986
134
133028
17628
136552
26345
58834
3006
128097
18100
63709
66698
15443
16272
127570
56996
71810
2579
72876
66415
82372
135838
78705
93720
123702
109295
48052
37692
7876
77351
150623
882
75872
73780
139277
83676
60038
63908
124531
115577
95500
83683
67629
133311
63788
53201
113963
29277
59004
86632
132726
79509
55958
7197
52246
91544
138999
78989
11630
145974
115317
3780
30650
66029
1495
6525
128411
114701
11636
95130
49570
95434
100874
29531
69434
18333
84005
137452
109340
33457
44797
9440
62653
60972
10918
60298
20519
80194
72407
81833
3781
97439
60072
124648
126155
89252
105404
88410
74670
6196
53826
130564
110167
119769
64243
62117
70324
19943
21050
91147
143347
82950
21953
51970
80744
3549
56248
12966
126366
111533
36304
76764
14331
136027
32030
2340
71352
47422
91368
110105
112483
107539
89173
63111
96480
39318
82367
121278
84287
133054
77962
47955
145870
78772
129241
18106
88330
33903
124718
148294
111733
111769
57972
139100
29394
120742
46352
14053
94198
71900
92519
123002
58639
64028
83750
41113
100556
109070
101567
43060
2570
11429
147921
76446
51962
107205
137269
4680
42750
141801
112457
103578
138265
52427
37572
146145
27300
3494
66371
31789
70955
129080
5656
16571
47149
127623
127769
41563
100415
75086
39645
101098
118208
98343
111422
128418
97513
136568
17927
53628
141514
65560
10232
17750
100100
32398
45497
103057
15716
125143
24757
93762
53492
51010
98402
126740
108595
67970
5200
12375
36973
81843
130532
77940
59608
48973
94874
126034
69636
144603
91511
129276
82095
109002
34534
115721
151291
91064
147709
50091
44273
90528
133132
135075
102849
31837
95415
133509
146657
46434
128263
82365
79954
111862
87315
143699
45609
27218
53379
45774
72826
109167
12593
111450
97308
73353
130916
80232
48107
75374
68852
129467
42931
51607
138019
18886
132328
70300
109305
99161
42339
17281
136858
141488
121612
137629
67695
128063
16114
5328
59575
60362
136732
43486
21961
60801
101825
43480
124517
121834
23688
132155
136993
144172
65570
1380
13521
63974
99422
52079
116589
94580
141270
107743
139983
62038
16782
76459
115516
33097
132813
83783
32585
10534
132362
83193
56042
131310
49021
113969
55433
49216
117312
133973
131961
149042
128570
129762
37356
147471
132579
7042
62805
34003
52533
140405
53391
86444
21983
97324
11123
94957
19750
87971
70590
113084
40480
55722
148224
35369
65449
50940
69516
18120
124709
55820
141751
58679
21082
107175
63982
107623
136767
144089
42164
120186
122180
1335
11060
83059
114837
15531
118749
96761
56640
130673
128462
38280
68213
83043
66087
14128
4132
41611
141198
78788
18518
150585
113315
142321
99420
132895
106716
45012
68006
100990
109279
49869
78550
147556
76839
145014
77782
70589
72255
59857
7008
12789
104606
51134
114841
140806
115872
111906
101760
104532
9604
4166
90799
123722
142245
124254
112285
19571
150013
122664
44257
17788
60762
116374
117149
92680
17795
77637
140131
44244
150753
35130
136849
67908
48966
131072
104809
96183
135140
7185
146173
78916
72868
47208
49567
116758
134136
100071
90494
19895
116475
51636
145590
59574
100107
90778
16563
53794
123691
18860
144756
17361
137527
27185
13519
84758
55711
37581
54105
46136
94656
37689
46037
138388
147365
69945
58802
43574
132967
129826
52823
19869
65186
22702
2753
20452
102506
77418
86276
67496
74680
51451
362
96138
56957
74411
104128
117440
134227
57082
3084
55523
104704
28397
8037
146296
46674
88200
138913
133540
34054
105396
136076
5409
59175
112309
44567
41242
106226
106525
55858
22069
80314
39138
2941
76993
30945
69230
103035
126246
36651
51439
89574
102662
57957
97315
73132
133506
40370
96873
52243
43937
138297
145095
13685
125723
100505
132972
73587
148161
85269
736
150968
5878
94178
121427
135194
119616
223
20269
90299
130624
80627
64365
83432
19494
7466
131466
38108
19949
112726
58891
70580
46502
1296
53021
78019
23843
40256
108476
121874
120363
39299
103358
60002
147992
124540
18311
21180
35182
75309
123791
130685
29598
97884
6523
45909
98596
138105
2084
32861
21133
131527
314
69811
104232
20713
12318
59939
81270
144522
59056
9682
130386
22875
139275
150304
58145
139124
18053
85329
94077
68276
10961
25788
88556
21986
120228
98865
137539
33053
84640
124825
46408
123922
115288
49744
150885
21591
34629
66254
45030
39620
20654
149538
93160
35434
48197
3237
27955
111305
71857
142370
148495
22362
57289
133858
110301
151031
41367
78127
142909
130202
45159
113199
65100
149228
73647
21005
36539
54981
94160
145276
127670
9414
79757
151167
49735
111121
20323
47679
12999
117629
48871
98029
147465
102082
84954
31263
107429
26834
86698
46177
81639
125828
69235
106511
68081
97445
94901
118200
125763
40784
120151
31202
88165
140878
65285
111860
145994
78296
115452
126836
15778
127751
25402
124547
128886
137874
109712
94597
20153
53173
127150
35291
128131
20119
114385
129476
9051
68337
13884
29308
42450
42945
124954
123976
136932
6265
16215
52935
3058
37829
98839
142337
126506
8890
65306
8941
42314
398
40117
147325
62281
120098
78444
85129
43700
100969
93679
23390
131309
43279
49363
114353
15800
85788
128649
149594
42260
132272
28028
88866
38573
26843
131870
1455
54749
18925
85419
80958
135476
146873
6864
12029
104486
102927
149831
51492
21785
138555
10287
48486
64935
62867
94291
148594
34555
124423
52310
108858
130710
7967
23036
123040
95420
51743
89642
19180
138402
35792
7818
150422
3595
128457
24321
86090
147231
31048
21789
114158
53646
34967
6992
50050
114036
99600
27794
8938
4193
35731
34956
60278
59866
87607
31915
53298
30910
69426
99542
59954
60806
146374
146166
29334
101281
147802
67415
9898
119293
76018
82637
59661
62224
70427
74720
121553
142714
121390
112939
133288
11203
45187
81334
1382
132855
102702
17766
120224
126151
14105
89585
21164
140586
21368
21617
118350
60666
31312
52974
21882
73022
60061
81961
50174
57570
60148
71926
151070
36887
112120
131791
134636
27532
72976
150881
52781
128006
105490
93074
9358
127409
855
9376
23345
6084
53370
108671
83587
28317
131604
36171
71747
5330
123062
138014
37161
144606
151146
23898
4754
139955
134830
133665
28842
53469
95440
124382
23901
115175
149786
21822
87816
9588
102909
31145
43159
16808
120904
22677
73531
1711
48025
143981
24810
65340
66333
71848
140685
8229
19116
134257
34291
123786
40941
54575
145177
115609
127363
145941
18091
77371
74195
69063
101824
11131
59663
33075
94101
7436
144847
35859
13290
39589
119507
104390
56970
45510
139599
29944
144379
137070
128260
21015
33149
20436
87366
60599
110961
131957
136253
124305
145152
70897
117909
26636
149840
7869
22998
131382
25492
135308
89128
112203
54270
16898
79979
56244
107882
79062
52930
135912
136081
31065
84074
81014
79976
5094
139807
53185
53323
125361
151067
103712
70408
100304
95620
144989
148475
6807
67334
111330
44771
36490
15433
57853
102118
89745
122242
54502
121555
115900
45699
34734
79726
127986
109951
146067
85212
85115
138212
119608
123016
138936
148046
51139
140218
63077
46052
115709
101893
74144
88668
53660
12064
12000
57470
99658
133555
10980
76036
107503
50917
58877
151186
84517
66452
25298
114650
62095
83598
94724
67919
86572
56708
116824
137166
63058
146448
69192
66249
116624
129274
94799
24221
117403
37099
114482
49876
91550
59226
138828
8577
101206
35082
94120
93044
7538
40189
93792
41987
26848
3350
51369
107847
126399
46491
141098
123422
67017
73130
109270
78037
99832
9203
97481
125736
145052
35857
59588
17483
53644
99108
19875
3231
68118
43532
115887
25640
17444
141032
72285
124673
127018
25495
30934
66758
127106
107979
35703
94888
74319
23847
3825
15080
143862
85807
26719
113402
73749
4649
87848
69410
116622
53732
70038
42863
11401
95379
106732
124040
49281
97342
24526
106983
5585
15847
57044
144137
146006
23373
133658
106669
61843
69452
111954
52463
108328
42954
117706
51621
146112
112640
102161
126870
5981
1359
73151
4555
95568
91859
75955
35116
128937
43993
146403
68544
41094
67652
123061
88508
18701
74883
34451
64192
92985
116609
56166
62509
147229
110251
82790
134854
72170
43732
143305
87146
69157
78876
39991
130244
94293
89977
113426
57094
104371
68258
97333
116993
120555
30433
81148
96186
49330
31027
138449
77810
10398
30527
29576
61839
146644
10845
40528
125750
73424
136999
36873
81651
150816
25514
130594
30941
54990
4258
90981
81827
31302
135805
96894
94802
13820
79179
58503
53157
91922
79346
14114
121140
59604
70683
85246
140330
85952
11861
7685
60709
15109
54039
137572
116761
20426
18475
69519
111292
536
26322
71065
61893
146530
51165
150472
125243
66657
53233
24583
14961
79630
23546
60466
48745
96197
93670
129738
42208
102530
67582
93711
93088
123632
59961
127445
127969
21668
47330
126521
56221
125734
94210
17678
130907
144363
131467
31169
121297
149394
39368
127273
84068
150996
91952
104900
110902
67487
143217
42225
69835
6763
30964
113321
39042
57357
59838
27029
11062
149445
140721
146261
6830
127486
15509
130686
105827
128976
105231
105822
38175
117195
33322
10739
53883
73569
111557
53580
133546
94123
83303
112442
69938
101167
52757
94812
78997
46404
10810
116022
142345
81140
75701
108227
126564
73117
20089
97413
127482
13552
15019
5267
130884
74989
110546
125366
84110
111732
135510
100986
2074
34202
148924
117378
138741
42070
16429
66163
56175
140394
32081
55489
4746
57211
34523
22598
83445
37107
103396
134642
83171
71098
21246
118126
111073
26517
142567
35200
96027
150380
73109
140213
85791
45687
25682
84567
32250
70892
137709
93474
38454
35809
28553
124504
74935
58320
78574
135714
146499
20890
95788
134848
118938
88958
32325
91181
53200
8649
37699
19168
79839
132397
143105
75700
113212
148958
137471
133883
31712
71401
43226
19947
30132
5397
22136
132130
112446
143368
124747
72978
80464
12470
98082
84471
82995
85695
36530
19155
116506
56883
64433
34972
1897
85073
74437
57349
134682
47628
109598
85697
96077
7528
36047
114084
78244
3440
140902
130123
107859
102641
67131
68704
26832
139236
15364
126694
137990
52005
126288
55941
44832
107816
87940
46872
148673
145002
143889
126217
147919
27209
44678
113265
108841
17330
119990
96064
92944
22071
38401
44375
5025
43508
97767
146364
54234
2301
148401
96540
75843
6787
81404
48468
68197
141342
5831
81102
37222
17222
139594
104423
91397
103045
141258
51612
148203
7040
24070
12561
140764
6682
104768
22710
125777
59357
30852
19417
23334
101522
44544
15338
128651
101307
138493
110208
56629
78140
90211
109945
1846
116677
5106
8968
66718
1297
99022
56738
116070
59235
120479
145596
63634
43148
1364
84639
131547
140975
147989
33248
146102
22085
117667
81776
54283
60903
86337
37753
79502
140063
55336
44534
105257
38223
77109
21362
138091
141269
27123
36607
28440
97762
51707
108373
118565
142030
9890
68758
57713
104308
112208
49798
77503
126013
37405
151131
5943
105625
63339
43222
129844
21136
81083
45412
51845
135317
116007
61705
66547
76471
92536
106916
55226
135168
8028
146741
17610
129028
106100
85169
16033
20748
23009
13620
100386
7558
84320
12402
70668
72722
110885
70690
55386
95037
147084
88785
21802
67117
43879
14272
111826
97451
96775
111273
97776
133577
74967
69806
130179
44691
75982
126651
64565
30874
12297
46003
123940
5317
74635
109473
140106
73973
115627
108484
125442
110572
129139
115071
100519
37783
107577
39644
87947
135021
149529
88670
49543
128801
39486
122574
91784
114184
29138
82212
91780
10615
36725
57919
28409
71415
107915
1605
126351
146186
132246
122865
54750
124637
100699
59196
57158
69469
24329
2177
56226
28002
50120
66575
130654
45858
41659
13091
125609
63501
75336
108786
78866
137048
97473
137115
89884
128787
14287
110602
26967
20117
93840
110437
92318
44432
35306
71868
35061
15091
110627
67658
20267
146925
39924
104528
5712
85769
8460
11182
10515
51881
140202
97954
21461
125956
150655
151104
8288
89489
36570
149764
140544
29305
45451
144979
12466
18420
117539
52601
36102
46282
121961
93337
28569
118796
19444
145222
87750
22653
137891
59437
130936
10966
39390
71081
133671
86549
141500
41775
10900
124083
57736
70923
14224
110164
10399
84467
48190
2721
111347
26972
91050
7365
123077
142404
148127
100263
63804
92200
50434
112054
132985
71376
61590
6861
55663
12549
18318
29428
103226
79550
111748
71957
11344
3425
119782
90483
80908
111042
45869
150508
36690
20836
88628
150669
100770
68998
115327
132234
94147
130681
121999
144866
100926
93228
18690
1720
127491
25434
30436
70764
116408
37590
60543
3042
63688
59764
38365
68701
23924
112796
128960
75967
53672
60360
46060
54451
112663
14081
96496
106360
111203
50508
146388
55751
45349
18543
137287
85744
47246
23168
132347
138495
21220
38008
59804
122971
139940
141490
103913
76464
96711
136005
134374
63944
121373
95258
75334
123557
149101
25263
34752
117552
107551
13391
95838
137417
63983
14778
114959
47351
134282
23796
85972
78621
74242
100245
83375
22520
67828
66171
366
73528
91798
71626
62488
87189
107454
92023
105886
58732
146029
109182
6784
124784
139118
91578
34191
76420
41838
133227
3799
20575
58842
71166
107261
108507
88288
56716
135742
97845
46898
130139
8850
96368
118451
64190
31264
140462
26103
116625
109253
49337
4615
40349
68150
14240
64650
40743
136286
29872
133948
42227
70389
124231
10762
92280
79999
103305
93634
145848
40671
25624
127775
19166
30896
9892
86822
136624
63679
128788
126174
150057
99200
49701
28549
8605
103168
40230
147335
103440
18558
45042
46970
147729
88360
60803
79438
25207
138724
80280
125557
120409
103227
55546
129989
33413
138565
20945
24272
136952
133775
23469
127284
14306
1075
6809
89145
24097
132434
63179
132898
41771
54031
3617
125709
146181
83325
88081
24906
71922
110748
70191
109916
28491
125169
11758
72308
64023
142584
93560
86771
67385
25037
143681
81093
29156
146171
18478
132302
50167
15569
9236
4996
37267
79217
114874
33949
20300
87233
42126
3069
105819
67264
95305
51676
121152
75077
90923
67809
131260
89832
44561
45612
17029
10940
146952
108096
137332
128746
13780
125339
17852
30958
27856
117501
115089
36915
3988
22227
109877
7705
70843
112156
23941
45191
57864
130000
144585
115692
14917
130690
9839
114839
41160
55120
87596
36681
146871
79242
141594
96770
142800
27156
107928
46508
49895
26635
126628
90862
74914
2669
140807
102374
85425
78858
132248
97254
110053
104647
72969
36667
140964
93952
12479
87197
139132
64132
35842
27269
13382
73763
137587
70728
9883
90905
73005
145148
62075
44983
140573
21918
17220
146605
147869
144892
140644
124742
72413
33141
27701
54278
104829
68655
94702
76245
43717
44269
78210
93354
89909
10190
107294
57946
126558
121227
710
1877
45733
74180
59540
104620
126577
139602
102921
107612
119764
66284
22817
42845
853
46840
55323
28851
91433
104397
134366
95483
29777
138386
61003
38068
138346
143058
92906
87532
6638
112401
7186
29125
11960
92987
43751
86954
94620
26065
28429
36509
117191
34175
11183
17847
63862
108663
83883
150425
120237
131084
108032
121018
132202
96508
97868
11023
110169
89576
26366
15926
101585
148703
131338
37249
27359
51325
99349
58984
15964
85024
71619
76752
4428
49936
50047
60788
148682
101723
38863
113447
115145
85762
40727
41959
23252
98258
141469
42879
65373
142735
121004
18184
82860
88678
106199
24108
60464
67892
120671
116215
105359
128789
11079
44321
124866
900
108856
19036
64908
6549
96296
111576
56583
133800
96436
110969
9909
104752
90893
140081
18986
108020
3360
16546
56396
114454
8630
46504
147621
33214
53422
122275
140659
93247
56797
12484
22504
65657
47488
10436
89891
120249
37750
139991
29403
45263
141644
53687
5865
62186
15824
77423
65697
94234
83105
11330
72728
107553
146525
142951
132915
64105
9269
22372
124705
47590
12161
51151
76156
44317
42964
84892
68843
81749
122672
142838
113245
10783
68864
3636
61114
85612
142639
19673
130931
63304
14432
42093
138336
131617
118306
23079
92457
2543
121274
95249
2116
146918
16605
17076
118949
75205
54495
139032
90561
125520
43796
127322
98531
36824
112928
146620
9145
150896
41687
61442
77756
14449
37063
82121
44419
14319
110608
131203
89716
41121
107325
13417
78945
71339
110734
1374
38804
93
81430
100073
108878
32501
84086
146143
72784
44598
50371
27190
143487
24275
118406
69421
149602
53342
10681
88542
92809
26489
140575
119634
120042
91378
24486
65145
91765
142000
11403
68721
72987
120801
4794
93027
22237
17932
32787
37076
67876
94155
37693
39703
91898
127252
103727
87429
112413
24098
70064
121367
135258
122254
94153
82687
45396
2421
3686
24374
89895
113113
1110
62953
96528
59545
96207
67339
100431
19389
78966
8135
127503
71933
39821
75003
52978
132742
104718
38385
46127
18435
128625
31860
54648
19136
24234
119803
40386
34245
75634
15249
61122
50389
95640
84917
4932
135484
10474
107453
2214
95832
37709
99173
109443
20959
14155
117115
31128
69609
50493
108440
84681
25081
128381
49688
109974
17012
11140
25551
144232
55064
78488
75973
138869
39341
50606
9171
126597
37567
29694
35375
69786
56982
27155
19026
51529
75984
53669
13274
100419
116886
59732
151013
19575
133561
83656
32482
79322
7690
136799
20052
61840
139946
140404
34053
100124
121385
89074
101858
134041
14494
38517
123636
15417
135761
150511
127809
56261
44902
138858
125964
47674
144134
81389
65696
26672
126605
95521
38017
95806
124865
83366
107776
80511
53330
61493
83548
8653
115698
26633
127967
147942
73480
99631
28389
25066
134369
9242
144944
137662
141925
149334
121509
44925
57666
48835
67608
73701
86492
55228
94030
4495
130519
139554
43270
28711
12468
48062
37139
43351
53327
993
8231
37090
132369
38315
10564
35080
53351
143797
93486
61009
51660
40080
85337
147713
88323
61035
142627
121901
144798
103873
126881
117956
62844
119607
71610
69244
76728
85410
34446
137069
78888
27231
51227
86598
31286
136975
145771
2003
12471
53830
4506
48983
143592
58317
63828
109378
133840
150591
141848
49550
139795
116308
116462
88443
29876
91925
148620
48872
85983
109878
141406
84195
22332
24112
89385
37236
36230
142779
115091
84987
62852
30199
113143
138573
98926
80852
32684
114301
108893
77497
142669
116814
38617
92237
14912
78695
150542
96200
59299
14749
22364
33919
127715
1798
77592
142113
65565
61671
26175
120271
65529
34864
46420
40590
116426
81603
133330
12309
39273
64334
71118
61538
51686
46209
116983
95068
140670
14870
76470
132057
51663
118536
70925
129399
136642
69888
119983
137723
57141
93849
33868
135324
9091
76762
29484
47580
2487
66723
107133
61059
46643
90588
85863
55718
73809
74239
150777
103243
147143
137671
80383
84957
99480
32139
517
2196
57079
72932
81761
107077
70550
108361
132779
149068
79081
32511
136888
33285
113793
122042
115311
60117
97728
140225
67605
112915
35098
78427
141809
55353
83826
110310
71094
99792
56157
113450
81538
10298
101853
21037
4152
123048
28706
15602
57711
111577
16752
67170
42029
37971
12130
76631
50968
115995
150150
139791
53589
66093
298
47632
16113
113884
24873
83054
1178
55637
128441
146429
115858
80957
97002
136465
36413
132664
15626
61735
24781
104497
78234
129909
9311
60413
128544
111377
99454
119213
10994
143525
129158
58817
89380
111854
5064
148948
46274
112170
10675
130328
106239
141611
79994
140978
110759
4655
69220
51890
96243
92453
125663
71229
137449
120739
140082
91926
134885
61700
78964
95849
88368
96282
129128
5679
46294
43969
62279
1353
77928
77130
130633
74850
112546
91992
128482
110220
30768
60226
35267
102185
62478
48200
83985
16196
86700
34676
87710
76804
36068
30550
143461
107159
133305
69497
136326
151242
59091
98870
36937
99228
113554
97902
16507
110317
19240
79730
20100
50973
64483
48303
85958
46457
142318
118470
146711
11075
2953
127640
15053
116197
135315
143294
38998
108653
39220
16555
82741
87036
68876
55343
115889
45801
28892
87972
63380
25708
108863
25544
35246
144605
118025
114387
50280
17196
62435
73396
31638
66557
94496
62367
123903
107156
129630
16712
113502
8476
29177
19034
118822
68788
64684
123977
109010
24490
104427
52384
64282
35992
77661
140728
61923
78294
118313
20752
110404
143710
32089
138539
131432
43049
53055
147242
141001
109524
86754
8615
103803
74608
45185
123202
109938
62625
19813
36703
10649
911
42722
7381
69797
149211
107142
81570
147407
26854
135099
109280
18047
114460
137020
55956
34279
81263
130788
149953
76560
39457
31063
25575
28745
31607
87877
88984
15622
22393
19559
57827
40400
98759
98774
32617
38948
17518
23851
54618
131806
148931
108514
51356
90492
107208
119474
30262
149613
118261
103490
120749
51291
45203
88818
140037
105623
69056
110071
40464
77170
4088
147182
17218
121066
79923
75256
61150
40415
42510
96006
146836
121162
6195
84883
26460
144024
86400
47797
83446
134965
82298
107456
113608
129964
150064
36788
34310
90109
12274
84392
62498
52454
140216
53401
66190
149008
115286
67922
73319
40170
29645
75257
120620
149114
8789
52187
83576
2511
135491
26450
36385
33865
84215
129032
75422
16160
81200
80390
74189
97932
25131
80222
42327
151053
51359
130233
1108
149217
23844
65220
107219
126350
62314
36104
29183
96554
60917
114428
27772
68602
6468
119534
83599
105017
910
64654
75877
120272
109260
127278
59649
94993
92636
39006
142389
100806
147804
62423
34115
85858
53048
73299
41513
19586
70825
117886
30035
57434
94257
64503
40859
20700
66913
98189
129671
112794
51006
100367
61383
89341
56063
38134
114823
116939
100973
51615
798
8634
137139
45692
66339
141620
126669
136818
73582
136091
104249
105972
32415
16325
29947
76070
120335
150326
33154
112543
71152
137848
92290
73201
127589
49287
124542
1355
111799
134931
32702
62430
149702
16679
60286
29434
43275
76467
147827
102337
19154
88384
33765
138819
26777
10524
31369
150174
139752
60197
132793
88641
139786
63388
114204
21890
142823
93377
341
52408
54573
1471
39224
119854
144479
127376
126265
91200
108961
44268
35081
56306
76654
122783
22429
102562
23818
51932
67984
64464
62857
62560
11970
99427
132856
75933
105456
78479
13919
96906
145487
51843
29013
92625
138938
96502
82918
50239
130715
145307
68727
49581
42071
22551
73791
8106
101897
68034
36035
87444
10079
123620
150131
78132
3913
20510
66709
94343
103940
85678
58029
5774
51769
13971
27930
32332
78287
46675
93394
95893
76748
66127
140292
145731
3289
47899
98666
98667
4837
108804
138778
93149
40509
59973
129962
35494
92349
126867
138451
34025
31460
122888
113242
38131
24611
27527
123431
31224
4742
4636
65537
41636
111941
30581
11575
114171
72041
142092
150701
45193
111090
89667
22188
119404
130565
2781
20787
8821
37694
118041
90382
1535
657
83116
77957
71587
80288
6059
114417
75168
98222
49020
70192
34369
34024
136893
120838
142999
31931
59548
123579
92820
133012
92757
85982
110825
126689
150953
13232
54251
61390
84234
103302
103532
101126
58446
88175
31797
115340
60001
132621
108604
79545
44672
52963
57005
67821
133810
143144
78752
94315
41178
143352
17793
1839
9874
135743
68513
95751
149653
147824
54240
46416
151033
51318
10444
138132
42158
132220
119583
102640
78767
68935
83547
98262
114691
46516
90171
147396
94111
112417
94303
6074
105870
51999
22990
48793
121019
137675
78972
9016
68237
139427
128374
15558
48599
83085
129479
29263
109249
130159
24276
111627
75539
17177
127057
12613
131562
54946
31561
10547
86678
104335
53699
128183
18313
93957
114509
27093
3621
16846
127515
13313
128407
50711
15179
118634
34954
82907
19510
89826
67697
78351
149674
93632
17007
106745
37045
15934
43642
39566
61269
88103
81970
150978
49909
72536
58195
56559
112090
120553
77328
18110
132244
38936
55666
98045
37332
56686
90368
97167
45066
92092
24317
59553
34352
35714
40029
47200
111315
125057
66502
146763
94986
52710
103639
24492
148969
122568
67080
9150
108045
74912
133382
56653
116052
40546
140981
144524
131177
127384
131788
133229
73472
148678
93147
106040
124274
97369
59483
35097
101404
109428
104356
85242
44540
3037
36326
118598
146089
46638
76084
135283
135077
41739
17105
90227
14633
104548
133609
96813
147665
142501
113108
20058
95321
93643
99533
122932
134935
118115
37172
117718
136613
77929
5814
69999
142495
14416
77042
44030
69457
6980
128295
82466
94699
8852
131566
148960
46896
34103
99851
141967
9856
5753
100135
109312
14976
94080
101258
147481
905
131619
150528
25917
111800
123201
108228
7524
148097
54098
134899
40666
58171
77295
2873
129594
143694
7948
104495
127868
45772
111122
36793
55760
141797
149482
78177
10603
51971
83650
141629
63470
60056
89824
48591
6018
88040
66169
100268
8888
79203
97428
45616
106757
120385
140249
127692
117189
2526
81729
49959
54907
132344
31109
5623
143810
95631
93927
9297
103466
67378
122392
57194
43517
78120
35891
2903
76316
61898
89241
44207
17280
31882
52633
118526
79763
95789
141487
89748
21522
38576
36116
131302
51022
130551
56746
124249
99598
78904
79508
44016
134751
60383
5500
94295
97297
139290
6461
72302
36350
135184
146459
72522
14993
137644
6734
30237
136669
139729
22147
93384
42990
23040
53266
106947
55318
16204
15007
80792
105512
89411
97049
126062
130770
84296
56095
83973
128601
127148
150303
2747
97397
144420
3262
44808
138479
120762
118838
56287
29979
43286
48532
70890
43536
72197
14871
55827
118156
11009
138554
112970
100797
123783
86868
131603
37252
140987
140890
47571
6806
131322
91827
110830
66173
103010
40131
72412
27660
40355
40240
47723
78685
60125
11643
99247
45630
47223
44078
130325
73853
151021
74354
115719
108397
74611
19344
148586
105956
47522
144030
116494
72334
80502
122697
39008
33523
123267
65943
96607
122281
123453
112237
50114
108419
101650
95865
47140
118066
53482
106781
21165
124220
134314
132463
138288
61288
115397
45544
51846
99000
64971
27384
69500
125263
47241
25493
101839
101547
131431
133917
37680
103090
74365
3884
127945
94587
79596
80708
53606
149872
85587
41393
18371
83453
26885
64666
115902
138846
109400
108713
122893
140905
6077
130668
132390
150523
32103
2410
39239
83753
69889
60155
68000
33907
73482
57107
105989
126484
12463
29369
48087
95828
17081
109832
99650
82827
104874
133618
12736
45658
100798
51307
119931
112121
136229
65844
12895
84388
131672
127597
25994
89331
31340
42344
73637
128079
103118
21182
102625
47461
69089
52511
69378
56921
8151
111784
47157
84148
145507
84275
75448
98780
79018
20775
50955
94662
133030
35721
142489
1053
85102
34385
26562
90023
73750
26035
138590
109663
24750
149213
115206
28224
2496
141543
3405
128447
101393
49891
131036
972
97857
28830
14887
128216
145059
19593
134388
104911
90092
70368
115550
120910
149906
58721
97076
26309
46853
113848
22956
79863
118676
47556
134193
65878
94067
98278
139348
132810
14867
79472
83988
143805
150668
129874
1989
3917
2777
142599
27952
104359
44921
25032
53828
35571
8219
12862
22646
103413
22946
150529
17260
51059
104148
84575
39471
98894
3958
24631
20069
43136
67477
14251
107430
23267
86051
100416
102705
53933
118840
30017
23415
105366
56995
31559
93032
38258
129830
50152
84606
10760
95261
76068
52822
25338
129178
128172
135924
119111
121924
97874
132878
70112
2180
146354
126316
2155
109805
50611
57387
2390
143113
9942
127425
115593
95571
147113
75206
130381
53197
136497
73554
76788
49821
143154
126324
113049
26559
4526
40824
134715
22455
87107
37011
21374
24172
62522
81830
103660
49979
59664
118966
89537
44229
52608
114775
26904
121953
40795
43803
38846
47121
130688
4865
15314
89506
79892
91495
21124
142500
36175
57427
5745
145150
96396
96701
148918
68624
144660
122382
40207
2132
143767
71549
141439
148327
122740
28396
86504
63623
104185
12200
14730
78424
55629
102866
130854
22127
111154
99633
80509
43589
131554
61715
62022
14226
86810
17889
126598
8276
81545
65561
33039
18432
109045
4878
102343
100006
56740
36093
59313
5487
40905
76133
27523
124462
65669
57045
44226
81254
150374
138656
24868
55301
37420
53997
16069
115791
117550
113557
139709
38308
55075
123330
106699
88808
118271
35908
138978
88837
54975
22853
111718
126941
121513
136848
132907
51034
39331
32559
107249
34995
76487
23024
3787
54773
22468
69665
60281
27571
39023
138572
90124
4045
130860
120577
13747
9608
102876
72102
73508
105983
94348
135951
14920
118994
113645
136464
116405
135055
34519
70592
80702
69788
31984
10756
147281
39353
39451
132026
26503
79812
55574
3474
132237
116547
34414
110426
87732
43117
78852
112552
59439
107003
21482
42732
140001
87815
174
39970
85236
22000
98444
57600
103704
43144
79175
28757
71703
7295
73028
34014
25621
89583
39897
13468
64710
708
125313
93116
73193
135915
81304
10716
114938
114672
3066
51551
62246
131827
81676
140323
76981
3886
36794
11470
46121
110068
32127
17915
97371
137766
17951
43538
124741
42636
111569
141995
98933
96725
97135
77827
73640
118628
109491
141904
16178
52553
53192
146973
85229
42311
50161
34368
131448
80981
143674
121686
91359
147184
45984
22952
58908
141783
60639
32274
115247
16148
71655
15373
17277
23
32212
60701
25891
130552
54229
89952
91163
31472
31667
72512
151263
147135
95204
35631
19879
95614
96270
61531
30086
18815
132643
30950
118689
94431
145899
7882
5480
132817
142367
1878
70919
130099
17042
141048
40804
59125
96653
4864
32765
113732
130988
109348
139915
108064
76779
104424
148798
19536
54861
30326
144782
11268
4920
2231
46891
79678
24308
126103
118809
74499
118942
70680
71760
16811
81445
104164
24210
15728
20621
48541
10160
132079
21245
54796
139964
140966
100858
98586
128187
114092
125321
57565
126611
73491
96192
35406
17759
40670
110480
10665
49416
60169
105730
46214
122440
126139
48549
641
127996
7230
105447
93085
139503
79854
121822
87149
44025
32892
139476
43860
11898
138167
127078
7349
43335
133037
45096
147005
23807
102958
79662
68383
6627
39775
29407
26606
83454
23488
8843
100137
52286
56084
138061
45906
114140
116303
89412
91188
15892
120288
94974
12507
22805
114139
962
2215
110711
87466
57857
121984
127500
40699
65453
6131
22512
5506
27045
132615
101084
406
36432
85142
139548
91463
22102
59884
131034
38341
38402
126233
88162
48733
138994
16717
88280
124383
150837
72116
27761
50859
50308
133392
131634
5519
48928
99964
57077
102415
86685
26791
27609
145123
85038
83201
8697
63786
136335
148368
58804
140443
55881
89215
7731
61776
7221
140430
5779
34862
98983
24153
121220
123075
36928
2014
63235
70307
28114
47045
72403
63096
55824
116186
25247
98048
127435
86535
58480
61429
145932
35495
115237
32201
93548
151255
28112
59528
15341
86955
67408
5695
126242
650
105826
131500
137329
45500
66142
96109
141646
132920
43995
48018
58665
32862
79336
60553
103068
42876
59741
83063
28344
90475
25939
6003
23051
18327
148862
13262
84641
81346
82190
94694
79150
74481
17504
6065
6137
99381
79428
4061
135931
91611
27146
134602
12193
32658
18172
93321
45974
126092
141638
124598
49834
35865
90660
84462
47868
134833
51901
73680
45706
102440
73071
19239
80452
99386
2308
142031
144699
136244
108855
87230
19360
140157
70931
139591
108063
17519
82582
99374
59031
68743
18841
17989
52006
139953
147516
136737
15082
55158
105221
112617
46831
105693
119320
61575
106134
99990
14206
120018
79466
72078
132385
94124
68720
89026
128518
137249
53419
27208
27682
74383
135759
135694
62534
85066
105468
54170
76708
103678
80712
143037
47135
81969
111033
29073
27578
25815
60459
122594
101101
143212
72056
33171
94093
145763
3900
67246
108304
19467
100398
145475
112858
56154
3831
79626
5661
67916
53137
56198
64280
14097
20574
25758
127379
1440
60442
1883
129494
11833
47495
116202
116155
91202
103334
142408
58988
122735
112266
12410
82946
97072
85068
46218
48980
95245
79058
68029
111684
52323
101873
75881
150576
39250
45419
55239
81882
66715
80215
60518
66585
92408
36885
17223
107455
72706
150531
14973
118811
24188
62718
125544
3837
133906
138747
100257
49423
92037
31564
22775
25094
100237
9415
147814
23246
43515
118856
42481
58816
72134
2682
120408
73969
147387
44313
133894
135138
141454
84740
60793
65946
69766
32355
21883
47611
91140
79143
132070
75964
28605
2517
142858
71221
124142
38043
77556
10120
61719
10032
46623
28501
93205
65427
100216
108523
64529
71666
140779
35694
78683
77354
48069
58746
68947
24734
102811
2063
104972
50924
149233
65694
102203
139854
17944
61357
93928
150772
103468
103683
3506
65983
71654
11196
134750
54168
9217
128700
4561
60080
135146
36785
124582
142781
150037
62065
115259
14013
147472
101989
38594
99431
32831
27695
57257
20242
132582
29501
146513
54811
102255
88722
1265
88181
74328
85994
29134
51789
43380
70692
150163
16184
108640
86639
73131
125658
74399
71490
136207
123070
77625
213
93025
99877
117135
119424
8344
129506
102829
28058
48153
25441
63967
139157
146821
41399
137333
65248
43162
56344
39397
132941
102672
22349
114632
11327
4885
13061
120665
131992
102163
67119
48293
21296
127695
38992
88127
88249
61927
112269
72009
111724
107010
51210
38039
46987
75245
31845
29640
101856
114661
86240
63194
85967
140102
25287
18441
108648
757
130079
123695
141683
10878
136003
148568
140043
49542
66692
139261
105381
65920
143377
150722
105450
17807
13576
128985
23634
58006
129288
103592
106812
100051
89417
92843
74737
119446
7141
29935
148112
38389
35195
12977
73814
68862
148126
19768
119207
39881
96380
42621
48649
137921
111584
82204
52965
23327
4238
126086
34530
43417
37501
146423
129770
31281
64170
97948
129203
149032
120368
59958
141847
90830
118215
90925
112680
21418
103946
27056
127017
125193
119553
72283
27459
33374
101148
35329
19193
11084
71156
91187
75838
124323
138564
4657
647
19843
106098
116407
7722
90876
17946
50428
40142
66498
129020
132708
33326
69106
38032
34573
41807
139467
97250
71012
19731
113228
120760
95906
6243
17088
59980
27498
31994
83389
44782
91331
136084
5879
135921
16276
67449
80572
36425
70101
10250
48310
32402
53014
107484
138258
145721
127828
49418
91674
61756
80535
96819
148432
81302
147271
18099
29059
84593
103887
82683
95702
111487
79910
110011
91720
52663
17541
130232
47670
88199
83506
96919
73322
53942
74501
86521
51772
108782
54768
67132
2460
126543
125466
138810
126391
26554
72940
115290
49490
29287
144036
78143
60299
136299
38558
66344
103144
31798
42944
45588
46328
108379
83159
2998
65212
130771
75862
140047
77430
113842
57633
104520
69771
111427
91822
31569
112387
62096
57049
99335
62564
101005
98277
72501
22336
84351
52208
38851
10950
140058
35609
110877
11590
92937
61299
64238
18241
110029
134433
4352
124291
35897
105558
99393
11870
44728
142233
111878
148940
44360
110272
39674
148341
20446
79026
66789
47413
27628
26934
149395
23819
136148
3051
101159
70404
119863
34536
30709
145802
149017
121406
143596
81194
46023
46597
53039
21737
89647
76293
12672
81106
3827
105193
92458
111339
29795
70445
46421
50958
116883
1699
20625
47391
113642
59499
18538
97298
32758
99174
108695
45236
83251
131543
149640
123610
31282
77644
109323
140006
81929
134320
18283
21101
89389
117017
149222
28291
20127
142760
144612
23889
45150
94670
7461
73884
12288
34653
89410
56285
74247
396
95643
118497
129177
102397
46893
23259
28512
19701
28984
17429
95357
93511
90957
69880
22611
78726
150813
108092
29133
19033
117887
38176
85202
25326
142247
107919
141138
108953
7568
83115
15784
35539
37493
128471
116769
122923
91814
81341
41627
41927
121206
143145
7517
74630
131100
97063
74789
129688
82154
113506
89753
44630
40463
6822
33699
119710
101140
17200
134073
102303
124070
110833
86093
138601
137931
40401
46669
122361
107374
118525
139106
34735
108716
30699
47288
78473
42838
150079
28109
89387
123572
2150
41177
31547
38191
38094
20349
148396
79586
134370
69526
61479
71674
97961
56581
145710
138356
100159
60953
76610
141734
27615
114018
38568
74586
83936
47212
82266
28339
50166
30562
114676
27184
116753
47375
6431
91182
138562
109450
104870
6267
74962
135439
140176
47910
14851
35186
140421
39500
107333
89456
144751
31593
103999
62044
114330
43281
37563
27652
57740
86747
127137
146709
97415
37503
90134
53223
89812
71139
127834
37022
120978
67830
25687
108576
141709
77282
18369
133142
122174
40530
33943
44576
103867
48982
115823
17157
76016
142682
107180
77732
135781
86155
97307
133199
31831
17740
125568
10818
57867
121739
21647
18770
79028
92761
107478
39448
30182
133901
90421
68048
44718
103793
10194
90594
102950
109382
61459
49916
2331
67556
34357
103970
19238
106496
136768
45488
112531
111819
64585
150416
146297
83789
80998
106688
7920
44158
130807
61884
102658
82483
123042
57108
180
83317
114777
78653
57512
70708
73827
6121
85013
87870
17509
139877
120010
113790
117812
72083
122936
55783
86765
121351
350
131451
136925
35198
92814
129155
29756
98733
40604
74321
70477
7762
1016
128675
128364
13648
38559
91013
24619
124974
70957
93290
113691
105645
17449
30580
102847
135071
90341
129988
74479
28349
90214
21829
56902
40123
96225
129746
15329
93258
32265
30813
18015
52654
85347
145758
151136
136012
117946
77856
61553
44942
87770
88939
10889
7829
23502
123640
26297
114579
61837
69477
9174
50086
78283
33771
142288
128196
137159
43904
70619
59606
88881
20341
42064
121940
3945
10263
102531
46578
127734
54664
55486
41901
90846
13603
45745
133822
146837
20303
1060
132273
17255
117292
36508
17133
85023
46655
130432
58260
107957
32296
145016
63816
86268
149138
137177
147744
48617
4337
94982
77242
136067
74559
131199
15352
35596
50541
11699
123857
100655
2333
2968
7127
125698
128613
117995
61579
63966
143259
105362
144681
15014
57207
64173
100598
71912
1451
113182
124714
54545
57495
26183
18652
17963
47783
118862
105780
104847
100062
31959
23786
32720
150457
150845
6444
73003
126827
47788
120643
10451
37084
106556
91755
67456
30417
79668
22746
103141
1232
96157
147553
86207
58654
53636
29400
28308
7791
27186
110775
83685
9233
130401
93226
27240
18117
53537
63108
26859
23954
39286
100675
103635
122970
8471
74430
144778
69770
150736
9411
123490
15374
88951
36401
18608
116600
34713
21622
110061
91653
112566
44141
10216
20909
79245
49905
131304
66222
78587
138422
16211
113919
22242
41009
3028
73376
10841
51030
17248
78770
46216
43693
41334
144221
138526
19002
59673
138218
17584
38091
89971
95398
63471
42051
83926
27229
77966
104580
79554
89379
95394
103403
121734
97563
26679
15882
18006
58369
6959
93458
27422
136296
110909
86950
105400
64415
31371
5278
141317
126885
99488
47869
89139
54775
42674
82405
74410
4712
26336
33498
107681
124721
63199
28307
31861
40167
90962
60678
107491
106911
1425
67079
76658
128558
43620
111173
132800
127958
110834
48441
6915
95100
58018
59276
88304
71441
59850
29985
99453
77054
131325
125065
131447
96015
85627
8446
31747
47484
141338
23411
78260
46020
103528
101784
70233
139435
52093
128687
22877
7047
31892
47878
71967
49506
94497
149018
61034
8326
70904
142347
3797
114604
134325
21041
134446
34814
117270
12505
131035
89257
91964
61684
13870
5791
92304
2237
89395
60963
133453
18888
147650
100299
127946
77299
17143
139606
124941
16809
116782
141084
40899
97401
146447
87820
66565
48358
13825
41975
7975
33527
52159
66395
146937
58959
2631
5497
825
109616
42941
66932
91403
10068
46140
10432
138029
137693
31445
129258
43255
95495
90567
107753
65572
137124
445
110683
75268
61653
124498
54786
35591
38782
130339
109394
114190
150273
7265
17164
47535
47541
96111
62799
144372
125894
142570
81421
104447
99269
124640
24921
142118
65867
52581
142107
150847
14845
14136
103775
93884
44891
128386
105713
22201
78085
95957
25504
100895
95963
117001
125385
118575
124870
15693
6629
133682
42349
41643
63460
148334
51865
85035
81739
105965
57839
56066
125881
74406
8498
54542
29527
128233
37840
11786
91277
132649
7361
59377
135460
73090
8193
142972
49606
94663
102172
44955
52340
25351
122006
60765
54782
130543
20984
134081
59200
142332
33914
136512
59388
117404
131846
48854
76368
9859
66358
149203
14382
55914
129608
123043
38407
18325
22991
116743
118392
99181
146314
75765
82396
55335
109822
123677
122617
139468
9617
64702
134206
112398
73703
107722
79426
47353
78974
115122
41978
14959
136825
39133
24196
683
136243
50108
64258
110699
44941
81555
11724
34771
75204
397
29533
56683
148787
43231
134097
58496
55555
132899
51449
83766
94522
124622
122037
73447
79797
862
114548
13790
71295
95645
89996
114503
136668
11419
60510
123114
123348
147891
67753
132980
18923
11879
82660
78921
38160
6237
137068
144839
145110
47947
77607
101346
67962
2666
21819
77238
14613
56652
119525
66383
95099
121992
106216
109006
41276
124340
150948
49061
40951
82346
76067
29149
74745
77066
48756
91231
101956
49417
120375
17559
54603
139463
95018
46256
194
35063
69798
140244
20397
96227
61615
71367
20340
44028
113237
39594
97837
41390
42747
80240
116301
31241
132686
89092
109669
15746
60940
120864
33197
72115
14521
1012
97534
147494
142621
107997
146220
71652
32180
91799
140446
141693
30630
48202
29095
101414
48325
117889
16587
67372
38084
58102
148912
60181
31113
35235
77378
19370
65291
98474
36455
40819
47217
90202
145497
67223
138370
25875
116713
46076
94761
89363
32793
23826
107319
40738
118262
109082
134250
65227
48665
94479
104470
122542
144026
91131
47105
103741
21455
60721
88763
115678
91919
150924
150643
14896
88493
31345
84350
112391
76166
82373
4687
7301
132994
8674
111504
5058
30865
12557
29481
106630
89980
67465
22711
27840
122525
70453
102464
107268
86039
91286
30648
88226
28594
24909
62466
133752
128133
130983
51462
8215
103563
59505
23003
62175
107631
16001
14837
103510
117722
4287
93955
41651
10202
60406
98931
88524
9707
122108
80489
62814
147902
130403
1982
9685
29118
15132
7098
73314
933
15293
89920
35762
101288
41377
76221
102740
93046
125562
60349
31575
85151
122851
