21 177555 0.237623762376238
21 17756 0.193069306930693
21 1776 0.168316831683168
21 200 0.113861386138614
21 199 0.118811881188119
21 198 0.113861386138614
21 197 0.113861386138614
21 196 0.113861386138614
21 195 0.118811881188119
21 194 0.113861386138614
21 193 0.113861386138614
21 192 0.113861386138614
21 191 0.108910891089109
21 190 0.118811881188119
21 189 0.118811881188119
21 188 0.113861386138614
21 187 0.113861386138614
21 186 0.108910891089109
21 185 0.113861386138614
21 184 0.113861386138614
21 183 0.108910891089109
21 182 0.113861386138614
21 181 0.113861386138614
21 180 0.108910891089109
21 179 0.113861386138614
21 178 0.108910891089109
21 177 0.103960396039604
21 176 0.113861386138614
21 175 0.118811881188119
21 174 0.108910891089109
21 173 0.103960396039604
21 172 0.108910891089109
21 171 0.108910891089109
21 170 0.113861386138614
21 169 0.108910891089109
21 168 0.113861386138614
21 167 0.108910891089109
21 166 0.113861386138614
21 165 0.113861386138614
21 164 0.108910891089109
21 163 0.103960396039604
21 162 0.108910891089109
21 161 0.113861386138614
21 160 0.113861386138614
21 159 0.103960396039604
21 158 0.103960396039604
21 157 0.099009900990099
21 156 0.103960396039604
21 155 0.108910891089109
21 154 0.108910891089109
21 153 0.108910891089109
21 152 0.103960396039604
21 151 0.103960396039604
21 150 0.103960396039604
21 149 0.103960396039604
21 148 0.099009900990099
21 147 0.099009900990099
21 146 0.099009900990099
21 145 0.103960396039604
21 144 0.103960396039604
21 143 0.103960396039604
21 142 0.0940594059405941
21 141 0.103960396039604
21 140 0.099009900990099
21 139 0.0940594059405941
21 138 0.103960396039604
21 137 0.108910891089109
21 136 0.103960396039604
21 135 0.099009900990099
21 134 0.103960396039604
21 133 0.099009900990099
21 132 0.103960396039604
21 131 0.103960396039604
21 130 0.099009900990099
21 129 0.099009900990099
21 128 0.108910891089109
21 127 0.099009900990099
21 126 0.103960396039604
21 125 0.103960396039604
21 124 0.103960396039604
21 123 0.099009900990099
21 122 0.0940594059405941
21 121 0.099009900990099
21 120 0.0940594059405941
21 119 0.0940594059405941
21 118 0.0891089108910891
21 117 0.0940594059405941
21 116 0.099009900990099
21 115 0.099009900990099
21 114 0.099009900990099
21 113 0.099009900990099
21 112 0.099009900990099
21 111 0.0891089108910891
21 110 0.0940594059405941
21 109 0.0891089108910891
21 108 0.0940594059405941
21 107 0.099009900990099
21 106 0.0940594059405941
21 105 0.099009900990099
21 104 0.0940594059405941
21 103 0.099009900990099
21 102 0.099009900990099
21 101 0.099009900990099
21 100 0.099009900990099
21 99 0.0940594059405941
21 98 0.099009900990099
21 97 0.0841584158415842
21 96 0.0940594059405941
21 95 0.099009900990099
21 94 0.099009900990099
21 93 0.099009900990099
21 92 0.099009900990099
21 91 0.0940594059405941
21 90 0.103960396039604
21 89 0.0940594059405941
21 88 0.099009900990099
21 87 0.099009900990099
21 86 0.0940594059405941
21 85 0.0940594059405941
21 84 0.099009900990099
21 83 0.099009900990099
21 82 0.103960396039604
21 81 0.103960396039604
21 80 0.0940594059405941
21 79 0.099009900990099
21 78 0.108910891089109
21 77 0.0940594059405941
21 76 0.103960396039604
21 75 0.103960396039604
21 74 0.103960396039604
21 73 0.0940594059405941
21 72 0.0891089108910891
21 71 0.103960396039604
21 70 0.103960396039604
21 69 0.099009900990099
21 68 0.103960396039604
21 67 0.099009900990099
21 66 0.0940594059405941
21 65 0.103960396039604
21 64 0.099009900990099
21 63 0.099009900990099
21 62 0.0940594059405941
21 61 0.0940594059405941
21 60 0.0940594059405941
21 59 0.0891089108910891
21 58 0.0841584158415842
21 57 0.103960396039604
21 56 0.0940594059405941
21 55 0.0891089108910891
21 54 0.099009900990099
21 53 0.0891089108910891
21 52 0.099009900990099
21 51 0.0940594059405941
21 50 0.099009900990099
21 49 0.0891089108910891
21 48 0.0940594059405941
21 47 0.0792079207920792
21 46 0.0891089108910891
21 45 0.0891089108910891
21 44 0.0841584158415842
21 43 0.0792079207920792
21 42 0.0841584158415842
21 41 0.0940594059405941
21 40 0.0742574257425743
21 39 0.0792079207920792
21 38 0.0742574257425743
21 37 0.0792079207920792
21 36 0.0841584158415842
21 35 0.0792079207920792
21 34 0.0891089108910891
21 33 0.0841584158415842
21 32 0.0792079207920792
21 31 0.0792079207920792
21 30 0.0792079207920792
21 29 0.0841584158415842
21 28 0.0792079207920792
21 27 0.0940594059405941
21 26 0.0841584158415842
21 25 0.0891089108910891
21 24 0.0891089108910891
21 23 0.0841584158415842
21 22 0.0891089108910891
21 21 0.0940594059405941
21 20 0.108910891089109
21 19 0.113861386138614
21 18 0.123762376237624
21 17 0.128712871287129
21 16 0.128712871287129
21 15 0.123762376237624
21 14 0.128712871287129
21 13 0.133663366336634
21 12 0.148514851485149
21 11 0.143564356435644
21 10 0.173267326732673
21 9 0.148514851485149
21 8 0.123762376237624
21 7 0.163366336633663
21 6 0.198019801980198
21 5 0.168316831683168
21 4 0.217821782178218
21 3 0.133663366336634
21 2 0.257425742574257
21 1 0.242574257425743
