1 177555 0.237623762376238
1 17756 0.212871287128713
1 1776 0.173267326732673
1 200 0.123762376237624
1 199 0.123762376237624
1 198 0.113861386138614
1 197 0.103960396039604
1 196 0.0940594059405941
1 195 0.118811881188119
1 194 0.108910891089109
1 193 0.113861386138614
1 192 0.123762376237624
1 191 0.108910891089109
1 190 0.118811881188119
1 189 0.113861386138614
1 188 0.103960396039604
1 187 0.113861386138614
1 186 0.108910891089109
1 185 0.113861386138614
1 184 0.123762376237624
1 183 0.108910891089109
1 182 0.108910891089109
1 181 0.108910891089109
1 180 0.108910891089109
1 179 0.123762376237624
1 178 0.103960396039604
1 177 0.108910891089109
1 176 0.108910891089109
1 175 0.113861386138614
1 174 0.118811881188119
1 173 0.118811881188119
1 172 0.128712871287129
1 171 0.103960396039604
1 170 0.103960396039604
1 169 0.108910891089109
1 168 0.103960396039604
1 167 0.099009900990099
1 166 0.103960396039604
1 165 0.0940594059405941
1 164 0.103960396039604
1 163 0.103960396039604
1 162 0.103960396039604
1 161 0.099009900990099
1 160 0.099009900990099
1 159 0.099009900990099
1 158 0.099009900990099
1 157 0.0940594059405941
1 156 0.099009900990099
1 155 0.099009900990099
1 154 0.103960396039604
1 153 0.099009900990099
1 152 0.103960396039604
1 151 0.099009900990099
1 150 0.0940594059405941
1 149 0.099009900990099
1 148 0.0940594059405941
1 147 0.0891089108910891
1 146 0.0940594059405941
1 145 0.099009900990099
1 144 0.0841584158415842
1 143 0.0891089108910891
1 142 0.099009900990099
1 141 0.0940594059405941
1 140 0.103960396039604
1 139 0.099009900990099
1 138 0.113861386138614
1 137 0.099009900990099
1 136 0.103960396039604
1 135 0.0940594059405941
1 134 0.099009900990099
1 133 0.099009900990099
1 132 0.103960396039604
1 131 0.103960396039604
1 130 0.0940594059405941
1 129 0.103960396039604
1 128 0.103960396039604
1 127 0.108910891089109
1 126 0.103960396039604
1 125 0.099009900990099
1 124 0.0940594059405941
1 123 0.0940594059405941
1 122 0.103960396039604
1 121 0.0841584158415842
1 120 0.099009900990099
1 119 0.099009900990099
1 118 0.0940594059405941
1 117 0.099009900990099
1 116 0.0940594059405941
1 115 0.099009900990099
1 114 0.099009900990099
1 113 0.099009900990099
1 112 0.0940594059405941
1 111 0.0891089108910891
1 110 0.0940594059405941
1 109 0.099009900990099
1 108 0.099009900990099
1 107 0.0891089108910891
1 106 0.099009900990099
1 105 0.099009900990099
1 104 0.0841584158415842
1 103 0.0841584158415842
1 102 0.0891089108910891
1 101 0.0940594059405941
1 100 0.0940594059405941
1 99 0.0891089108910891
1 98 0.0940594059405941
1 97 0.0891089108910891
1 96 0.0940594059405941
1 95 0.0940594059405941
1 94 0.0940594059405941
1 93 0.0841584158415842
1 92 0.0891089108910891
1 91 0.0891089108910891
1 90 0.0841584158415842
1 89 0.0841584158415842
1 88 0.0841584158415842
1 87 0.0891089108910891
1 86 0.099009900990099
1 85 0.103960396039604
1 84 0.0940594059405941
1 83 0.0940594059405941
1 82 0.0891089108910891
1 81 0.099009900990099
1 80 0.0891089108910891
1 79 0.0940594059405941
1 78 0.0940594059405941
1 77 0.103960396039604
1 76 0.0940594059405941
1 75 0.0940594059405941
1 74 0.0940594059405941
1 73 0.0940594059405941
1 72 0.0891089108910891
1 71 0.0891089108910891
1 70 0.099009900990099
1 69 0.0940594059405941
1 68 0.099009900990099
1 67 0.0940594059405941
1 66 0.0940594059405941
1 65 0.0891089108910891
1 64 0.0940594059405941
1 63 0.0940594059405941
1 62 0.0940594059405941
1 61 0.0940594059405941
1 60 0.0940594059405941
1 59 0.0940594059405941
1 58 0.099009900990099
1 57 0.0742574257425743
1 56 0.0841584158415842
1 55 0.0940594059405941
1 54 0.099009900990099
1 53 0.0841584158415842
1 52 0.099009900990099
1 51 0.0940594059405941
1 50 0.099009900990099
1 49 0.099009900990099
1 48 0.099009900990099
1 47 0.103960396039604
1 46 0.0940594059405941
1 45 0.103960396039604
1 44 0.103960396039604
1 43 0.0841584158415842
1 42 0.099009900990099
1 41 0.0841584158415842
1 40 0.113861386138614
1 39 0.118811881188119
1 38 0.103960396039604
1 37 0.108910891089109
1 36 0.113861386138614
1 35 0.113861386138614
1 34 0.113861386138614
1 33 0.099009900990099
1 32 0.099009900990099
1 31 0.099009900990099
1 30 0.0940594059405941
1 29 0.099009900990099
1 28 0.0891089108910891
1 27 0.099009900990099
1 26 0.108910891089109
1 25 0.113861386138614
1 24 0.123762376237624
1 23 0.108910891089109
1 22 0.118811881188119
1 21 0.103960396039604
1 20 0.103960396039604
1 19 0.113861386138614
1 18 0.099009900990099
1 17 0.108910891089109
1 16 0.108910891089109
1 15 0.118811881188119
1 14 0.118811881188119
1 13 0.108910891089109
1 12 0.118811881188119
1 11 0.128712871287129
1 10 0.133663366336634
1 9 0.133663366336634
1 8 0.138613861386139
1 7 0.138613861386139
1 6 0.163366336633663
1 5 0.113861386138614
1 4 0.143564356435644
1 3 0.138613861386139
1 2 0.188118811881188
1 1 0.232673267326733
