130 177555 0.252475247524752
130 17756 0.212871287128713
130 1776 0.178217821782178
130 200 0.118811881188119
130 199 0.128712871287129
130 198 0.128712871287129
130 197 0.128712871287129
130 196 0.123762376237624
130 195 0.118811881188119
130 194 0.128712871287129
130 193 0.113861386138614
130 192 0.113861386138614
130 191 0.123762376237624
130 190 0.113861386138614
130 189 0.118811881188119
130 188 0.118811881188119
130 187 0.108910891089109
130 186 0.123762376237624
130 185 0.113861386138614
130 184 0.113861386138614
130 183 0.108910891089109
130 182 0.133663366336634
130 181 0.113861386138614
130 180 0.108910891089109
130 179 0.113861386138614
130 178 0.108910891089109
130 177 0.123762376237624
130 176 0.118811881188119
130 175 0.123762376237624
130 174 0.128712871287129
130 173 0.113861386138614
130 172 0.113861386138614
130 171 0.118811881188119
130 170 0.103960396039604
130 169 0.128712871287129
130 168 0.123762376237624
130 167 0.123762376237624
130 166 0.113861386138614
130 165 0.123762376237624
130 164 0.108910891089109
130 163 0.113861386138614
130 162 0.103960396039604
130 161 0.123762376237624
130 160 0.108910891089109
130 159 0.123762376237624
130 158 0.113861386138614
130 157 0.123762376237624
130 156 0.108910891089109
130 155 0.118811881188119
130 154 0.123762376237624
130 153 0.118811881188119
130 152 0.103960396039604
130 151 0.118811881188119
130 150 0.118811881188119
130 149 0.118811881188119
130 148 0.108910891089109
130 147 0.113861386138614
130 146 0.103960396039604
130 145 0.118811881188119
130 144 0.123762376237624
130 143 0.118811881188119
130 142 0.118811881188119
130 141 0.118811881188119
130 140 0.113861386138614
130 139 0.108910891089109
130 138 0.103960396039604
130 137 0.118811881188119
130 136 0.108910891089109
130 135 0.103960396039604
130 134 0.118811881188119
130 133 0.108910891089109
130 132 0.118811881188119
130 131 0.118811881188119
130 130 0.118811881188119
130 129 0.123762376237624
130 128 0.113861386138614
130 127 0.123762376237624
130 126 0.113861386138614
130 125 0.118811881188119
130 124 0.118811881188119
130 123 0.128712871287129
130 122 0.118811881188119
130 121 0.108910891089109
130 120 0.113861386138614
130 119 0.123762376237624
130 118 0.123762376237624
130 117 0.099009900990099
130 116 0.103960396039604
130 115 0.113861386138614
130 114 0.108910891089109
130 113 0.118811881188119
130 112 0.108910891089109
130 111 0.113861386138614
130 110 0.113861386138614
130 109 0.108910891089109
130 108 0.108910891089109
130 107 0.113861386138614
130 106 0.103960396039604
130 105 0.108910891089109
130 104 0.113861386138614
130 103 0.113861386138614
130 102 0.113861386138614
130 101 0.113861386138614
130 100 0.108910891089109
130 99 0.113861386138614
130 98 0.103960396039604
130 97 0.113861386138614
130 96 0.113861386138614
130 95 0.118811881188119
130 94 0.103960396039604
130 93 0.103960396039604
130 92 0.118811881188119
130 91 0.103960396039604
130 90 0.099009900990099
130 89 0.108910891089109
130 88 0.108910891089109
130 87 0.099009900990099
130 86 0.103960396039604
130 85 0.103960396039604
130 84 0.108910891089109
130 83 0.113861386138614
130 82 0.113861386138614
130 81 0.113861386138614
130 80 0.113861386138614
130 79 0.108910891089109
130 78 0.108910891089109
130 77 0.108910891089109
130 76 0.113861386138614
130 75 0.103960396039604
130 74 0.103960396039604
130 73 0.103960396039604
130 72 0.108910891089109
130 71 0.108910891089109
130 70 0.113861386138614
130 69 0.108910891089109
130 68 0.103960396039604
130 67 0.108910891089109
130 66 0.099009900990099
130 65 0.108910891089109
130 64 0.103960396039604
130 63 0.118811881188119
130 62 0.113861386138614
130 61 0.113861386138614
130 60 0.113861386138614
130 59 0.113861386138614
130 58 0.103960396039604
130 57 0.123762376237624
130 56 0.113861386138614
130 55 0.108910891089109
130 54 0.099009900990099
130 53 0.128712871287129
130 52 0.108910891089109
130 51 0.118811881188119
130 50 0.108910891089109
130 49 0.113861386138614
130 48 0.108910891089109
130 47 0.113861386138614
130 46 0.108910891089109
130 45 0.118811881188119
130 44 0.113861386138614
130 43 0.103960396039604
130 42 0.103960396039604
130 41 0.113861386138614
130 40 0.108910891089109
130 39 0.113861386138614
130 38 0.113861386138614
130 37 0.108910891089109
130 36 0.123762376237624
130 35 0.128712871287129
130 34 0.118811881188119
130 33 0.128712871287129
130 32 0.113861386138614
130 31 0.123762376237624
130 30 0.118811881188119
130 29 0.123762376237624
130 28 0.118811881188119
130 27 0.113861386138614
130 26 0.128712871287129
130 25 0.118811881188119
130 24 0.143564356435644
130 23 0.123762376237624
130 22 0.123762376237624
130 21 0.108910891089109
130 20 0.103960396039604
130 19 0.118811881188119
130 18 0.108910891089109
130 17 0.113861386138614
130 16 0.133663366336634
130 15 0.118811881188119
130 14 0.123762376237624
130 13 0.148514851485149
130 12 0.133663366336634
130 11 0.143564356435644
130 10 0.143564356435644
130 9 0.133663366336634
130 8 0.163366336633663
130 7 0.128712871287129
130 6 0.163366336633663
130 5 0.188118811881188
130 4 0.153465346534653
130 3 0.173267326732673
130 2 0.168316831683168
130 1 0.257425742574257
