161 177555 0.247524752475248
161 17756 0.212871287128713
161 1776 0.188118811881188
161 200 0.123762376237624
161 199 0.128712871287129
161 198 0.128712871287129
161 197 0.123762376237624
161 196 0.123762376237624
161 195 0.123762376237624
161 194 0.128712871287129
161 193 0.123762376237624
161 192 0.123762376237624
161 191 0.123762376237624
161 190 0.118811881188119
161 189 0.123762376237624
161 188 0.118811881188119
161 187 0.128712871287129
161 186 0.123762376237624
161 185 0.123762376237624
161 184 0.113861386138614
161 183 0.118811881188119
161 182 0.118811881188119
161 181 0.118811881188119
161 180 0.118811881188119
161 179 0.113861386138614
161 178 0.123762376237624
161 177 0.118811881188119
161 176 0.113861386138614
161 175 0.123762376237624
161 174 0.128712871287129
161 173 0.123762376237624
161 172 0.118811881188119
161 171 0.113861386138614
161 170 0.118811881188119
161 169 0.123762376237624
161 168 0.128712871287129
161 167 0.118811881188119
161 166 0.123762376237624
161 165 0.123762376237624
161 164 0.118811881188119
161 163 0.118811881188119
161 162 0.118811881188119
161 161 0.118811881188119
161 160 0.118811881188119
161 159 0.118811881188119
161 158 0.123762376237624
161 157 0.123762376237624
161 156 0.118811881188119
161 155 0.133663366336634
161 154 0.113861386138614
161 153 0.113861386138614
161 152 0.123762376237624
161 151 0.123762376237624
161 150 0.118811881188119
161 149 0.123762376237624
161 148 0.108910891089109
161 147 0.113861386138614
161 146 0.118811881188119
161 145 0.113861386138614
161 144 0.103960396039604
161 143 0.113861386138614
161 142 0.123762376237624
161 141 0.118811881188119
161 140 0.108910891089109
161 139 0.108910891089109
161 138 0.113861386138614
161 137 0.113861386138614
161 136 0.118811881188119
161 135 0.118811881188119
161 134 0.108910891089109
161 133 0.108910891089109
161 132 0.108910891089109
161 131 0.118811881188119
161 130 0.123762376237624
161 129 0.113861386138614
161 128 0.123762376237624
161 127 0.118811881188119
161 126 0.113861386138614
161 125 0.118811881188119
161 124 0.113861386138614
161 123 0.123762376237624
161 122 0.113861386138614
161 121 0.108910891089109
161 120 0.113861386138614
161 119 0.113861386138614
161 118 0.118811881188119
161 117 0.108910891089109
161 116 0.113861386138614
161 115 0.118811881188119
161 114 0.113861386138614
161 113 0.113861386138614
161 112 0.113861386138614
161 111 0.123762376237624
161 110 0.118811881188119
161 109 0.113861386138614
161 108 0.108910891089109
161 107 0.113861386138614
161 106 0.113861386138614
161 105 0.113861386138614
161 104 0.113861386138614
161 103 0.108910891089109
161 102 0.113861386138614
161 101 0.123762376237624
161 100 0.099009900990099
161 99 0.108910891089109
161 98 0.108910891089109
161 97 0.108910891089109
161 96 0.103960396039604
161 95 0.113861386138614
161 94 0.113861386138614
161 93 0.118811881188119
161 92 0.103960396039604
161 91 0.0940594059405941
161 90 0.113861386138614
161 89 0.103960396039604
161 88 0.103960396039604
161 87 0.103960396039604
161 86 0.0940594059405941
161 85 0.103960396039604
161 84 0.103960396039604
161 83 0.103960396039604
161 82 0.099009900990099
161 81 0.103960396039604
161 80 0.0940594059405941
161 79 0.108910891089109
161 78 0.099009900990099
161 77 0.0940594059405941
161 76 0.103960396039604
161 75 0.0940594059405941
161 74 0.103960396039604
161 73 0.103960396039604
161 72 0.103960396039604
161 71 0.108910891089109
161 70 0.103960396039604
161 69 0.099009900990099
161 68 0.099009900990099
161 67 0.0891089108910891
161 66 0.099009900990099
161 65 0.099009900990099
161 64 0.108910891089109
161 63 0.099009900990099
161 62 0.099009900990099
161 61 0.113861386138614
161 60 0.0940594059405941
161 59 0.103960396039604
161 58 0.103960396039604
161 57 0.0940594059405941
161 56 0.103960396039604
161 55 0.0940594059405941
161 54 0.103960396039604
161 53 0.099009900990099
161 52 0.0940594059405941
161 51 0.0940594059405941
161 50 0.099009900990099
161 49 0.0940594059405941
161 48 0.103960396039604
161 47 0.0891089108910891
161 46 0.108910891089109
161 45 0.103960396039604
161 44 0.099009900990099
161 43 0.103960396039604
161 42 0.103960396039604
161 41 0.108910891089109
161 40 0.113861386138614
161 39 0.099009900990099
161 38 0.103960396039604
161 37 0.103960396039604
161 36 0.099009900990099
161 35 0.103960396039604
161 34 0.0940594059405941
161 33 0.099009900990099
161 32 0.103960396039604
161 31 0.108910891089109
161 30 0.118811881188119
161 29 0.108910891089109
161 28 0.103960396039604
161 27 0.123762376237624
161 26 0.123762376237624
161 25 0.108910891089109
161 24 0.113861386138614
161 23 0.118811881188119
161 22 0.108910891089109
161 21 0.108910891089109
161 20 0.0891089108910891
161 19 0.108910891089109
161 18 0.128712871287129
161 17 0.108910891089109
161 16 0.118811881188119
161 15 0.113861386138614
161 14 0.103960396039604
161 13 0.113861386138614
161 12 0.103960396039604
161 11 0.113861386138614
161 10 0.138613861386139
161 9 0.138613861386139
161 8 0.133663366336634
161 7 0.188118811881188
161 6 0.118811881188119
161 5 0.138613861386139
161 4 0.193069306930693
161 3 0.178217821782178
161 2 0.202970297029703
161 1 0.222772277227723
