186 177555 0.242574257425743
186 17756 0.212871287128713
186 1776 0.183168316831683
186 200 0.113861386138614
186 199 0.113861386138614
186 198 0.123762376237624
186 197 0.123762376237624
186 196 0.123762376237624
186 195 0.128712871287129
186 194 0.123762376237624
186 193 0.118811881188119
186 192 0.123762376237624
186 191 0.123762376237624
186 190 0.118811881188119
186 189 0.113861386138614
186 188 0.128712871287129
186 187 0.123762376237624
186 186 0.118811881188119
186 185 0.113861386138614
186 184 0.108910891089109
186 183 0.128712871287129
186 182 0.118811881188119
186 181 0.113861386138614
186 180 0.113861386138614
186 179 0.133663366336634
186 178 0.113861386138614
186 177 0.113861386138614
186 176 0.123762376237624
186 175 0.113861386138614
186 174 0.118811881188119
186 173 0.113861386138614
186 172 0.118811881188119
186 171 0.123762376237624
186 170 0.118811881188119
186 169 0.118811881188119
186 168 0.099009900990099
186 167 0.113861386138614
186 166 0.108910891089109
186 165 0.118811881188119
186 164 0.118811881188119
186 163 0.113861386138614
186 162 0.118811881188119
186 161 0.118811881188119
186 160 0.103960396039604
186 159 0.113861386138614
186 158 0.118811881188119
186 157 0.118811881188119
186 156 0.108910891089109
186 155 0.108910891089109
186 154 0.099009900990099
186 153 0.108910891089109
186 152 0.108910891089109
186 151 0.108910891089109
186 150 0.113861386138614
186 149 0.113861386138614
186 148 0.099009900990099
186 147 0.118811881188119
186 146 0.108910891089109
186 145 0.099009900990099
186 144 0.108910891089109
186 143 0.103960396039604
186 142 0.103960396039604
186 141 0.103960396039604
186 140 0.103960396039604
186 139 0.099009900990099
186 138 0.108910891089109
186 137 0.103960396039604
186 136 0.108910891089109
186 135 0.103960396039604
186 134 0.0940594059405941
186 133 0.103960396039604
186 132 0.099009900990099
186 131 0.099009900990099
186 130 0.099009900990099
186 129 0.099009900990099
186 128 0.103960396039604
186 127 0.099009900990099
186 126 0.103960396039604
186 125 0.108910891089109
186 124 0.103960396039604
186 123 0.099009900990099
186 122 0.099009900990099
186 121 0.099009900990099
186 120 0.103960396039604
186 119 0.103960396039604
186 118 0.103960396039604
186 117 0.103960396039604
186 116 0.099009900990099
186 115 0.108910891089109
186 114 0.099009900990099
186 113 0.103960396039604
186 112 0.099009900990099
186 111 0.103960396039604
186 110 0.0940594059405941
186 109 0.103960396039604
186 108 0.103960396039604
186 107 0.0940594059405941
186 106 0.103960396039604
186 105 0.108910891089109
186 104 0.103960396039604
186 103 0.0891089108910891
186 102 0.099009900990099
186 101 0.099009900990099
186 100 0.099009900990099
186 99 0.0940594059405941
186 98 0.099009900990099
186 97 0.099009900990099
186 96 0.099009900990099
186 95 0.099009900990099
186 94 0.103960396039604
186 93 0.108910891089109
186 92 0.099009900990099
186 91 0.0940594059405941
186 90 0.099009900990099
186 89 0.0940594059405941
186 88 0.099009900990099
186 87 0.0891089108910891
186 86 0.099009900990099
186 85 0.099009900990099
186 84 0.103960396039604
186 83 0.103960396039604
186 82 0.099009900990099
186 81 0.099009900990099
186 80 0.099009900990099
186 79 0.099009900990099
186 78 0.099009900990099
186 77 0.0940594059405941
186 76 0.0940594059405941
186 75 0.099009900990099
186 74 0.0940594059405941
186 73 0.099009900990099
186 72 0.099009900990099
186 71 0.099009900990099
186 70 0.108910891089109
186 69 0.0940594059405941
186 68 0.099009900990099
186 67 0.0940594059405941
186 66 0.0940594059405941
186 65 0.099009900990099
186 64 0.0940594059405941
186 63 0.099009900990099
186 62 0.0940594059405941
186 61 0.108910891089109
186 60 0.099009900990099
186 59 0.0891089108910891
186 58 0.099009900990099
186 57 0.099009900990099
186 56 0.0891089108910891
186 55 0.099009900990099
186 54 0.103960396039604
186 53 0.0940594059405941
186 52 0.099009900990099
186 51 0.108910891089109
186 50 0.103960396039604
186 49 0.103960396039604
186 48 0.113861386138614
186 47 0.118811881188119
186 46 0.108910891089109
186 45 0.108910891089109
186 44 0.099009900990099
186 43 0.123762376237624
186 42 0.108910891089109
186 41 0.118811881188119
186 40 0.108910891089109
186 39 0.123762376237624
186 38 0.118811881188119
186 37 0.118811881188119
186 36 0.123762376237624
186 35 0.108910891089109
186 34 0.118811881188119
186 33 0.118811881188119
186 32 0.133663366336634
186 31 0.118811881188119
186 30 0.118811881188119
186 29 0.118811881188119
186 28 0.123762376237624
186 27 0.123762376237624
186 26 0.123762376237624
186 25 0.128712871287129
186 24 0.128712871287129
186 23 0.123762376237624
186 22 0.123762376237624
186 21 0.123762376237624
186 20 0.138613861386139
186 19 0.133663366336634
186 18 0.128712871287129
186 17 0.128712871287129
186 16 0.128712871287129
186 15 0.128712871287129
186 14 0.118811881188119
186 13 0.138613861386139
186 12 0.133663366336634
186 11 0.178217821782178
186 10 0.158415841584158
186 9 0.143564356435644
186 8 0.138613861386139
186 7 0.143564356435644
186 6 0.198019801980198
186 5 0.168316831683168
186 4 0.178217821782178
186 3 0.188118811881188
186 2 0.267326732673267
186 1 0.247524752475248
