108 177555 0.242574257425743
108 17756 0.217821782178218
108 1776 0.168316831683168
108 200 0.113861386138614
108 199 0.113861386138614
108 198 0.113861386138614
108 197 0.113861386138614
108 196 0.113861386138614
108 195 0.103960396039604
108 194 0.113861386138614
108 193 0.113861386138614
108 192 0.108910891089109
108 191 0.118811881188119
108 190 0.113861386138614
108 189 0.118811881188119
108 188 0.113861386138614
108 187 0.123762376237624
108 186 0.118811881188119
108 185 0.113861386138614
108 184 0.113861386138614
108 183 0.113861386138614
108 182 0.108910891089109
108 181 0.113861386138614
108 180 0.108910891089109
108 179 0.113861386138614
108 178 0.113861386138614
108 177 0.113861386138614
108 176 0.118811881188119
108 175 0.113861386138614
108 174 0.108910891089109
108 173 0.113861386138614
108 172 0.113861386138614
108 171 0.118811881188119
108 170 0.118811881188119
108 169 0.113861386138614
108 168 0.113861386138614
108 167 0.118811881188119
108 166 0.118811881188119
108 165 0.113861386138614
108 164 0.108910891089109
108 163 0.108910891089109
108 162 0.118811881188119
108 161 0.103960396039604
108 160 0.099009900990099
108 159 0.108910891089109
108 158 0.108910891089109
108 157 0.108910891089109
108 156 0.103960396039604
108 155 0.113861386138614
108 154 0.108910891089109
108 153 0.123762376237624
108 152 0.103960396039604
108 151 0.118811881188119
108 150 0.113861386138614
108 149 0.113861386138614
108 148 0.108910891089109
108 147 0.0940594059405941
108 146 0.103960396039604
108 145 0.103960396039604
108 144 0.099009900990099
108 143 0.103960396039604
108 142 0.103960396039604
108 141 0.108910891089109
108 140 0.103960396039604
108 139 0.103960396039604
108 138 0.099009900990099
108 137 0.099009900990099
108 136 0.103960396039604
108 135 0.108910891089109
108 134 0.108910891089109
108 133 0.099009900990099
108 132 0.099009900990099
108 131 0.103960396039604
108 130 0.0940594059405941
108 129 0.103960396039604
108 128 0.103960396039604
108 127 0.103960396039604
108 126 0.103960396039604
108 125 0.108910891089109
108 124 0.0940594059405941
108 123 0.103960396039604
108 122 0.108910891089109
108 121 0.099009900990099
108 120 0.099009900990099
108 119 0.099009900990099
108 118 0.103960396039604
108 117 0.103960396039604
108 116 0.0940594059405941
108 115 0.0940594059405941
108 114 0.099009900990099
108 113 0.103960396039604
108 112 0.103960396039604
108 111 0.108910891089109
108 110 0.103960396039604
108 109 0.099009900990099
108 108 0.0940594059405941
108 107 0.0940594059405941
108 106 0.0940594059405941
108 105 0.103960396039604
108 104 0.0891089108910891
108 103 0.0891089108910891
108 102 0.0940594059405941
108 101 0.0891089108910891
108 100 0.0841584158415842
108 99 0.0940594059405941
108 98 0.0841584158415842
108 97 0.0841584158415842
108 96 0.0940594059405941
108 95 0.0891089108910891
108 94 0.0891089108910891
108 93 0.099009900990099
108 92 0.099009900990099
108 91 0.0891089108910891
108 90 0.0841584158415842
108 89 0.103960396039604
108 88 0.0940594059405941
108 87 0.0891089108910891
108 86 0.099009900990099
108 85 0.0940594059405941
108 84 0.0940594059405941
108 83 0.0940594059405941
108 82 0.0940594059405941
108 81 0.099009900990099
108 80 0.0940594059405941
108 79 0.0940594059405941
108 78 0.0940594059405941
108 77 0.099009900990099
108 76 0.0841584158415842
108 75 0.099009900990099
108 74 0.0891089108910891
108 73 0.0940594059405941
108 72 0.108910891089109
108 71 0.099009900990099
108 70 0.0940594059405941
108 69 0.0891089108910891
108 68 0.0940594059405941
108 67 0.108910891089109
108 66 0.099009900990099
108 65 0.099009900990099
108 64 0.099009900990099
108 63 0.0891089108910891
108 62 0.0841584158415842
108 61 0.0891089108910891
108 60 0.0841584158415842
108 59 0.0940594059405941
108 58 0.0891089108910891
108 57 0.0940594059405941
108 56 0.0841584158415842
108 55 0.0891089108910891
108 54 0.0792079207920792
108 53 0.0792079207920792
108 52 0.099009900990099
108 51 0.0940594059405941
108 50 0.0891089108910891
108 49 0.0891089108910891
108 48 0.0891089108910891
108 47 0.0792079207920792
108 46 0.0841584158415842
108 45 0.0891089108910891
108 44 0.0891089108910891
108 43 0.0891089108910891
108 42 0.0891089108910891
108 41 0.0841584158415842
108 40 0.0891089108910891
108 39 0.0841584158415842
108 38 0.0841584158415842
108 37 0.0792079207920792
108 36 0.0841584158415842
108 35 0.0891089108910891
108 34 0.0792079207920792
108 33 0.0891089108910891
108 32 0.099009900990099
108 31 0.0940594059405941
108 30 0.0940594059405941
108 29 0.0742574257425743
108 28 0.0742574257425743
108 27 0.0891089108910891
108 26 0.0891089108910891
108 25 0.099009900990099
108 24 0.0693069306930693
108 23 0.0940594059405941
108 22 0.0940594059405941
108 21 0.0940594059405941
108 20 0.0792079207920792
108 19 0.0940594059405941
108 18 0.0841584158415842
108 17 0.0940594059405941
108 16 0.0841584158415842
108 15 0.0940594059405941
108 14 0.0841584158415842
108 13 0.113861386138614
108 12 0.103960396039604
108 11 0.0940594059405941
108 10 0.113861386138614
108 9 0.108910891089109
108 8 0.0891089108910891
108 7 0.0841584158415842
108 6 0.0742574257425743
108 5 0.113861386138614
108 4 0.153465346534653
108 3 0.163366336633663
108 2 0.178217821782178
108 1 0.212871287128713
