151 177555 0.242574257425743
151 17756 0.217821782178218
151 1776 0.163366336633663
151 200 0.118811881188119
151 199 0.118811881188119
151 198 0.099009900990099
151 197 0.113861386138614
151 196 0.103960396039604
151 195 0.103960396039604
151 194 0.118811881188119
151 193 0.113861386138614
151 192 0.118811881188119
151 191 0.113861386138614
151 190 0.118811881188119
151 189 0.113861386138614
151 188 0.118811881188119
151 187 0.103960396039604
151 186 0.113861386138614
151 185 0.113861386138614
151 184 0.103960396039604
151 183 0.103960396039604
151 182 0.103960396039604
151 181 0.103960396039604
151 180 0.103960396039604
151 179 0.113861386138614
151 178 0.108910891089109
151 177 0.113861386138614
151 176 0.099009900990099
151 175 0.099009900990099
151 174 0.118811881188119
151 173 0.108910891089109
151 172 0.103960396039604
151 171 0.123762376237624
151 170 0.103960396039604
151 169 0.099009900990099
151 168 0.103960396039604
151 167 0.108910891089109
151 166 0.113861386138614
151 165 0.0940594059405941
151 164 0.099009900990099
151 163 0.113861386138614
151 162 0.108910891089109
151 161 0.103960396039604
151 160 0.103960396039604
151 159 0.108910891089109
151 158 0.099009900990099
151 157 0.0891089108910891
151 156 0.099009900990099
151 155 0.108910891089109
151 154 0.099009900990099
151 153 0.0940594059405941
151 152 0.099009900990099
151 151 0.103960396039604
151 150 0.099009900990099
151 149 0.103960396039604
151 148 0.099009900990099
151 147 0.103960396039604
151 146 0.108910891089109
151 145 0.099009900990099
151 144 0.099009900990099
151 143 0.103960396039604
151 142 0.0940594059405941
151 141 0.103960396039604
151 140 0.0940594059405941
151 139 0.103960396039604
151 138 0.103960396039604
151 137 0.103960396039604
151 136 0.0891089108910891
151 135 0.0940594059405941
151 134 0.099009900990099
151 133 0.0891089108910891
151 132 0.0940594059405941
151 131 0.0891089108910891
151 130 0.099009900990099
151 129 0.0841584158415842
151 128 0.0940594059405941
151 127 0.0940594059405941
151 126 0.0940594059405941
151 125 0.099009900990099
151 124 0.103960396039604
151 123 0.0891089108910891
151 122 0.0891089108910891
151 121 0.0891089108910891
151 120 0.0940594059405941
151 119 0.108910891089109
151 118 0.099009900990099
151 117 0.099009900990099
151 116 0.0940594059405941
151 115 0.099009900990099
151 114 0.103960396039604
151 113 0.0940594059405941
151 112 0.0891089108910891
151 111 0.0940594059405941
151 110 0.099009900990099
151 109 0.099009900990099
151 108 0.0940594059405941
151 107 0.0891089108910891
151 106 0.0841584158415842
151 105 0.0940594059405941
151 104 0.103960396039604
151 103 0.0891089108910891
151 102 0.0940594059405941
151 101 0.099009900990099
151 100 0.099009900990099
151 99 0.103960396039604
151 98 0.103960396039604
151 97 0.0940594059405941
151 96 0.099009900990099
151 95 0.0891089108910891
151 94 0.103960396039604
151 93 0.0940594059405941
151 92 0.0940594059405941
151 91 0.0940594059405941
151 90 0.0891089108910891
151 89 0.0940594059405941
151 88 0.0940594059405941
151 87 0.0891089108910891
151 86 0.099009900990099
151 85 0.099009900990099
151 84 0.099009900990099
151 83 0.0940594059405941
151 82 0.0940594059405941
151 81 0.0940594059405941
151 80 0.0940594059405941
151 79 0.0940594059405941
151 78 0.0891089108910891
151 77 0.0792079207920792
151 76 0.0742574257425743
151 75 0.0891089108910891
151 74 0.0792079207920792
151 73 0.0891089108910891
151 72 0.0841584158415842
151 71 0.099009900990099
151 70 0.0891089108910891
151 69 0.0891089108910891
151 68 0.0891089108910891
151 67 0.0792079207920792
151 66 0.0841584158415842
151 65 0.0841584158415842
151 64 0.0891089108910891
151 63 0.0891089108910891
151 62 0.0891089108910891
151 61 0.0891089108910891
151 60 0.0891089108910891
151 59 0.0841584158415842
151 58 0.0891089108910891
151 57 0.0891089108910891
151 56 0.0891089108910891
151 55 0.0841584158415842
151 54 0.0891089108910891
151 53 0.0891089108910891
151 52 0.0792079207920792
151 51 0.099009900990099
151 50 0.0940594059405941
151 49 0.0841584158415842
151 48 0.0891089108910891
151 47 0.0841584158415842
151 46 0.0891089108910891
151 45 0.099009900990099
151 44 0.0792079207920792
151 43 0.0940594059405941
151 42 0.0792079207920792
151 41 0.0693069306930693
151 40 0.099009900990099
151 39 0.0792079207920792
151 38 0.099009900990099
151 37 0.0891089108910891
151 36 0.103960396039604
151 35 0.099009900990099
151 34 0.103960396039604
151 33 0.0792079207920792
151 32 0.099009900990099
151 31 0.0940594059405941
151 30 0.108910891089109
151 29 0.108910891089109
151 28 0.103960396039604
151 27 0.103960396039604
151 26 0.113861386138614
151 25 0.103960396039604
151 24 0.103960396039604
151 23 0.103960396039604
151 22 0.118811881188119
151 21 0.099009900990099
151 20 0.0940594059405941
151 19 0.099009900990099
151 18 0.099009900990099
151 17 0.118811881188119
151 16 0.113861386138614
151 15 0.113861386138614
151 14 0.108910891089109
151 13 0.118811881188119
151 12 0.0940594059405941
151 11 0.103960396039604
151 10 0.123762376237624
151 9 0.103960396039604
151 8 0.103960396039604
151 7 0.118811881188119
151 6 0.138613861386139
151 5 0.153465346534653
151 4 0.103960396039604
151 3 0.178217821782178
151 2 0.158415841584158
151 1 0.217821782178218
