203 177555 0.247524752475248
203 17756 0.227722772277228
203 1776 0.173267326732673
203 200 0.128712871287129
203 199 0.138613861386139
203 198 0.123762376237624
203 197 0.128712871287129
203 196 0.123762376237624
203 195 0.118811881188119
203 194 0.118811881188119
203 193 0.118811881188119
203 192 0.128712871287129
203 191 0.138613861386139
203 190 0.143564356435644
203 189 0.138613861386139
203 188 0.128712871287129
203 187 0.128712871287129
203 186 0.128712871287129
203 185 0.123762376237624
203 184 0.128712871287129
203 183 0.133663366336634
203 182 0.123762376237624
203 181 0.133663366336634
203 180 0.128712871287129
203 179 0.128712871287129
203 178 0.138613861386139
203 177 0.113861386138614
203 176 0.138613861386139
203 175 0.123762376237624
203 174 0.133663366336634
203 173 0.138613861386139
203 172 0.123762376237624
203 171 0.113861386138614
203 170 0.113861386138614
203 169 0.108910891089109
203 168 0.123762376237624
203 167 0.118811881188119
203 166 0.133663366336634
203 165 0.113861386138614
203 164 0.113861386138614
203 163 0.113861386138614
203 162 0.123762376237624
203 161 0.118811881188119
203 160 0.123762376237624
203 159 0.123762376237624
203 158 0.123762376237624
203 157 0.113861386138614
203 156 0.123762376237624
203 155 0.123762376237624
203 154 0.118811881188119
203 153 0.133663366336634
203 152 0.108910891089109
203 151 0.118811881188119
203 150 0.128712871287129
203 149 0.113861386138614
203 148 0.118811881188119
203 147 0.118811881188119
203 146 0.118811881188119
203 145 0.128712871287129
203 144 0.123762376237624
203 143 0.118811881188119
203 142 0.123762376237624
203 141 0.123762376237624
203 140 0.118811881188119
203 139 0.123762376237624
203 138 0.123762376237624
203 137 0.128712871287129
203 136 0.113861386138614
203 135 0.128712871287129
203 134 0.113861386138614
203 133 0.123762376237624
203 132 0.128712871287129
203 131 0.128712871287129
203 130 0.128712871287129
203 129 0.123762376237624
203 128 0.123762376237624
203 127 0.123762376237624
203 126 0.118811881188119
203 125 0.133663366336634
203 124 0.113861386138614
203 123 0.118811881188119
203 122 0.123762376237624
203 121 0.128712871287129
203 120 0.118811881188119
203 119 0.133663366336634
203 118 0.113861386138614
203 117 0.118811881188119
203 116 0.123762376237624
203 115 0.118811881188119
203 114 0.113861386138614
203 113 0.128712871287129
203 112 0.128712871287129
203 111 0.123762376237624
203 110 0.123762376237624
203 109 0.123762376237624
203 108 0.123762376237624
203 107 0.123762376237624
203 106 0.123762376237624
203 105 0.118811881188119
203 104 0.118811881188119
203 103 0.118811881188119
203 102 0.128712871287129
203 101 0.128712871287129
203 100 0.103960396039604
203 99 0.138613861386139
203 98 0.118811881188119
203 97 0.123762376237624
203 96 0.108910891089109
203 95 0.113861386138614
203 94 0.118811881188119
203 93 0.123762376237624
203 92 0.113861386138614
203 91 0.118811881188119
203 90 0.118811881188119
203 89 0.113861386138614
203 88 0.113861386138614
203 87 0.123762376237624
203 86 0.118811881188119
203 85 0.118811881188119
203 84 0.123762376237624
203 83 0.108910891089109
203 82 0.123762376237624
203 81 0.103960396039604
203 80 0.128712871287129
203 79 0.118811881188119
203 78 0.113861386138614
203 77 0.123762376237624
203 76 0.118811881188119
203 75 0.133663366336634
203 74 0.128712871287129
203 73 0.123762376237624
203 72 0.128712871287129
203 71 0.108910891089109
203 70 0.128712871287129
203 69 0.123762376237624
203 68 0.133663366336634
203 67 0.133663366336634
203 66 0.123762376237624
203 65 0.123762376237624
203 64 0.123762376237624
203 63 0.123762376237624
203 62 0.123762376237624
203 61 0.118811881188119
203 60 0.133663366336634
203 59 0.128712871287129
203 58 0.123762376237624
203 57 0.128712871287129
203 56 0.123762376237624
203 55 0.133663366336634
203 54 0.108910891089109
203 53 0.123762376237624
203 52 0.133663366336634
203 51 0.103960396039604
203 50 0.123762376237624
203 49 0.099009900990099
203 48 0.103960396039604
203 47 0.113861386138614
203 46 0.113861386138614
203 45 0.118811881188119
203 44 0.113861386138614
203 43 0.0940594059405941
203 42 0.099009900990099
203 41 0.108910891089109
203 40 0.128712871287129
203 39 0.128712871287129
203 38 0.113861386138614
203 37 0.118811881188119
203 36 0.103960396039604
203 35 0.118811881188119
203 34 0.123762376237624
203 33 0.113861386138614
203 32 0.108910891089109
203 31 0.123762376237624
203 30 0.113861386138614
203 29 0.118811881188119
203 28 0.123762376237624
203 27 0.118811881188119
203 26 0.113861386138614
203 25 0.133663366336634
203 24 0.128712871287129
203 23 0.128712871287129
203 22 0.128712871287129
203 21 0.133663366336634
203 20 0.133663366336634
203 19 0.128712871287129
203 18 0.143564356435644
203 17 0.153465346534653
203 16 0.143564356435644
203 15 0.158415841584158
203 14 0.133663366336634
203 13 0.123762376237624
203 12 0.148514851485149
203 11 0.153465346534653
203 10 0.128712871287129
203 9 0.148514851485149
203 8 0.128712871287129
203 7 0.183168316831683
203 6 0.158415841584158
203 5 0.163366336633663
203 4 0.232673267326733
203 3 0.212871287128713
203 2 0.257425742574257
203 1 0.193069306930693
