173 177555 0.232673267326733
173 17756 0.207920792079208
173 1776 0.173267326732673
173 200 0.143564356435644
173 199 0.138613861386139
173 198 0.143564356435644
173 197 0.143564356435644
173 196 0.138613861386139
173 195 0.133663366336634
173 194 0.138613861386139
173 193 0.148514851485149
173 192 0.128712871287129
173 191 0.118811881188119
173 190 0.128712871287129
173 189 0.123762376237624
173 188 0.138613861386139
173 187 0.128712871287129
173 186 0.123762376237624
173 185 0.133663366336634
173 184 0.158415841584158
173 183 0.123762376237624
173 182 0.133663366336634
173 181 0.133663366336634
173 180 0.133663366336634
173 179 0.128712871287129
173 178 0.133663366336634
173 177 0.133663366336634
173 176 0.143564356435644
173 175 0.123762376237624
173 174 0.133663366336634
173 173 0.118811881188119
173 172 0.128712871287129
173 171 0.133663366336634
173 170 0.143564356435644
173 169 0.123762376237624
173 168 0.123762376237624
173 167 0.138613861386139
173 166 0.133663366336634
173 165 0.143564356435644
173 164 0.113861386138614
173 163 0.133663366336634
173 162 0.128712871287129
173 161 0.123762376237624
173 160 0.123762376237624
173 159 0.123762376237624
173 158 0.108910891089109
173 157 0.113861386138614
173 156 0.123762376237624
173 155 0.128712871287129
173 154 0.113861386138614
173 153 0.123762376237624
173 152 0.108910891089109
173 151 0.108910891089109
173 150 0.108910891089109
173 149 0.123762376237624
173 148 0.113861386138614
173 147 0.118811881188119
173 146 0.108910891089109
173 145 0.118811881188119
173 144 0.113861386138614
173 143 0.113861386138614
173 142 0.113861386138614
173 141 0.108910891089109
173 140 0.113861386138614
173 139 0.108910891089109
173 138 0.123762376237624
173 137 0.0940594059405941
173 136 0.099009900990099
173 135 0.113861386138614
173 134 0.108910891089109
173 133 0.113861386138614
173 132 0.123762376237624
173 131 0.113861386138614
173 130 0.108910891089109
173 129 0.108910891089109
173 128 0.103960396039604
173 127 0.118811881188119
173 126 0.108910891089109
173 125 0.113861386138614
173 124 0.0891089108910891
173 123 0.113861386138614
173 122 0.099009900990099
173 121 0.108910891089109
173 120 0.118811881188119
173 119 0.108910891089109
173 118 0.108910891089109
173 117 0.108910891089109
173 116 0.113861386138614
173 115 0.108910891089109
173 114 0.099009900990099
173 113 0.123762376237624
173 112 0.113861386138614
173 111 0.113861386138614
173 110 0.113861386138614
173 109 0.108910891089109
173 108 0.118811881188119
173 107 0.103960396039604
173 106 0.108910891089109
173 105 0.103960396039604
173 104 0.108910891089109
173 103 0.108910891089109
173 102 0.099009900990099
173 101 0.108910891089109
173 100 0.0940594059405941
173 99 0.0940594059405941
173 98 0.113861386138614
173 97 0.099009900990099
173 96 0.0841584158415842
173 95 0.103960396039604
173 94 0.099009900990099
173 93 0.0940594059405941
173 92 0.103960396039604
173 91 0.0940594059405941
173 90 0.103960396039604
173 89 0.103960396039604
173 88 0.103960396039604
173 87 0.0891089108910891
173 86 0.0940594059405941
173 85 0.0792079207920792
173 84 0.103960396039604
173 83 0.0891089108910891
173 82 0.0940594059405941
173 81 0.0792079207920792
173 80 0.099009900990099
173 79 0.0891089108910891
173 78 0.0891089108910891
173 77 0.0940594059405941
173 76 0.099009900990099
173 75 0.0891089108910891
173 74 0.0841584158415842
173 73 0.0940594059405941
173 72 0.113861386138614
173 71 0.0940594059405941
173 70 0.0891089108910891
173 69 0.103960396039604
173 68 0.0841584158415842
173 67 0.0940594059405941
173 66 0.103960396039604
173 65 0.103960396039604
173 64 0.103960396039604
173 63 0.103960396039604
173 62 0.0940594059405941
173 61 0.0940594059405941
173 60 0.099009900990099
173 59 0.0940594059405941
173 58 0.0940594059405941
173 57 0.108910891089109
173 56 0.0940594059405941
173 55 0.0940594059405941
173 54 0.103960396039604
173 53 0.0940594059405941
173 52 0.0792079207920792
173 51 0.0792079207920792
173 50 0.0742574257425743
173 49 0.0940594059405941
173 48 0.0792079207920792
173 47 0.0792079207920792
173 46 0.0841584158415842
173 45 0.0742574257425743
173 44 0.0792079207920792
173 43 0.0891089108910891
173 42 0.0891089108910891
173 41 0.103960396039604
173 40 0.0792079207920792
173 39 0.0940594059405941
173 38 0.0792079207920792
173 37 0.108910891089109
173 36 0.0940594059405941
173 35 0.099009900990099
173 34 0.0891089108910891
173 33 0.0940594059405941
173 32 0.0940594059405941
173 31 0.0940594059405941
173 30 0.099009900990099
173 29 0.099009900990099
173 28 0.113861386138614
173 27 0.099009900990099
173 26 0.099009900990099
173 25 0.099009900990099
173 24 0.099009900990099
173 23 0.108910891089109
173 22 0.113861386138614
173 21 0.118811881188119
173 20 0.128712871287129
173 19 0.113861386138614
173 18 0.123762376237624
173 17 0.123762376237624
173 16 0.108910891089109
173 15 0.118811881188119
173 14 0.108910891089109
173 13 0.118811881188119
173 12 0.133663366336634
173 11 0.103960396039604
173 10 0.099009900990099
173 9 0.099009900990099
173 8 0.108910891089109
173 7 0.128712871287129
173 6 0.148514851485149
173 5 0.143564356435644
173 4 0.128712871287129
173 3 0.133663366336634
173 2 0.193069306930693
173 1 0.267326732673267
