115 177555 0.242574257425743
115 17756 0.222772277227723
115 1776 0.173267326732673
115 200 0.128712871287129
115 199 0.113861386138614
115 198 0.118811881188119
115 197 0.123762376237624
115 196 0.128712871287129
115 195 0.113861386138614
115 194 0.113861386138614
115 193 0.128712871287129
115 192 0.123762376237624
115 191 0.138613861386139
115 190 0.128712871287129
115 189 0.133663366336634
115 188 0.123762376237624
115 187 0.118811881188119
115 186 0.118811881188119
115 185 0.113861386138614
115 184 0.128712871287129
115 183 0.128712871287129
115 182 0.118811881188119
115 181 0.138613861386139
115 180 0.133663366336634
115 179 0.113861386138614
115 178 0.123762376237624
115 177 0.113861386138614
115 176 0.113861386138614
115 175 0.108910891089109
115 174 0.118811881188119
115 173 0.118811881188119
115 172 0.108910891089109
115 171 0.103960396039604
115 170 0.113861386138614
115 169 0.108910891089109
115 168 0.118811881188119
115 167 0.108910891089109
115 166 0.113861386138614
115 165 0.108910891089109
115 164 0.123762376237624
115 163 0.113861386138614
115 162 0.099009900990099
115 161 0.108910891089109
115 160 0.128712871287129
115 159 0.103960396039604
115 158 0.108910891089109
115 157 0.128712871287129
115 156 0.118811881188119
115 155 0.113861386138614
115 154 0.123762376237624
115 153 0.103960396039604
115 152 0.103960396039604
115 151 0.103960396039604
115 150 0.103960396039604
115 149 0.113861386138614
115 148 0.113861386138614
115 147 0.118811881188119
115 146 0.099009900990099
115 145 0.108910891089109
115 144 0.113861386138614
115 143 0.108910891089109
115 142 0.118811881188119
115 141 0.099009900990099
115 140 0.118811881188119
115 139 0.099009900990099
115 138 0.113861386138614
115 137 0.103960396039604
115 136 0.128712871287129
115 135 0.108910891089109
115 134 0.108910891089109
115 133 0.113861386138614
115 132 0.113861386138614
115 131 0.113861386138614
115 130 0.103960396039604
115 129 0.118811881188119
115 128 0.123762376237624
115 127 0.103960396039604
115 126 0.108910891089109
115 125 0.103960396039604
115 124 0.108910891089109
115 123 0.108910891089109
115 122 0.108910891089109
115 121 0.113861386138614
115 120 0.108910891089109
115 119 0.108910891089109
115 118 0.108910891089109
115 117 0.113861386138614
115 116 0.103960396039604
115 115 0.103960396039604
115 114 0.113861386138614
115 113 0.128712871287129
115 112 0.0940594059405941
115 111 0.113861386138614
115 110 0.113861386138614
115 109 0.113861386138614
115 108 0.108910891089109
115 107 0.103960396039604
115 106 0.118811881188119
115 105 0.108910891089109
115 104 0.113861386138614
115 103 0.118811881188119
115 102 0.118811881188119
115 101 0.108910891089109
115 100 0.108910891089109
115 99 0.108910891089109
115 98 0.108910891089109
115 97 0.099009900990099
115 96 0.113861386138614
115 95 0.103960396039604
115 94 0.103960396039604
115 93 0.103960396039604
115 92 0.103960396039604
115 91 0.099009900990099
115 90 0.103960396039604
115 89 0.103960396039604
115 88 0.099009900990099
115 87 0.099009900990099
115 86 0.103960396039604
115 85 0.099009900990099
115 84 0.108910891089109
115 83 0.0940594059405941
115 82 0.0940594059405941
115 81 0.103960396039604
115 80 0.0891089108910891
115 79 0.0940594059405941
115 78 0.113861386138614
115 77 0.099009900990099
115 76 0.108910891089109
115 75 0.099009900990099
115 74 0.0940594059405941
115 73 0.103960396039604
115 72 0.113861386138614
115 71 0.113861386138614
115 70 0.099009900990099
115 69 0.099009900990099
115 68 0.0940594059405941
115 67 0.099009900990099
115 66 0.103960396039604
115 65 0.108910891089109
115 64 0.108910891089109
115 63 0.108910891089109
115 62 0.113861386138614
115 61 0.099009900990099
115 60 0.128712871287129
115 59 0.123762376237624
115 58 0.108910891089109
115 57 0.138613861386139
115 56 0.118811881188119
115 55 0.113861386138614
115 54 0.118811881188119
115 53 0.123762376237624
115 52 0.123762376237624
115 51 0.0940594059405941
115 50 0.123762376237624
115 49 0.103960396039604
115 48 0.103960396039604
115 47 0.118811881188119
115 46 0.118811881188119
115 45 0.108910891089109
115 44 0.103960396039604
115 43 0.108910891089109
115 42 0.0940594059405941
115 41 0.108910891089109
115 40 0.0940594059405941
115 39 0.103960396039604
115 38 0.113861386138614
115 37 0.108910891089109
115 36 0.103960396039604
115 35 0.099009900990099
115 34 0.099009900990099
115 33 0.103960396039604
115 32 0.118811881188119
115 31 0.118811881188119
115 30 0.103960396039604
115 29 0.108910891089109
115 28 0.118811881188119
115 27 0.128712871287129
115 26 0.113861386138614
115 25 0.128712871287129
115 24 0.138613861386139
115 23 0.113861386138614
115 22 0.133663366336634
115 21 0.123762376237624
115 20 0.118811881188119
115 19 0.143564356435644
115 18 0.138613861386139
115 17 0.128712871287129
115 16 0.148514851485149
115 15 0.128712871287129
115 14 0.133663366336634
115 13 0.133663366336634
115 12 0.128712871287129
115 11 0.148514851485149
115 10 0.128712871287129
115 9 0.153465346534653
115 8 0.163366336633663
115 7 0.163366336633663
115 6 0.212871287128713
115 5 0.153465346534653
115 4 0.193069306930693
115 3 0.193069306930693
115 2 0.188118811881188
115 1 0.188118811881188
