125 177555 0.247524752475248
125 17756 0.212871287128713
125 1776 0.173267326732673
125 200 0.118811881188119
125 199 0.118811881188119
125 198 0.113861386138614
125 197 0.118811881188119
125 196 0.108910891089109
125 195 0.118811881188119
125 194 0.108910891089109
125 193 0.113861386138614
125 192 0.113861386138614
125 191 0.113861386138614
125 190 0.118811881188119
125 189 0.113861386138614
125 188 0.113861386138614
125 187 0.108910891089109
125 186 0.108910891089109
125 185 0.108910891089109
125 184 0.108910891089109
125 183 0.113861386138614
125 182 0.108910891089109
125 181 0.108910891089109
125 180 0.113861386138614
125 179 0.108910891089109
125 178 0.113861386138614
125 177 0.108910891089109
125 176 0.108910891089109
125 175 0.113861386138614
125 174 0.108910891089109
125 173 0.113861386138614
125 172 0.103960396039604
125 171 0.108910891089109
125 170 0.103960396039604
125 169 0.113861386138614
125 168 0.108910891089109
125 167 0.108910891089109
125 166 0.108910891089109
125 165 0.108910891089109
125 164 0.103960396039604
125 163 0.108910891089109
125 162 0.108910891089109
125 161 0.118811881188119
125 160 0.113861386138614
125 159 0.108910891089109
125 158 0.108910891089109
125 157 0.108910891089109
125 156 0.108910891089109
125 155 0.113861386138614
125 154 0.108910891089109
125 153 0.108910891089109
125 152 0.123762376237624
125 151 0.113861386138614
125 150 0.103960396039604
125 149 0.108910891089109
125 148 0.108910891089109
125 147 0.113861386138614
125 146 0.118811881188119
125 145 0.113861386138614
125 144 0.103960396039604
125 143 0.108910891089109
125 142 0.113861386138614
125 141 0.103960396039604
125 140 0.103960396039604
125 139 0.108910891089109
125 138 0.103960396039604
125 137 0.0940594059405941
125 136 0.108910891089109
125 135 0.108910891089109
125 134 0.0940594059405941
125 133 0.099009900990099
125 132 0.103960396039604
125 131 0.099009900990099
125 130 0.103960396039604
125 129 0.0940594059405941
125 128 0.103960396039604
125 127 0.0940594059405941
125 126 0.103960396039604
125 125 0.099009900990099
125 124 0.103960396039604
125 123 0.099009900990099
125 122 0.108910891089109
125 121 0.103960396039604
125 120 0.113861386138614
125 119 0.103960396039604
125 118 0.108910891089109
125 117 0.099009900990099
125 116 0.099009900990099
125 115 0.103960396039604
125 114 0.108910891089109
125 113 0.103960396039604
125 112 0.0940594059405941
125 111 0.0940594059405941
125 110 0.108910891089109
125 109 0.108910891089109
125 108 0.099009900990099
125 107 0.103960396039604
125 106 0.108910891089109
125 105 0.099009900990099
125 104 0.108910891089109
125 103 0.099009900990099
125 102 0.099009900990099
125 101 0.099009900990099
125 100 0.118811881188119
125 99 0.0891089108910891
125 98 0.108910891089109
125 97 0.099009900990099
125 96 0.108910891089109
125 95 0.099009900990099
125 94 0.0891089108910891
125 93 0.0891089108910891
125 92 0.099009900990099
125 91 0.103960396039604
125 90 0.0940594059405941
125 89 0.108910891089109
125 88 0.0940594059405941
125 87 0.0841584158415842
125 86 0.103960396039604
125 85 0.0841584158415842
125 84 0.0891089108910891
125 83 0.0891089108910891
125 82 0.0940594059405941
125 81 0.099009900990099
125 80 0.0891089108910891
125 79 0.0940594059405941
125 78 0.103960396039604
125 77 0.0940594059405941
125 76 0.0940594059405941
125 75 0.0940594059405941
125 74 0.0891089108910891
125 73 0.099009900990099
125 72 0.0841584158415842
125 71 0.103960396039604
125 70 0.0940594059405941
125 69 0.099009900990099
125 68 0.103960396039604
125 67 0.113861386138614
125 66 0.108910891089109
125 65 0.0940594059405941
125 64 0.0841584158415842
125 63 0.099009900990099
125 62 0.0792079207920792
125 61 0.099009900990099
125 60 0.103960396039604
125 59 0.099009900990099
125 58 0.0891089108910891
125 57 0.103960396039604
125 56 0.0940594059405941
125 55 0.0940594059405941
125 54 0.0841584158415842
125 53 0.0940594059405941
125 52 0.099009900990099
125 51 0.108910891089109
125 50 0.0940594059405941
125 49 0.0891089108910891
125 48 0.099009900990099
125 47 0.103960396039604
125 46 0.103960396039604
125 45 0.108910891089109
125 44 0.118811881188119
125 43 0.108910891089109
125 42 0.0940594059405941
125 41 0.108910891089109
125 40 0.103960396039604
125 39 0.123762376237624
125 38 0.118811881188119
125 37 0.113861386138614
125 36 0.0940594059405941
125 35 0.108910891089109
125 34 0.113861386138614
125 33 0.118811881188119
125 32 0.103960396039604
125 31 0.113861386138614
125 30 0.113861386138614
125 29 0.108910891089109
125 28 0.103960396039604
125 27 0.113861386138614
125 26 0.113861386138614
125 25 0.099009900990099
125 24 0.103960396039604
125 23 0.103960396039604
125 22 0.103960396039604
125 21 0.0940594059405941
125 20 0.103960396039604
125 19 0.0891089108910891
125 18 0.0841584158415842
125 17 0.0792079207920792
125 16 0.099009900990099
125 15 0.0792079207920792
125 14 0.0940594059405941
125 13 0.0792079207920792
125 12 0.0841584158415842
125 11 0.118811881188119
125 10 0.0841584158415842
125 9 0.0594059405940594
125 8 0.0940594059405941
125 7 0.123762376237624
125 6 0.163366336633663
125 5 0.153465346534653
125 4 0.193069306930693
125 3 0.222772277227723
125 2 0.247524752475248
125 1 0.262376237623762
