62 177555 0.232673267326733
62 17756 0.212871287128713
62 1776 0.173267326732673
62 200 0.113861386138614
62 199 0.118811881188119
62 198 0.118811881188119
62 197 0.123762376237624
62 196 0.123762376237624
62 195 0.123762376237624
62 194 0.118811881188119
62 193 0.113861386138614
62 192 0.118811881188119
62 191 0.118811881188119
62 190 0.113861386138614
62 189 0.118811881188119
62 188 0.118811881188119
62 187 0.108910891089109
62 186 0.113861386138614
62 185 0.128712871287129
62 184 0.118811881188119
62 183 0.118811881188119
62 182 0.113861386138614
62 181 0.118811881188119
62 180 0.128712871287129
62 179 0.108910891089109
62 178 0.108910891089109
62 177 0.099009900990099
62 176 0.113861386138614
62 175 0.128712871287129
62 174 0.108910891089109
62 173 0.113861386138614
62 172 0.113861386138614
62 171 0.108910891089109
62 170 0.118811881188119
62 169 0.118811881188119
62 168 0.118811881188119
62 167 0.118811881188119
62 166 0.118811881188119
62 165 0.113861386138614
62 164 0.113861386138614
62 163 0.118811881188119
62 162 0.123762376237624
62 161 0.113861386138614
62 160 0.123762376237624
62 159 0.113861386138614
62 158 0.123762376237624
62 157 0.108910891089109
62 156 0.113861386138614
62 155 0.108910891089109
62 154 0.108910891089109
62 153 0.113861386138614
62 152 0.113861386138614
62 151 0.118811881188119
62 150 0.118811881188119
62 149 0.113861386138614
62 148 0.113861386138614
62 147 0.113861386138614
62 146 0.118811881188119
62 145 0.118811881188119
62 144 0.113861386138614
62 143 0.103960396039604
62 142 0.123762376237624
62 141 0.118811881188119
62 140 0.118811881188119
62 139 0.113861386138614
62 138 0.128712871287129
62 137 0.108910891089109
62 136 0.118811881188119
62 135 0.113861386138614
62 134 0.118811881188119
62 133 0.113861386138614
62 132 0.113861386138614
62 131 0.108910891089109
62 130 0.123762376237624
62 129 0.123762376237624
62 128 0.113861386138614
62 127 0.113861386138614
62 126 0.113861386138614
62 125 0.108910891089109
62 124 0.103960396039604
62 123 0.113861386138614
62 122 0.108910891089109
62 121 0.118811881188119
62 120 0.108910891089109
62 119 0.103960396039604
62 118 0.099009900990099
62 117 0.099009900990099
62 116 0.113861386138614
62 115 0.108910891089109
62 114 0.0940594059405941
62 113 0.103960396039604
62 112 0.103960396039604
62 111 0.103960396039604
62 110 0.099009900990099
62 109 0.099009900990099
62 108 0.103960396039604
62 107 0.0891089108910891
62 106 0.0940594059405941
62 105 0.103960396039604
62 104 0.0940594059405941
62 103 0.113861386138614
62 102 0.099009900990099
62 101 0.099009900990099
62 100 0.103960396039604
62 99 0.103960396039604
62 98 0.099009900990099
62 97 0.099009900990099
62 96 0.0940594059405941
62 95 0.099009900990099
62 94 0.099009900990099
62 93 0.099009900990099
62 92 0.113861386138614
62 91 0.099009900990099
62 90 0.0940594059405941
62 89 0.0891089108910891
62 88 0.099009900990099
62 87 0.099009900990099
62 86 0.103960396039604
62 85 0.0940594059405941
62 84 0.099009900990099
62 83 0.099009900990099
62 82 0.099009900990099
62 81 0.099009900990099
62 80 0.103960396039604
62 79 0.108910891089109
62 78 0.099009900990099
62 77 0.103960396039604
62 76 0.099009900990099
62 75 0.103960396039604
62 74 0.099009900990099
62 73 0.108910891089109
62 72 0.113861386138614
62 71 0.099009900990099
62 70 0.103960396039604
62 69 0.0940594059405941
62 68 0.0891089108910891
62 67 0.0841584158415842
62 66 0.099009900990099
62 65 0.108910891089109
62 64 0.103960396039604
62 63 0.108910891089109
62 62 0.103960396039604
62 61 0.099009900990099
62 60 0.113861386138614
62 59 0.113861386138614
62 58 0.108910891089109
62 57 0.099009900990099
62 56 0.113861386138614
62 55 0.113861386138614
62 54 0.108910891089109
62 53 0.108910891089109
62 52 0.118811881188119
62 51 0.118811881188119
62 50 0.113861386138614
62 49 0.108910891089109
62 48 0.118811881188119
62 47 0.099009900990099
62 46 0.113861386138614
62 45 0.118811881188119
62 44 0.118811881188119
62 43 0.118811881188119
62 42 0.118811881188119
62 41 0.113861386138614
62 40 0.118811881188119
62 39 0.113861386138614
62 38 0.108910891089109
62 37 0.108910891089109
62 36 0.099009900990099
62 35 0.108910891089109
62 34 0.0891089108910891
62 33 0.103960396039604
62 32 0.103960396039604
62 31 0.113861386138614
62 30 0.118811881188119
62 29 0.103960396039604
62 28 0.0792079207920792
62 27 0.113861386138614
62 26 0.108910891089109
62 25 0.113861386138614
62 24 0.118811881188119
62 23 0.113861386138614
62 22 0.108910891089109
62 21 0.113861386138614
62 20 0.103960396039604
62 19 0.108910891089109
62 18 0.108910891089109
62 17 0.108910891089109
62 16 0.123762376237624
62 15 0.099009900990099
62 14 0.108910891089109
62 13 0.108910891089109
62 12 0.123762376237624
62 11 0.128712871287129
62 10 0.153465346534653
62 9 0.158415841584158
62 8 0.143564356435644
62 7 0.143564356435644
62 6 0.123762376237624
62 5 0.153465346534653
62 4 0.148514851485149
62 3 0.222772277227723
62 2 0.227722772277228
62 1 0.212871287128713
