26 177555 0.237623762376238
26 17756 0.212871287128713
26 1776 0.168316831683168
26 200 0.133663366336634
26 199 0.128712871287129
26 198 0.133663366336634
26 197 0.133663366336634
26 196 0.133663366336634
26 195 0.123762376237624
26 194 0.133663366336634
26 193 0.128712871287129
26 192 0.133663366336634
26 191 0.113861386138614
26 190 0.138613861386139
26 189 0.128712871287129
26 188 0.128712871287129
26 187 0.103960396039604
26 186 0.133663366336634
26 185 0.118811881188119
26 184 0.123762376237624
26 183 0.123762376237624
26 182 0.128712871287129
26 181 0.128712871287129
26 180 0.128712871287129
26 179 0.113861386138614
26 178 0.108910891089109
26 177 0.123762376237624
26 176 0.128712871287129
26 175 0.118811881188119
26 174 0.133663366336634
26 173 0.113861386138614
26 172 0.123762376237624
26 171 0.123762376237624
26 170 0.118811881188119
26 169 0.123762376237624
26 168 0.133663366336634
26 167 0.133663366336634
26 166 0.123762376237624
26 165 0.113861386138614
26 164 0.133663366336634
26 163 0.108910891089109
26 162 0.113861386138614
26 161 0.113861386138614
26 160 0.113861386138614
26 159 0.113861386138614
26 158 0.128712871287129
26 157 0.118811881188119
26 156 0.113861386138614
26 155 0.123762376237624
26 154 0.108910891089109
26 153 0.138613861386139
26 152 0.123762376237624
26 151 0.118811881188119
26 150 0.123762376237624
26 149 0.123762376237624
26 148 0.113861386138614
26 147 0.123762376237624
26 146 0.108910891089109
26 145 0.123762376237624
26 144 0.118811881188119
26 143 0.113861386138614
26 142 0.123762376237624
26 141 0.113861386138614
26 140 0.123762376237624
26 139 0.108910891089109
26 138 0.118811881188119
26 137 0.123762376237624
26 136 0.118811881188119
26 135 0.128712871287129
26 134 0.118811881188119
26 133 0.128712871287129
26 132 0.108910891089109
26 131 0.123762376237624
26 130 0.118811881188119
26 129 0.108910891089109
26 128 0.113861386138614
26 127 0.108910891089109
26 126 0.123762376237624
26 125 0.118811881188119
26 124 0.103960396039604
26 123 0.118811881188119
26 122 0.113861386138614
26 121 0.118811881188119
26 120 0.103960396039604
26 119 0.103960396039604
26 118 0.108910891089109
26 117 0.103960396039604
26 116 0.103960396039604
26 115 0.118811881188119
26 114 0.113861386138614
26 113 0.113861386138614
26 112 0.103960396039604
26 111 0.099009900990099
26 110 0.108910891089109
26 109 0.118811881188119
26 108 0.113861386138614
26 107 0.113861386138614
26 106 0.113861386138614
26 105 0.113861386138614
26 104 0.108910891089109
26 103 0.108910891089109
26 102 0.103960396039604
26 101 0.099009900990099
26 100 0.118811881188119
26 99 0.108910891089109
26 98 0.103960396039604
26 97 0.103960396039604
26 96 0.103960396039604
26 95 0.108910891089109
26 94 0.113861386138614
26 93 0.103960396039604
26 92 0.108910891089109
26 91 0.108910891089109
26 90 0.123762376237624
26 89 0.103960396039604
26 88 0.113861386138614
26 87 0.103960396039604
26 86 0.099009900990099
26 85 0.108910891089109
26 84 0.099009900990099
26 83 0.099009900990099
26 82 0.108910891089109
26 81 0.099009900990099
26 80 0.103960396039604
26 79 0.103960396039604
26 78 0.103960396039604
26 77 0.099009900990099
26 76 0.103960396039604
26 75 0.103960396039604
26 74 0.099009900990099
26 73 0.103960396039604
26 72 0.099009900990099
26 71 0.099009900990099
26 70 0.113861386138614
26 69 0.099009900990099
26 68 0.103960396039604
26 67 0.103960396039604
26 66 0.099009900990099
26 65 0.108910891089109
26 64 0.108910891089109
26 63 0.108910891089109
26 62 0.108910891089109
26 61 0.103960396039604
26 60 0.103960396039604
26 59 0.108910891089109
26 58 0.103960396039604
26 57 0.113861386138614
26 56 0.113861386138614
26 55 0.128712871287129
26 54 0.118811881188119
26 53 0.118811881188119
26 52 0.108910891089109
26 51 0.113861386138614
26 50 0.108910891089109
26 49 0.118811881188119
26 48 0.113861386138614
26 47 0.103960396039604
26 46 0.123762376237624
26 45 0.108910891089109
26 44 0.118811881188119
26 43 0.113861386138614
26 42 0.108910891089109
26 41 0.123762376237624
26 40 0.108910891089109
26 39 0.103960396039604
26 38 0.113861386138614
26 37 0.118811881188119
26 36 0.118811881188119
26 35 0.128712871287129
26 34 0.123762376237624
26 33 0.113861386138614
26 32 0.113861386138614
26 31 0.123762376237624
26 30 0.123762376237624
26 29 0.128712871287129
26 28 0.138613861386139
26 27 0.143564356435644
26 26 0.138613861386139
26 25 0.138613861386139
26 24 0.143564356435644
26 23 0.143564356435644
26 22 0.133663366336634
26 21 0.133663366336634
26 20 0.148514851485149
26 19 0.138613861386139
26 18 0.143564356435644
26 17 0.143564356435644
26 16 0.133663366336634
26 15 0.138613861386139
26 14 0.148514851485149
26 13 0.133663366336634
26 12 0.168316831683168
26 11 0.143564356435644
26 10 0.118811881188119
26 9 0.133663366336634
26 8 0.138613861386139
26 7 0.183168316831683
26 6 0.153465346534653
26 5 0.153465346534653
26 4 0.153465346534653
26 3 0.163366336633663
26 2 0.366336633663366
26 1 0.237623762376238
