139 177555 0.242574257425743
139 17756 0.207920792079208
139 1776 0.158415841584158
139 200 0.113861386138614
139 199 0.118811881188119
139 198 0.108910891089109
139 197 0.118811881188119
139 196 0.123762376237624
139 195 0.113861386138614
139 194 0.113861386138614
139 193 0.113861386138614
139 192 0.118811881188119
139 191 0.118811881188119
139 190 0.113861386138614
139 189 0.118811881188119
139 188 0.118811881188119
139 187 0.108910891089109
139 186 0.123762376237624
139 185 0.113861386138614
139 184 0.123762376237624
139 183 0.128712871287129
139 182 0.118811881188119
139 181 0.123762376237624
139 180 0.123762376237624
139 179 0.108910891089109
139 178 0.123762376237624
139 177 0.123762376237624
139 176 0.118811881188119
139 175 0.118811881188119
139 174 0.123762376237624
139 173 0.118811881188119
139 172 0.123762376237624
139 171 0.123762376237624
139 170 0.128712871287129
139 169 0.118811881188119
139 168 0.128712871287129
139 167 0.128712871287129
139 166 0.123762376237624
139 165 0.113861386138614
139 164 0.123762376237624
139 163 0.118811881188119
139 162 0.123762376237624
139 161 0.108910891089109
139 160 0.123762376237624
139 159 0.123762376237624
139 158 0.128712871287129
139 157 0.143564356435644
139 156 0.118811881188119
139 155 0.118811881188119
139 154 0.123762376237624
139 153 0.118811881188119
139 152 0.118811881188119
139 151 0.118811881188119
139 150 0.113861386138614
139 149 0.128712871287129
139 148 0.123762376237624
139 147 0.123762376237624
139 146 0.108910891089109
139 145 0.118811881188119
139 144 0.123762376237624
139 143 0.123762376237624
139 142 0.128712871287129
139 141 0.128712871287129
139 140 0.123762376237624
139 139 0.123762376237624
139 138 0.113861386138614
139 137 0.118811881188119
139 136 0.118811881188119
139 135 0.123762376237624
139 134 0.123762376237624
139 133 0.118811881188119
139 132 0.118811881188119
139 131 0.118811881188119
139 130 0.123762376237624
139 129 0.108910891089109
139 128 0.128712871287129
139 127 0.123762376237624
139 126 0.123762376237624
139 125 0.113861386138614
139 124 0.118811881188119
139 123 0.128712871287129
139 122 0.108910891089109
139 121 0.113861386138614
139 120 0.118811881188119
139 119 0.113861386138614
139 118 0.123762376237624
139 117 0.113861386138614
139 116 0.108910891089109
139 115 0.118811881188119
139 114 0.113861386138614
139 113 0.108910891089109
139 112 0.113861386138614
139 111 0.113861386138614
139 110 0.118811881188119
139 109 0.108910891089109
139 108 0.108910891089109
139 107 0.108910891089109
139 106 0.118811881188119
139 105 0.108910891089109
139 104 0.108910891089109
139 103 0.108910891089109
139 102 0.118811881188119
139 101 0.118811881188119
139 100 0.113861386138614
139 99 0.113861386138614
139 98 0.113861386138614
139 97 0.103960396039604
139 96 0.108910891089109
139 95 0.108910891089109
139 94 0.103960396039604
139 93 0.113861386138614
139 92 0.099009900990099
139 91 0.108910891089109
139 90 0.103960396039604
139 89 0.108910891089109
139 88 0.118811881188119
139 87 0.103960396039604
139 86 0.108910891089109
139 85 0.103960396039604
139 84 0.099009900990099
139 83 0.0940594059405941
139 82 0.108910891089109
139 81 0.108910891089109
139 80 0.103960396039604
139 79 0.099009900990099
139 78 0.108910891089109
139 77 0.103960396039604
139 76 0.099009900990099
139 75 0.0940594059405941
139 74 0.099009900990099
139 73 0.108910891089109
139 72 0.0940594059405941
139 71 0.099009900990099
139 70 0.108910891089109
139 69 0.103960396039604
139 68 0.103960396039604
139 67 0.103960396039604
139 66 0.0891089108910891
139 65 0.108910891089109
139 64 0.099009900990099
139 63 0.099009900990099
139 62 0.099009900990099
139 61 0.108910891089109
139 60 0.113861386138614
139 59 0.099009900990099
139 58 0.103960396039604
139 57 0.108910891089109
139 56 0.0940594059405941
139 55 0.103960396039604
139 54 0.113861386138614
139 53 0.108910891089109
139 52 0.103960396039604
139 51 0.123762376237624
139 50 0.099009900990099
139 49 0.113861386138614
139 48 0.108910891089109
139 47 0.113861386138614
139 46 0.113861386138614
139 45 0.103960396039604
139 44 0.108910891089109
139 43 0.113861386138614
139 42 0.118811881188119
139 41 0.108910891089109
139 40 0.108910891089109
139 39 0.113861386138614
139 38 0.108910891089109
139 37 0.108910891089109
139 36 0.113861386138614
139 35 0.118811881188119
139 34 0.103960396039604
139 33 0.118811881188119
139 32 0.118811881188119
139 31 0.113861386138614
139 30 0.123762376237624
139 29 0.118811881188119
139 28 0.118811881188119
139 27 0.123762376237624
139 26 0.108910891089109
139 25 0.123762376237624
139 24 0.118811881188119
139 23 0.123762376237624
139 22 0.118811881188119
139 21 0.123762376237624
139 20 0.133663366336634
139 19 0.128712871287129
139 18 0.133663366336634
139 17 0.123762376237624
139 16 0.118811881188119
139 15 0.113861386138614
139 14 0.118811881188119
139 13 0.108910891089109
139 12 0.133663366336634
139 11 0.128712871287129
139 10 0.113861386138614
139 9 0.118811881188119
139 8 0.128712871287129
139 7 0.123762376237624
139 6 0.138613861386139
139 5 0.123762376237624
139 4 0.207920792079208
139 3 0.138613861386139
139 2 0.178217821782178
139 1 0.217821782178218
