188 177555 0.242574257425743
188 17756 0.212871287128713
188 1776 0.168316831683168
188 200 0.128712871287129
188 199 0.118811881188119
188 198 0.123762376237624
188 197 0.128712871287129
188 196 0.143564356435644
188 195 0.123762376237624
188 194 0.133663366336634
188 193 0.113861386138614
188 192 0.128712871287129
188 191 0.108910891089109
188 190 0.123762376237624
188 189 0.133663366336634
188 188 0.128712871287129
188 187 0.123762376237624
188 186 0.123762376237624
188 185 0.123762376237624
188 184 0.123762376237624
188 183 0.128712871287129
188 182 0.133663366336634
188 181 0.123762376237624
188 180 0.118811881188119
188 179 0.133663366336634
188 178 0.123762376237624
188 177 0.118811881188119
188 176 0.118811881188119
188 175 0.113861386138614
188 174 0.108910891089109
188 173 0.123762376237624
188 172 0.118811881188119
188 171 0.123762376237624
188 170 0.118811881188119
188 169 0.108910891089109
188 168 0.108910891089109
188 167 0.108910891089109
188 166 0.128712871287129
188 165 0.123762376237624
188 164 0.128712871287129
188 163 0.103960396039604
188 162 0.113861386138614
188 161 0.113861386138614
188 160 0.113861386138614
188 159 0.118811881188119
188 158 0.118811881188119
188 157 0.118811881188119
188 156 0.113861386138614
188 155 0.123762376237624
188 154 0.113861386138614
188 153 0.108910891089109
188 152 0.113861386138614
188 151 0.108910891089109
188 150 0.118811881188119
188 149 0.113861386138614
188 148 0.118811881188119
188 147 0.118811881188119
188 146 0.108910891089109
188 145 0.118811881188119
188 144 0.113861386138614
188 143 0.103960396039604
188 142 0.118811881188119
188 141 0.118811881188119
188 140 0.113861386138614
188 139 0.118811881188119
188 138 0.123762376237624
188 137 0.113861386138614
188 136 0.113861386138614
188 135 0.118811881188119
188 134 0.108910891089109
188 133 0.118811881188119
188 132 0.113861386138614
188 131 0.113861386138614
188 130 0.113861386138614
188 129 0.108910891089109
188 128 0.118811881188119
188 127 0.108910891089109
188 126 0.118811881188119
188 125 0.113861386138614
188 124 0.113861386138614
188 123 0.113861386138614
188 122 0.123762376237624
188 121 0.108910891089109
188 120 0.113861386138614
188 119 0.113861386138614
188 118 0.108910891089109
188 117 0.113861386138614
188 116 0.113861386138614
188 115 0.113861386138614
188 114 0.108910891089109
188 113 0.113861386138614
188 112 0.113861386138614
188 111 0.113861386138614
188 110 0.118811881188119
188 109 0.103960396039604
188 108 0.123762376237624
188 107 0.108910891089109
188 106 0.118811881188119
188 105 0.118811881188119
188 104 0.103960396039604
188 103 0.113861386138614
188 102 0.108910891089109
188 101 0.103960396039604
188 100 0.108910891089109
188 99 0.108910891089109
188 98 0.108910891089109
188 97 0.118811881188119
188 96 0.099009900990099
188 95 0.103960396039604
188 94 0.128712871287129
188 93 0.103960396039604
188 92 0.103960396039604
188 91 0.099009900990099
188 90 0.108910891089109
188 89 0.103960396039604
188 88 0.108910891089109
188 87 0.108910891089109
188 86 0.099009900990099
188 85 0.113861386138614
188 84 0.108910891089109
188 83 0.113861386138614
188 82 0.108910891089109
188 81 0.113861386138614
188 80 0.123762376237624
188 79 0.099009900990099
188 78 0.108910891089109
188 77 0.103960396039604
188 76 0.113861386138614
188 75 0.113861386138614
188 74 0.108910891089109
188 73 0.123762376237624
188 72 0.108910891089109
188 71 0.113861386138614
188 70 0.118811881188119
188 69 0.113861386138614
188 68 0.123762376237624
188 67 0.099009900990099
188 66 0.113861386138614
188 65 0.113861386138614
188 64 0.123762376237624
188 63 0.113861386138614
188 62 0.118811881188119
188 61 0.108910891089109
188 60 0.128712871287129
188 59 0.128712871287129
188 58 0.118811881188119
188 57 0.118811881188119
188 56 0.123762376237624
188 55 0.108910891089109
188 54 0.0940594059405941
188 53 0.123762376237624
188 52 0.113861386138614
188 51 0.133663366336634
188 50 0.118811881188119
188 49 0.118811881188119
188 48 0.123762376237624
188 47 0.118811881188119
188 46 0.113861386138614
188 45 0.118811881188119
188 44 0.113861386138614
188 43 0.123762376237624
188 42 0.133663366336634
188 41 0.123762376237624
188 40 0.118811881188119
188 39 0.108910891089109
188 38 0.103960396039604
188 37 0.128712871287129
188 36 0.108910891089109
188 35 0.113861386138614
188 34 0.108910891089109
188 33 0.118811881188119
188 32 0.113861386138614
188 31 0.128712871287129
188 30 0.123762376237624
188 29 0.108910891089109
188 28 0.123762376237624
188 27 0.118811881188119
188 26 0.123762376237624
188 25 0.123762376237624
188 24 0.118811881188119
188 23 0.128712871287129
188 22 0.128712871287129
188 21 0.113861386138614
188 20 0.133663366336634
188 19 0.128712871287129
188 18 0.148514851485149
188 17 0.133663366336634
188 16 0.123762376237624
188 15 0.123762376237624
188 14 0.123762376237624
188 13 0.123762376237624
188 12 0.148514851485149
188 11 0.138613861386139
188 10 0.168316831683168
188 9 0.143564356435644
188 8 0.113861386138614
188 7 0.198019801980198
188 6 0.138613861386139
188 5 0.148514851485149
188 4 0.188118811881188
188 3 0.212871287128713
188 2 0.198019801980198
188 1 0.282178217821782
