124 177555 0.222772277227723
124 17756 0.202970297029703
124 1776 0.163366336633663
124 200 0.113861386138614
124 199 0.123762376237624
124 198 0.133663366336634
124 197 0.138613861386139
124 196 0.123762376237624
124 195 0.123762376237624
124 194 0.128712871287129
124 193 0.118811881188119
124 192 0.123762376237624
124 191 0.133663366336634
124 190 0.118811881188119
124 189 0.133663366336634
124 188 0.108910891089109
124 187 0.113861386138614
124 186 0.118811881188119
124 185 0.108910891089109
124 184 0.123762376237624
124 183 0.118811881188119
124 182 0.123762376237624
124 181 0.133663366336634
124 180 0.133663366336634
124 179 0.133663366336634
124 178 0.128712871287129
124 177 0.118811881188119
124 176 0.133663366336634
124 175 0.128712871287129
124 174 0.113861386138614
124 173 0.113861386138614
124 172 0.118811881188119
124 171 0.113861386138614
124 170 0.128712871287129
124 169 0.113861386138614
124 168 0.123762376237624
124 167 0.128712871287129
124 166 0.123762376237624
124 165 0.118811881188119
124 164 0.118811881188119
124 163 0.123762376237624
124 162 0.123762376237624
124 161 0.143564356435644
124 160 0.118811881188119
124 159 0.123762376237624
124 158 0.108910891089109
124 157 0.123762376237624
124 156 0.123762376237624
124 155 0.118811881188119
124 154 0.138613861386139
124 153 0.118811881188119
124 152 0.108910891089109
124 151 0.118811881188119
124 150 0.138613861386139
124 149 0.108910891089109
124 148 0.118811881188119
124 147 0.108910891089109
124 146 0.123762376237624
124 145 0.113861386138614
124 144 0.108910891089109
124 143 0.108910891089109
124 142 0.113861386138614
124 141 0.118811881188119
124 140 0.113861386138614
124 139 0.118811881188119
124 138 0.103960396039604
124 137 0.108910891089109
124 136 0.113861386138614
124 135 0.108910891089109
124 134 0.113861386138614
124 133 0.128712871287129
124 132 0.103960396039604
124 131 0.108910891089109
124 130 0.108910891089109
124 129 0.108910891089109
124 128 0.108910891089109
124 127 0.099009900990099
124 126 0.108910891089109
124 125 0.108910891089109
124 124 0.108910891089109
124 123 0.113861386138614
124 122 0.108910891089109
124 121 0.103960396039604
124 120 0.103960396039604
124 119 0.113861386138614
124 118 0.103960396039604
124 117 0.103960396039604
124 116 0.118811881188119
124 115 0.108910891089109
124 114 0.103960396039604
124 113 0.103960396039604
124 112 0.123762376237624
124 111 0.118811881188119
124 110 0.118811881188119
124 109 0.113861386138614
124 108 0.118811881188119
124 107 0.108910891089109
124 106 0.108910891089109
124 105 0.099009900990099
124 104 0.103960396039604
124 103 0.113861386138614
124 102 0.103960396039604
124 101 0.108910891089109
124 100 0.118811881188119
124 99 0.103960396039604
124 98 0.113861386138614
124 97 0.113861386138614
124 96 0.113861386138614
124 95 0.108910891089109
124 94 0.108910891089109
124 93 0.113861386138614
124 92 0.128712871287129
124 91 0.113861386138614
124 90 0.113861386138614
124 89 0.118811881188119
124 88 0.113861386138614
124 87 0.123762376237624
124 86 0.103960396039604
124 85 0.108910891089109
124 84 0.113861386138614
124 83 0.099009900990099
124 82 0.099009900990099
124 81 0.113861386138614
124 80 0.0940594059405941
124 79 0.113861386138614
124 78 0.099009900990099
124 77 0.103960396039604
124 76 0.113861386138614
124 75 0.113861386138614
124 74 0.099009900990099
124 73 0.103960396039604
124 72 0.118811881188119
124 71 0.113861386138614
124 70 0.113861386138614
124 69 0.113861386138614
124 68 0.108910891089109
124 67 0.113861386138614
124 66 0.108910891089109
124 65 0.099009900990099
124 64 0.103960396039604
124 63 0.113861386138614
124 62 0.118811881188119
124 61 0.108910891089109
124 60 0.118811881188119
124 59 0.113861386138614
124 58 0.113861386138614
124 57 0.103960396039604
124 56 0.103960396039604
124 55 0.113861386138614
124 54 0.113861386138614
124 53 0.108910891089109
124 52 0.108910891089109
124 51 0.118811881188119
124 50 0.099009900990099
124 49 0.108910891089109
124 48 0.113861386138614
124 47 0.113861386138614
124 46 0.118811881188119
124 45 0.108910891089109
124 44 0.108910891089109
124 43 0.113861386138614
124 42 0.103960396039604
124 41 0.108910891089109
124 40 0.103960396039604
124 39 0.108910891089109
124 38 0.108910891089109
124 37 0.108910891089109
124 36 0.099009900990099
124 35 0.113861386138614
124 34 0.113861386138614
124 33 0.113861386138614
124 32 0.113861386138614
124 31 0.118811881188119
124 30 0.113861386138614
124 29 0.108910891089109
124 28 0.113861386138614
124 27 0.113861386138614
124 26 0.118811881188119
124 25 0.118811881188119
124 24 0.108910891089109
124 23 0.099009900990099
124 22 0.113861386138614
124 21 0.0940594059405941
124 20 0.099009900990099
124 19 0.113861386138614
124 18 0.118811881188119
124 17 0.113861386138614
124 16 0.123762376237624
124 15 0.113861386138614
124 14 0.128712871287129
124 13 0.123762376237624
124 12 0.128712871287129
124 11 0.128712871287129
124 10 0.138613861386139
124 9 0.133663366336634
124 8 0.148514851485149
124 7 0.133663366336634
124 6 0.138613861386139
124 5 0.173267326732673
124 4 0.163366336633663
124 3 0.222772277227723
124 2 0.148514851485149
124 1 0.242574257425743
