67 177555 0.237623762376238
67 17756 0.198019801980198
67 1776 0.163366336633663
67 200 0.113861386138614
67 199 0.123762376237624
67 198 0.113861386138614
67 197 0.128712871287129
67 196 0.108910891089109
67 195 0.118811881188119
67 194 0.118811881188119
67 193 0.123762376237624
67 192 0.108910891089109
67 191 0.108910891089109
67 190 0.123762376237624
67 189 0.118811881188119
67 188 0.118811881188119
67 187 0.113861386138614
67 186 0.113861386138614
67 185 0.123762376237624
67 184 0.108910891089109
67 183 0.118811881188119
67 182 0.128712871287129
67 181 0.118811881188119
67 180 0.128712871287129
67 179 0.113861386138614
67 178 0.113861386138614
67 177 0.113861386138614
67 176 0.123762376237624
67 175 0.123762376237624
67 174 0.118811881188119
67 173 0.103960396039604
67 172 0.118811881188119
67 171 0.108910891089109
67 170 0.108910891089109
67 169 0.118811881188119
67 168 0.113861386138614
67 167 0.123762376237624
67 166 0.108910891089109
67 165 0.123762376237624
67 164 0.113861386138614
67 163 0.118811881188119
67 162 0.123762376237624
67 161 0.113861386138614
67 160 0.118811881188119
67 159 0.113861386138614
67 158 0.118811881188119
67 157 0.123762376237624
67 156 0.118811881188119
67 155 0.128712871287129
67 154 0.123762376237624
67 153 0.123762376237624
67 152 0.113861386138614
67 151 0.108910891089109
67 150 0.108910891089109
67 149 0.108910891089109
67 148 0.123762376237624
67 147 0.113861386138614
67 146 0.113861386138614
67 145 0.113861386138614
67 144 0.113861386138614
67 143 0.103960396039604
67 142 0.108910891089109
67 141 0.108910891089109
67 140 0.113861386138614
67 139 0.113861386138614
67 138 0.123762376237624
67 137 0.113861386138614
67 136 0.113861386138614
67 135 0.113861386138614
67 134 0.113861386138614
67 133 0.133663366336634
67 132 0.099009900990099
67 131 0.113861386138614
67 130 0.113861386138614
67 129 0.113861386138614
67 128 0.103960396039604
67 127 0.108910891089109
67 126 0.103960396039604
67 125 0.103960396039604
67 124 0.118811881188119
67 123 0.118811881188119
67 122 0.123762376237624
67 121 0.113861386138614
67 120 0.113861386138614
67 119 0.103960396039604
67 118 0.108910891089109
67 117 0.103960396039604
67 116 0.108910891089109
67 115 0.103960396039604
67 114 0.103960396039604
67 113 0.103960396039604
67 112 0.123762376237624
67 111 0.108910891089109
67 110 0.118811881188119
67 109 0.113861386138614
67 108 0.108910891089109
67 107 0.103960396039604
67 106 0.108910891089109
67 105 0.123762376237624
67 104 0.113861386138614
67 103 0.099009900990099
67 102 0.108910891089109
67 101 0.118811881188119
67 100 0.099009900990099
67 99 0.103960396039604
67 98 0.113861386138614
67 97 0.103960396039604
67 96 0.113861386138614
67 95 0.103960396039604
67 94 0.099009900990099
67 93 0.123762376237624
67 92 0.113861386138614
67 91 0.113861386138614
67 90 0.108910891089109
67 89 0.103960396039604
67 88 0.103960396039604
67 87 0.103960396039604
67 86 0.103960396039604
67 85 0.103960396039604
67 84 0.108910891089109
67 83 0.103960396039604
67 82 0.108910891089109
67 81 0.108910891089109
67 80 0.108910891089109
67 79 0.103960396039604
67 78 0.108910891089109
67 77 0.103960396039604
67 76 0.099009900990099
67 75 0.103960396039604
67 74 0.108910891089109
67 73 0.103960396039604
67 72 0.108910891089109
67 71 0.103960396039604
67 70 0.108910891089109
67 69 0.113861386138614
67 68 0.108910891089109
67 67 0.103960396039604
67 66 0.113861386138614
67 65 0.113861386138614
67 64 0.103960396039604
67 63 0.108910891089109
67 62 0.123762376237624
67 61 0.108910891089109
67 60 0.103960396039604
67 59 0.113861386138614
67 58 0.108910891089109
67 57 0.108910891089109
67 56 0.113861386138614
67 55 0.113861386138614
67 54 0.108910891089109
67 53 0.113861386138614
67 52 0.113861386138614
67 51 0.0940594059405941
67 50 0.0940594059405941
67 49 0.099009900990099
67 48 0.103960396039604
67 47 0.0940594059405941
67 46 0.103960396039604
67 45 0.099009900990099
67 44 0.099009900990099
67 43 0.099009900990099
67 42 0.113861386138614
67 41 0.108910891089109
67 40 0.118811881188119
67 39 0.103960396039604
67 38 0.103960396039604
67 37 0.103960396039604
67 36 0.118811881188119
67 35 0.108910891089109
67 34 0.103960396039604
67 33 0.108910891089109
67 32 0.123762376237624
67 31 0.123762376237624
67 30 0.113861386138614
67 29 0.108910891089109
67 28 0.108910891089109
67 27 0.118811881188119
67 26 0.108910891089109
67 25 0.123762376237624
67 24 0.128712871287129
67 23 0.113861386138614
67 22 0.113861386138614
67 21 0.099009900990099
67 20 0.103960396039604
67 19 0.108910891089109
67 18 0.108910891089109
67 17 0.123762376237624
67 16 0.099009900990099
67 15 0.118811881188119
67 14 0.103960396039604
67 13 0.123762376237624
67 12 0.143564356435644
67 11 0.133663366336634
67 10 0.158415841584158
67 9 0.158415841584158
67 8 0.163366336633663
67 7 0.153465346534653
67 6 0.163366336633663
67 5 0.193069306930693
67 4 0.198019801980198
67 3 0.163366336633663
67 2 0.168316831683168
67 1 0.207920792079208
