153 177555 0.252475247524752
153 17756 0.222772277227723
153 1776 0.168316831683168
153 200 0.128712871287129
153 199 0.128712871287129
153 198 0.113861386138614
153 197 0.108910891089109
153 196 0.118811881188119
153 195 0.113861386138614
153 194 0.123762376237624
153 193 0.113861386138614
153 192 0.118811881188119
153 191 0.103960396039604
153 190 0.118811881188119
153 189 0.123762376237624
153 188 0.113861386138614
153 187 0.128712871287129
153 186 0.128712871287129
153 185 0.133663366336634
153 184 0.108910891089109
153 183 0.123762376237624
153 182 0.118811881188119
153 181 0.118811881188119
153 180 0.128712871287129
153 179 0.099009900990099
153 178 0.113861386138614
153 177 0.118811881188119
153 176 0.118811881188119
153 175 0.118811881188119
153 174 0.113861386138614
153 173 0.113861386138614
153 172 0.113861386138614
153 171 0.118811881188119
153 170 0.113861386138614
153 169 0.128712871287129
153 168 0.108910891089109
153 167 0.118811881188119
153 166 0.113861386138614
153 165 0.113861386138614
153 164 0.108910891089109
153 163 0.113861386138614
153 162 0.113861386138614
153 161 0.123762376237624
153 160 0.123762376237624
153 159 0.108910891089109
153 158 0.123762376237624
153 157 0.118811881188119
153 156 0.123762376237624
153 155 0.123762376237624
153 154 0.113861386138614
153 153 0.103960396039604
153 152 0.118811881188119
153 151 0.108910891089109
153 150 0.123762376237624
153 149 0.123762376237624
153 148 0.113861386138614
153 147 0.118811881188119
153 146 0.123762376237624
153 145 0.123762376237624
153 144 0.103960396039604
153 143 0.113861386138614
153 142 0.118811881188119
153 141 0.123762376237624
153 140 0.113861386138614
153 139 0.118811881188119
153 138 0.113861386138614
153 137 0.118811881188119
153 136 0.118811881188119
153 135 0.128712871287129
153 134 0.113861386138614
153 133 0.113861386138614
153 132 0.108910891089109
153 131 0.113861386138614
153 130 0.113861386138614
153 129 0.113861386138614
153 128 0.108910891089109
153 127 0.118811881188119
153 126 0.108910891089109
153 125 0.118811881188119
153 124 0.128712871287129
153 123 0.113861386138614
153 122 0.123762376237624
153 121 0.113861386138614
153 120 0.113861386138614
153 119 0.113861386138614
153 118 0.118811881188119
153 117 0.113861386138614
153 116 0.123762376237624
153 115 0.123762376237624
153 114 0.113861386138614
153 113 0.108910891089109
153 112 0.118811881188119
153 111 0.118811881188119
153 110 0.118811881188119
153 109 0.118811881188119
153 108 0.113861386138614
153 107 0.118811881188119
153 106 0.113861386138614
153 105 0.108910891089109
153 104 0.118811881188119
153 103 0.123762376237624
153 102 0.118811881188119
153 101 0.113861386138614
153 100 0.113861386138614
153 99 0.108910891089109
153 98 0.108910891089109
153 97 0.123762376237624
153 96 0.123762376237624
153 95 0.118811881188119
153 94 0.108910891089109
153 93 0.113861386138614
153 92 0.108910891089109
153 91 0.108910891089109
153 90 0.108910891089109
153 89 0.103960396039604
153 88 0.108910891089109
153 87 0.099009900990099
153 86 0.108910891089109
153 85 0.108910891089109
153 84 0.0940594059405941
153 83 0.108910891089109
153 82 0.099009900990099
153 81 0.108910891089109
153 80 0.103960396039604
153 79 0.108910891089109
153 78 0.108910891089109
153 77 0.103960396039604
153 76 0.108910891089109
153 75 0.0891089108910891
153 74 0.113861386138614
153 73 0.108910891089109
153 72 0.103960396039604
153 71 0.099009900990099
153 70 0.0891089108910891
153 69 0.103960396039604
153 68 0.113861386138614
153 67 0.103960396039604
153 66 0.103960396039604
153 65 0.113861386138614
153 64 0.099009900990099
153 63 0.103960396039604
153 62 0.099009900990099
153 61 0.0940594059405941
153 60 0.099009900990099
153 59 0.0940594059405941
153 58 0.108910891089109
153 57 0.113861386138614
153 56 0.108910891089109
153 55 0.108910891089109
153 54 0.103960396039604
153 53 0.123762376237624
153 52 0.103960396039604
153 51 0.103960396039604
153 50 0.108910891089109
153 49 0.108910891089109
153 48 0.118811881188119
153 47 0.113861386138614
153 46 0.108910891089109
153 45 0.108910891089109
153 44 0.113861386138614
153 43 0.108910891089109
153 42 0.113861386138614
153 41 0.103960396039604
153 40 0.108910891089109
153 39 0.128712871287129
153 38 0.123762376237624
153 37 0.118811881188119
153 36 0.108910891089109
153 35 0.133663366336634
153 34 0.138613861386139
153 33 0.128712871287129
153 32 0.108910891089109
153 31 0.143564356435644
153 30 0.133663366336634
153 29 0.118811881188119
153 28 0.108910891089109
153 27 0.123762376237624
153 26 0.123762376237624
153 25 0.133663366336634
153 24 0.133663366336634
153 23 0.118811881188119
153 22 0.118811881188119
153 21 0.108910891089109
153 20 0.113861386138614
153 19 0.133663366336634
153 18 0.108910891089109
153 17 0.113861386138614
153 16 0.113861386138614
153 15 0.103960396039604
153 14 0.108910891089109
153 13 0.108910891089109
153 12 0.108910891089109
153 11 0.133663366336634
153 10 0.128712871287129
153 9 0.138613861386139
153 8 0.123762376237624
153 7 0.128712871287129
153 6 0.128712871287129
153 5 0.138613861386139
153 4 0.148514851485149
153 3 0.138613861386139
153 2 0.153465346534653
153 1 0.242574257425743
