76 177555 0.232673267326733
76 17756 0.207920792079208
76 1776 0.183168316831683
76 200 0.133663366336634
76 199 0.118811881188119
76 198 0.128712871287129
76 197 0.118811881188119
76 196 0.118811881188119
76 195 0.123762376237624
76 194 0.123762376237624
76 193 0.123762376237624
76 192 0.123762376237624
76 191 0.123762376237624
76 190 0.133663366336634
76 189 0.133663366336634
76 188 0.128712871287129
76 187 0.133663366336634
76 186 0.128712871287129
76 185 0.118811881188119
76 184 0.128712871287129
76 183 0.128712871287129
76 182 0.118811881188119
76 181 0.113861386138614
76 180 0.123762376237624
76 179 0.123762376237624
76 178 0.133663366336634
76 177 0.128712871287129
76 176 0.123762376237624
76 175 0.113861386138614
76 174 0.118811881188119
76 173 0.113861386138614
76 172 0.123762376237624
76 171 0.118811881188119
76 170 0.118811881188119
76 169 0.113861386138614
76 168 0.123762376237624
76 167 0.123762376237624
76 166 0.133663366336634
76 165 0.123762376237624
76 164 0.118811881188119
76 163 0.118811881188119
76 162 0.133663366336634
76 161 0.118811881188119
76 160 0.123762376237624
76 159 0.118811881188119
76 158 0.118811881188119
76 157 0.118811881188119
76 156 0.113861386138614
76 155 0.118811881188119
76 154 0.113861386138614
76 153 0.108910891089109
76 152 0.123762376237624
76 151 0.118811881188119
76 150 0.113861386138614
76 149 0.108910891089109
76 148 0.113861386138614
76 147 0.108910891089109
76 146 0.118811881188119
76 145 0.118811881188119
76 144 0.118811881188119
76 143 0.108910891089109
76 142 0.123762376237624
76 141 0.123762376237624
76 140 0.118811881188119
76 139 0.118811881188119
76 138 0.123762376237624
76 137 0.123762376237624
76 136 0.108910891089109
76 135 0.128712871287129
76 134 0.118811881188119
76 133 0.118811881188119
76 132 0.108910891089109
76 131 0.099009900990099
76 130 0.123762376237624
76 129 0.103960396039604
76 128 0.108910891089109
76 127 0.108910891089109
76 126 0.113861386138614
76 125 0.128712871287129
76 124 0.123762376237624
76 123 0.118811881188119
76 122 0.108910891089109
76 121 0.108910891089109
76 120 0.123762376237624
76 119 0.113861386138614
76 118 0.128712871287129
76 117 0.113861386138614
76 116 0.123762376237624
76 115 0.118811881188119
76 114 0.123762376237624
76 113 0.128712871287129
76 112 0.123762376237624
76 111 0.118811881188119
76 110 0.123762376237624
76 109 0.133663366336634
76 108 0.123762376237624
76 107 0.123762376237624
76 106 0.128712871287129
76 105 0.123762376237624
76 104 0.123762376237624
76 103 0.108910891089109
76 102 0.113861386138614
76 101 0.108910891089109
76 100 0.123762376237624
76 99 0.128712871287129
76 98 0.123762376237624
76 97 0.113861386138614
76 96 0.118811881188119
76 95 0.133663366336634
76 94 0.123762376237624
76 93 0.113861386138614
76 92 0.123762376237624
76 91 0.108910891089109
76 90 0.118811881188119
76 89 0.108910891089109
76 88 0.113861386138614
76 87 0.108910891089109
76 86 0.108910891089109
76 85 0.108910891089109
76 84 0.108910891089109
76 83 0.113861386138614
76 82 0.128712871287129
76 81 0.103960396039604
76 80 0.103960396039604
76 79 0.113861386138614
76 78 0.103960396039604
76 77 0.103960396039604
76 76 0.0940594059405941
76 75 0.108910891089109
76 74 0.103960396039604
76 73 0.099009900990099
76 72 0.113861386138614
76 71 0.099009900990099
76 70 0.0940594059405941
76 69 0.108910891089109
76 68 0.0891089108910891
76 67 0.103960396039604
76 66 0.0940594059405941
76 65 0.103960396039604
76 64 0.108910891089109
76 63 0.108910891089109
76 62 0.103960396039604
76 61 0.099009900990099
76 60 0.108910891089109
76 59 0.099009900990099
76 58 0.103960396039604
76 57 0.0940594059405941
76 56 0.0940594059405941
76 55 0.099009900990099
76 54 0.099009900990099
76 53 0.0841584158415842
76 52 0.103960396039604
76 51 0.099009900990099
76 50 0.103960396039604
76 49 0.103960396039604
76 48 0.108910891089109
76 47 0.108910891089109
76 46 0.113861386138614
76 45 0.113861386138614
76 44 0.108910891089109
76 43 0.113861386138614
76 42 0.113861386138614
76 41 0.103960396039604
76 40 0.103960396039604
76 39 0.0940594059405941
76 38 0.099009900990099
76 37 0.0940594059405941
76 36 0.099009900990099
76 35 0.0940594059405941
76 34 0.108910891089109
76 33 0.108910891089109
76 32 0.103960396039604
76 31 0.108910891089109
76 30 0.103960396039604
76 29 0.0940594059405941
76 28 0.103960396039604
76 27 0.103960396039604
76 26 0.113861386138614
76 25 0.123762376237624
76 24 0.133663366336634
76 23 0.123762376237624
76 22 0.128712871287129
76 21 0.133663366336634
76 20 0.133663366336634
76 19 0.118811881188119
76 18 0.138613861386139
76 17 0.143564356435644
76 16 0.128712871287129
76 15 0.108910891089109
76 14 0.118811881188119
76 13 0.123762376237624
76 12 0.113861386138614
76 11 0.128712871287129
76 10 0.133663366336634
76 9 0.143564356435644
76 8 0.123762376237624
76 7 0.143564356435644
76 6 0.148514851485149
76 5 0.207920792079208
76 4 0.138613861386139
76 3 0.193069306930693
76 2 0.202970297029703
76 1 0.207920792079208
