101 177555 0.237623762376238
101 17756 0.207920792079208
101 1776 0.173267326732673
101 200 0.118811881188119
101 199 0.103960396039604
101 198 0.113861386138614
101 197 0.108910891089109
101 196 0.118811881188119
101 195 0.123762376237624
101 194 0.113861386138614
101 193 0.099009900990099
101 192 0.113861386138614
101 191 0.103960396039604
101 190 0.113861386138614
101 189 0.103960396039604
101 188 0.108910891089109
101 187 0.099009900990099
101 186 0.113861386138614
101 185 0.118811881188119
101 184 0.108910891089109
101 183 0.108910891089109
101 182 0.103960396039604
101 181 0.118811881188119
101 180 0.123762376237624
101 179 0.113861386138614
101 178 0.113861386138614
101 177 0.108910891089109
101 176 0.108910891089109
101 175 0.108910891089109
101 174 0.103960396039604
101 173 0.108910891089109
101 172 0.103960396039604
101 171 0.103960396039604
101 170 0.103960396039604
101 169 0.103960396039604
101 168 0.0940594059405941
101 167 0.103960396039604
101 166 0.108910891089109
101 165 0.099009900990099
101 164 0.103960396039604
101 163 0.0891089108910891
101 162 0.103960396039604
101 161 0.0940594059405941
101 160 0.0891089108910891
101 159 0.099009900990099
101 158 0.103960396039604
101 157 0.108910891089109
101 156 0.0940594059405941
101 155 0.108910891089109
101 154 0.103960396039604
101 153 0.103960396039604
101 152 0.103960396039604
101 151 0.103960396039604
101 150 0.0940594059405941
101 149 0.103960396039604
101 148 0.099009900990099
101 147 0.108910891089109
101 146 0.0940594059405941
101 145 0.113861386138614
101 144 0.103960396039604
101 143 0.099009900990099
101 142 0.103960396039604
101 141 0.099009900990099
101 140 0.103960396039604
101 139 0.0891089108910891
101 138 0.103960396039604
101 137 0.099009900990099
101 136 0.0940594059405941
101 135 0.103960396039604
101 134 0.108910891089109
101 133 0.108910891089109
101 132 0.099009900990099
101 131 0.0891089108910891
101 130 0.108910891089109
101 129 0.0940594059405941
101 128 0.099009900990099
101 127 0.0940594059405941
101 126 0.113861386138614
101 125 0.118811881188119
101 124 0.113861386138614
101 123 0.099009900990099
101 122 0.0891089108910891
101 121 0.103960396039604
101 120 0.099009900990099
101 119 0.103960396039604
101 118 0.113861386138614
101 117 0.108910891089109
101 116 0.0940594059405941
101 115 0.099009900990099
101 114 0.103960396039604
101 113 0.0940594059405941
101 112 0.099009900990099
101 111 0.0940594059405941
101 110 0.103960396039604
101 109 0.103960396039604
101 108 0.113861386138614
101 107 0.0940594059405941
101 106 0.103960396039604
101 105 0.099009900990099
101 104 0.099009900990099
101 103 0.108910891089109
101 102 0.108910891089109
101 101 0.113861386138614
101 100 0.103960396039604
101 99 0.108910891089109
101 98 0.103960396039604
101 97 0.103960396039604
101 96 0.0940594059405941
101 95 0.103960396039604
101 94 0.108910891089109
101 93 0.103960396039604
101 92 0.108910891089109
101 91 0.0940594059405941
101 90 0.103960396039604
101 89 0.099009900990099
101 88 0.113861386138614
101 87 0.103960396039604
101 86 0.108910891089109
101 85 0.108910891089109
101 84 0.103960396039604
101 83 0.103960396039604
101 82 0.103960396039604
101 81 0.103960396039604
101 80 0.103960396039604
101 79 0.0940594059405941
101 78 0.0940594059405941
101 77 0.103960396039604
101 76 0.103960396039604
101 75 0.099009900990099
101 74 0.103960396039604
101 73 0.103960396039604
101 72 0.099009900990099
101 71 0.0841584158415842
101 70 0.0891089108910891
101 69 0.0891089108910891
101 68 0.099009900990099
101 67 0.099009900990099
101 66 0.099009900990099
101 65 0.0891089108910891
101 64 0.0792079207920792
101 63 0.0891089108910891
101 62 0.099009900990099
101 61 0.099009900990099
101 60 0.0940594059405941
101 59 0.0841584158415842
101 58 0.099009900990099
101 57 0.0891089108910891
101 56 0.0841584158415842
101 55 0.0940594059405941
101 54 0.103960396039604
101 53 0.099009900990099
101 52 0.099009900990099
101 51 0.0940594059405941
101 50 0.0891089108910891
101 49 0.103960396039604
101 48 0.0940594059405941
101 47 0.099009900990099
101 46 0.0891089108910891
101 45 0.103960396039604
101 44 0.103960396039604
101 43 0.108910891089109
101 42 0.099009900990099
101 41 0.099009900990099
101 40 0.0940594059405941
101 39 0.108910891089109
101 38 0.103960396039604
101 37 0.0940594059405941
101 36 0.0940594059405941
101 35 0.103960396039604
101 34 0.108910891089109
101 33 0.113861386138614
101 32 0.108910891089109
101 31 0.099009900990099
101 30 0.113861386138614
101 29 0.113861386138614
101 28 0.113861386138614
101 27 0.108910891089109
101 26 0.113861386138614
101 25 0.113861386138614
101 24 0.118811881188119
101 23 0.113861386138614
101 22 0.123762376237624
101 21 0.108910891089109
101 20 0.113861386138614
101 19 0.123762376237624
101 18 0.118811881188119
101 17 0.113861386138614
101 16 0.113861386138614
101 15 0.123762376237624
101 14 0.128712871287129
101 13 0.128712871287129
101 12 0.153465346534653
101 11 0.138613861386139
101 10 0.153465346534653
101 9 0.163366336633663
101 8 0.198019801980198
101 7 0.158415841584158
101 6 0.188118811881188
101 5 0.183168316831683
101 4 0.148514851485149
101 3 0.173267326732673
101 2 0.212871287128713
101 1 0.193069306930693
