150 177555 0.252475247524752
150 17756 0.222772277227723
150 1776 0.188118811881188
150 200 0.118811881188119
150 199 0.113861386138614
150 198 0.123762376237624
150 197 0.123762376237624
150 196 0.118811881188119
150 195 0.113861386138614
150 194 0.118811881188119
150 193 0.123762376237624
150 192 0.113861386138614
150 191 0.118811881188119
150 190 0.118811881188119
150 189 0.118811881188119
150 188 0.118811881188119
150 187 0.108910891089109
150 186 0.118811881188119
150 185 0.113861386138614
150 184 0.128712871287129
150 183 0.113861386138614
150 182 0.113861386138614
150 181 0.118811881188119
150 180 0.123762376237624
150 179 0.108910891089109
150 178 0.128712871287129
150 177 0.108910891089109
150 176 0.118811881188119
150 175 0.123762376237624
150 174 0.118811881188119
150 173 0.118811881188119
150 172 0.118811881188119
150 171 0.113861386138614
150 170 0.113861386138614
150 169 0.113861386138614
150 168 0.123762376237624
150 167 0.113861386138614
150 166 0.108910891089109
150 165 0.108910891089109
150 164 0.133663366336634
150 163 0.118811881188119
150 162 0.108910891089109
150 161 0.118811881188119
150 160 0.113861386138614
150 159 0.113861386138614
150 158 0.108910891089109
150 157 0.108910891089109
150 156 0.113861386138614
150 155 0.099009900990099
150 154 0.118811881188119
150 153 0.108910891089109
150 152 0.123762376237624
150 151 0.123762376237624
150 150 0.113861386138614
150 149 0.118811881188119
150 148 0.118811881188119
150 147 0.118811881188119
150 146 0.118811881188119
150 145 0.123762376237624
150 144 0.108910891089109
150 143 0.103960396039604
150 142 0.108910891089109
150 141 0.113861386138614
150 140 0.103960396039604
150 139 0.108910891089109
150 138 0.118811881188119
150 137 0.123762376237624
150 136 0.108910891089109
150 135 0.113861386138614
150 134 0.113861386138614
150 133 0.118811881188119
150 132 0.123762376237624
150 131 0.108910891089109
150 130 0.113861386138614
150 129 0.113861386138614
150 128 0.108910891089109
150 127 0.108910891089109
150 126 0.103960396039604
150 125 0.108910891089109
150 124 0.103960396039604
150 123 0.099009900990099
150 122 0.103960396039604
150 121 0.103960396039604
150 120 0.108910891089109
150 119 0.099009900990099
150 118 0.103960396039604
150 117 0.113861386138614
150 116 0.108910891089109
150 115 0.108910891089109
150 114 0.108910891089109
150 113 0.108910891089109
150 112 0.103960396039604
150 111 0.103960396039604
150 110 0.113861386138614
150 109 0.108910891089109
150 108 0.123762376237624
150 107 0.113861386138614
150 106 0.103960396039604
150 105 0.108910891089109
150 104 0.103960396039604
150 103 0.108910891089109
150 102 0.0891089108910891
150 101 0.103960396039604
150 100 0.0940594059405941
150 99 0.0940594059405941
150 98 0.113861386138614
150 97 0.108910891089109
150 96 0.103960396039604
150 95 0.099009900990099
150 94 0.0940594059405941
150 93 0.0841584158415842
150 92 0.103960396039604
150 91 0.0940594059405941
150 90 0.103960396039604
150 89 0.118811881188119
150 88 0.099009900990099
150 87 0.108910891089109
150 86 0.108910891089109
150 85 0.099009900990099
150 84 0.108910891089109
150 83 0.108910891089109
150 82 0.108910891089109
150 81 0.099009900990099
150 80 0.103960396039604
150 79 0.113861386138614
150 78 0.099009900990099
150 77 0.108910891089109
150 76 0.103960396039604
150 75 0.103960396039604
150 74 0.103960396039604
150 73 0.113861386138614
150 72 0.113861386138614
150 71 0.103960396039604
150 70 0.099009900990099
150 69 0.103960396039604
150 68 0.099009900990099
150 67 0.0891089108910891
150 66 0.099009900990099
150 65 0.0940594059405941
150 64 0.099009900990099
150 63 0.0940594059405941
150 62 0.108910891089109
150 61 0.0940594059405941
150 60 0.099009900990099
150 59 0.113861386138614
150 58 0.0940594059405941
150 57 0.108910891089109
150 56 0.113861386138614
150 55 0.108910891089109
150 54 0.099009900990099
150 53 0.113861386138614
150 52 0.0891089108910891
150 51 0.099009900990099
150 50 0.099009900990099
150 49 0.0940594059405941
150 48 0.0940594059405941
150 47 0.0940594059405941
150 46 0.118811881188119
150 45 0.099009900990099
150 44 0.0940594059405941
150 43 0.103960396039604
150 42 0.113861386138614
150 41 0.113861386138614
150 40 0.108910891089109
150 39 0.113861386138614
150 38 0.113861386138614
150 37 0.128712871287129
150 36 0.103960396039604
150 35 0.123762376237624
150 34 0.118811881188119
150 33 0.118811881188119
150 32 0.123762376237624
150 31 0.133663366336634
150 30 0.118811881188119
150 29 0.133663366336634
150 28 0.118811881188119
150 27 0.128712871287129
150 26 0.128712871287129
150 25 0.103960396039604
150 24 0.113861386138614
150 23 0.123762376237624
150 22 0.158415841584158
150 21 0.143564356435644
150 20 0.148514851485149
150 19 0.148514851485149
150 18 0.173267326732673
150 17 0.173267326732673
150 16 0.163366336633663
150 15 0.143564356435644
150 14 0.143564356435644
150 13 0.128712871287129
150 12 0.148514851485149
150 11 0.138613861386139
150 10 0.138613861386139
150 9 0.158415841584158
150 8 0.193069306930693
150 7 0.178217821782178
150 6 0.143564356435644
150 5 0.173267326732673
150 4 0.217821782178218
150 3 0.178217821782178
150 2 0.178217821782178
150 1 0.237623762376238
