8 177555 0.257425742574257
8 17756 0.198019801980198
8 1776 0.168316831683168
8 200 0.133663366336634
8 199 0.133663366336634
8 198 0.133663366336634
8 197 0.133663366336634
8 196 0.148514851485149
8 195 0.133663366336634
8 194 0.138613861386139
8 193 0.133663366336634
8 192 0.138613861386139
8 191 0.133663366336634
8 190 0.133663366336634
8 189 0.128712871287129
8 188 0.143564356435644
8 187 0.143564356435644
8 186 0.123762376237624
8 185 0.143564356435644
8 184 0.143564356435644
8 183 0.128712871287129
8 182 0.138613861386139
8 181 0.128712871287129
8 180 0.133663366336634
8 179 0.138613861386139
8 178 0.133663366336634
8 177 0.123762376237624
8 176 0.143564356435644
8 175 0.143564356435644
8 174 0.143564356435644
8 173 0.128712871287129
8 172 0.128712871287129
8 171 0.143564356435644
8 170 0.138613861386139
8 169 0.123762376237624
8 168 0.133663366336634
8 167 0.133663366336634
8 166 0.128712871287129
8 165 0.123762376237624
8 164 0.128712871287129
8 163 0.128712871287129
8 162 0.123762376237624
8 161 0.123762376237624
8 160 0.133663366336634
8 159 0.133663366336634
8 158 0.138613861386139
8 157 0.138613861386139
8 156 0.123762376237624
8 155 0.128712871287129
8 154 0.133663366336634
8 153 0.133663366336634
8 152 0.128712871287129
8 151 0.133663366336634
8 150 0.133663366336634
8 149 0.128712871287129
8 148 0.133663366336634
8 147 0.118811881188119
8 146 0.138613861386139
8 145 0.138613861386139
8 144 0.143564356435644
8 143 0.143564356435644
8 142 0.133663366336634
8 141 0.133663366336634
8 140 0.133663366336634
8 139 0.123762376237624
8 138 0.128712871287129
8 137 0.123762376237624
8 136 0.123762376237624
8 135 0.123762376237624
8 134 0.123762376237624
8 133 0.133663366336634
8 132 0.123762376237624
8 131 0.138613861386139
8 130 0.133663366336634
8 129 0.128712871287129
8 128 0.133663366336634
8 127 0.128712871287129
8 126 0.123762376237624
8 125 0.133663366336634
8 124 0.123762376237624
8 123 0.108910891089109
8 122 0.123762376237624
8 121 0.118811881188119
8 120 0.133663366336634
8 119 0.128712871287129
8 118 0.123762376237624
8 117 0.128712871287129
8 116 0.123762376237624
8 115 0.118811881188119
8 114 0.123762376237624
8 113 0.123762376237624
8 112 0.123762376237624
8 111 0.123762376237624
8 110 0.123762376237624
8 109 0.123762376237624
8 108 0.118811881188119
8 107 0.118811881188119
8 106 0.123762376237624
8 105 0.118811881188119
8 104 0.123762376237624
8 103 0.118811881188119
8 102 0.113861386138614
8 101 0.118811881188119
8 100 0.113861386138614
8 99 0.113861386138614
8 98 0.118811881188119
8 97 0.113861386138614
8 96 0.128712871287129
8 95 0.113861386138614
8 94 0.108910891089109
8 93 0.113861386138614
8 92 0.113861386138614
8 91 0.108910891089109
8 90 0.113861386138614
8 89 0.118811881188119
8 88 0.108910891089109
8 87 0.123762376237624
8 86 0.099009900990099
8 85 0.113861386138614
8 84 0.118811881188119
8 83 0.108910891089109
8 82 0.113861386138614
8 81 0.108910891089109
8 80 0.123762376237624
8 79 0.113861386138614
8 78 0.113861386138614
8 77 0.108910891089109
8 76 0.118811881188119
8 75 0.108910891089109
8 74 0.103960396039604
8 73 0.113861386138614
8 72 0.103960396039604
8 71 0.103960396039604
8 70 0.0891089108910891
8 69 0.108910891089109
8 68 0.108910891089109
8 67 0.099009900990099
8 66 0.0891089108910891
8 65 0.113861386138614
8 64 0.0940594059405941
8 63 0.103960396039604
8 62 0.113861386138614
8 61 0.099009900990099
8 60 0.118811881188119
8 59 0.118811881188119
8 58 0.123762376237624
8 57 0.123762376237624
8 56 0.118811881188119
8 55 0.123762376237624
8 54 0.118811881188119
8 53 0.128712871287129
8 52 0.128712871287129
8 51 0.113861386138614
8 50 0.118811881188119
8 49 0.123762376237624
8 48 0.118811881188119
8 47 0.108910891089109
8 46 0.099009900990099
8 45 0.113861386138614
8 44 0.113861386138614
8 43 0.113861386138614
8 42 0.099009900990099
8 41 0.103960396039604
8 40 0.0940594059405941
8 39 0.103960396039604
8 38 0.118811881188119
8 37 0.108910891089109
8 36 0.118811881188119
8 35 0.108910891089109
8 34 0.118811881188119
8 33 0.128712871287129
8 32 0.123762376237624
8 31 0.123762376237624
8 30 0.108910891089109
8 29 0.113861386138614
8 28 0.128712871287129
8 27 0.123762376237624
8 26 0.133663366336634
8 25 0.143564356435644
8 24 0.118811881188119
8 23 0.128712871287129
8 22 0.138613861386139
8 21 0.143564356435644
8 20 0.143564356435644
8 19 0.133663366336634
8 18 0.133663366336634
8 17 0.153465346534653
8 16 0.148514851485149
8 15 0.138613861386139
8 14 0.158415841584158
8 13 0.153465346534653
8 12 0.133663366336634
8 11 0.158415841584158
8 10 0.143564356435644
8 9 0.163366336633663
8 8 0.148514851485149
8 7 0.148514851485149
8 6 0.128712871287129
8 5 0.158415841584158
8 4 0.207920792079208
8 3 0.153465346534653
8 2 0.178217821782178
8 1 0.237623762376238
