10 177555 0.232673267326733
10 17756 0.202970297029703
10 1776 0.168316831683168
10 200 0.133663366336634
10 199 0.128712871287129
10 198 0.123762376237624
10 197 0.118811881188119
10 196 0.123762376237624
10 195 0.118811881188119
10 194 0.118811881188119
10 193 0.113861386138614
10 192 0.118811881188119
10 191 0.118811881188119
10 190 0.123762376237624
10 189 0.108910891089109
10 188 0.123762376237624
10 187 0.118811881188119
10 186 0.118811881188119
10 185 0.118811881188119
10 184 0.123762376237624
10 183 0.123762376237624
10 182 0.118811881188119
10 181 0.113861386138614
10 180 0.099009900990099
10 179 0.118811881188119
10 178 0.118811881188119
10 177 0.118811881188119
10 176 0.123762376237624
10 175 0.108910891089109
10 174 0.118811881188119
10 173 0.118811881188119
10 172 0.118811881188119
10 171 0.128712871287129
10 170 0.123762376237624
10 169 0.108910891089109
10 168 0.123762376237624
10 167 0.113861386138614
10 166 0.123762376237624
10 165 0.118811881188119
10 164 0.113861386138614
10 163 0.108910891089109
10 162 0.108910891089109
10 161 0.108910891089109
10 160 0.108910891089109
10 159 0.118811881188119
10 158 0.103960396039604
10 157 0.108910891089109
10 156 0.108910891089109
10 155 0.113861386138614
10 154 0.103960396039604
10 153 0.103960396039604
10 152 0.108910891089109
10 151 0.099009900990099
10 150 0.108910891089109
10 149 0.099009900990099
10 148 0.118811881188119
10 147 0.099009900990099
10 146 0.099009900990099
10 145 0.103960396039604
10 144 0.103960396039604
10 143 0.113861386138614
10 142 0.099009900990099
10 141 0.108910891089109
10 140 0.103960396039604
10 139 0.099009900990099
10 138 0.099009900990099
10 137 0.118811881188119
10 136 0.099009900990099
10 135 0.108910891089109
10 134 0.108910891089109
10 133 0.108910891089109
10 132 0.108910891089109
10 131 0.108910891089109
10 130 0.108910891089109
10 129 0.103960396039604
10 128 0.113861386138614
10 127 0.113861386138614
10 126 0.108910891089109
10 125 0.113861386138614
10 124 0.103960396039604
10 123 0.118811881188119
10 122 0.099009900990099
10 121 0.108910891089109
10 120 0.103960396039604
10 119 0.113861386138614
10 118 0.113861386138614
10 117 0.113861386138614
10 116 0.108910891089109
10 115 0.113861386138614
10 114 0.108910891089109
10 113 0.103960396039604
10 112 0.099009900990099
10 111 0.108910891089109
10 110 0.108910891089109
10 109 0.113861386138614
10 108 0.108910891089109
10 107 0.113861386138614
10 106 0.108910891089109
10 105 0.103960396039604
10 104 0.108910891089109
10 103 0.108910891089109
10 102 0.113861386138614
10 101 0.108910891089109
10 100 0.108910891089109
10 99 0.108910891089109
10 98 0.103960396039604
10 97 0.118811881188119
10 96 0.113861386138614
10 95 0.118811881188119
10 94 0.103960396039604
10 93 0.108910891089109
10 92 0.103960396039604
10 91 0.118811881188119
10 90 0.103960396039604
10 89 0.118811881188119
10 88 0.103960396039604
10 87 0.103960396039604
10 86 0.103960396039604
10 85 0.108910891089109
10 84 0.103960396039604
10 83 0.113861386138614
10 82 0.103960396039604
10 81 0.0940594059405941
10 80 0.113861386138614
10 79 0.108910891089109
10 78 0.103960396039604
10 77 0.103960396039604
10 76 0.103960396039604
10 75 0.0891089108910891
10 74 0.0841584158415842
10 73 0.099009900990099
10 72 0.103960396039604
10 71 0.0940594059405941
10 70 0.0792079207920792
10 69 0.0891089108910891
10 68 0.0940594059405941
10 67 0.103960396039604
10 66 0.0841584158415842
10 65 0.0940594059405941
10 64 0.0891089108910891
10 63 0.0940594059405941
10 62 0.099009900990099
10 61 0.0792079207920792
10 60 0.0841584158415842
10 59 0.0841584158415842
10 58 0.0940594059405941
10 57 0.0891089108910891
10 56 0.0940594059405941
10 55 0.0792079207920792
10 54 0.0841584158415842
10 53 0.0891089108910891
10 52 0.0891089108910891
10 51 0.0891089108910891
10 50 0.0891089108910891
10 49 0.0841584158415842
10 48 0.0742574257425743
10 47 0.0841584158415842
10 46 0.0841584158415842
10 45 0.0940594059405941
10 44 0.0792079207920792
10 43 0.0841584158415842
10 42 0.0841584158415842
10 41 0.0891089108910891
10 40 0.0891089108910891
10 39 0.113861386138614
10 38 0.0891089108910891
10 37 0.103960396039604
10 36 0.103960396039604
10 35 0.0940594059405941
10 34 0.099009900990099
10 33 0.103960396039604
10 32 0.0940594059405941
10 31 0.108910891089109
10 30 0.099009900990099
10 29 0.108910891089109
10 28 0.108910891089109
10 27 0.113861386138614
10 26 0.118811881188119
10 25 0.118811881188119
10 24 0.118811881188119
10 23 0.128712871287129
10 22 0.113861386138614
10 21 0.133663366336634
10 20 0.099009900990099
10 19 0.108910891089109
10 18 0.103960396039604
10 17 0.103960396039604
10 16 0.103960396039604
10 15 0.103960396039604
10 14 0.0940594059405941
10 13 0.113861386138614
10 12 0.143564356435644
10 11 0.153465346534653
10 10 0.148514851485149
10 9 0.163366336633663
10 8 0.123762376237624
10 7 0.113861386138614
10 6 0.128712871287129
10 5 0.153465346534653
10 4 0.212871287128713
10 3 0.143564356435644
10 2 0.193069306930693
10 1 0.222772277227723
