3 177555 0.222772277227723
3 17756 0.207920792079208
3 1776 0.183168316831683
3 200 0.118811881188119
3 199 0.118811881188119
3 198 0.123762376237624
3 197 0.118811881188119
3 196 0.123762376237624
3 195 0.123762376237624
3 194 0.123762376237624
3 193 0.123762376237624
3 192 0.123762376237624
3 191 0.113861386138614
3 190 0.113861386138614
3 189 0.123762376237624
3 188 0.133663366336634
3 187 0.118811881188119
3 186 0.123762376237624
3 185 0.108910891089109
3 184 0.123762376237624
3 183 0.123762376237624
3 182 0.118811881188119
3 181 0.113861386138614
3 180 0.128712871287129
3 179 0.118811881188119
3 178 0.128712871287129
3 177 0.123762376237624
3 176 0.118811881188119
3 175 0.123762376237624
3 174 0.123762376237624
3 173 0.118811881188119
3 172 0.128712871287129
3 171 0.123762376237624
3 170 0.123762376237624
3 169 0.128712871287129
3 168 0.123762376237624
3 167 0.133663366336634
3 166 0.128712871287129
3 165 0.123762376237624
3 164 0.123762376237624
3 163 0.123762376237624
3 162 0.123762376237624
3 161 0.123762376237624
3 160 0.118811881188119
3 159 0.123762376237624
3 158 0.133663366336634
3 157 0.118811881188119
3 156 0.128712871287129
3 155 0.118811881188119
3 154 0.123762376237624
3 153 0.118811881188119
3 152 0.133663366336634
3 151 0.113861386138614
3 150 0.113861386138614
3 149 0.123762376237624
3 148 0.118811881188119
3 147 0.113861386138614
3 146 0.118811881188119
3 145 0.118811881188119
3 144 0.123762376237624
3 143 0.123762376237624
3 142 0.108910891089109
3 141 0.133663366336634
3 140 0.123762376237624
3 139 0.128712871287129
3 138 0.128712871287129
3 137 0.118811881188119
3 136 0.118811881188119
3 135 0.123762376237624
3 134 0.123762376237624
3 133 0.118811881188119
3 132 0.133663366336634
3 131 0.123762376237624
3 130 0.123762376237624
3 129 0.108910891089109
3 128 0.123762376237624
3 127 0.128712871287129
3 126 0.133663366336634
3 125 0.133663366336634
3 124 0.123762376237624
3 123 0.118811881188119
3 122 0.133663366336634
3 121 0.123762376237624
3 120 0.113861386138614
3 119 0.118811881188119
3 118 0.113861386138614
3 117 0.118811881188119
3 116 0.118811881188119
3 115 0.118811881188119
3 114 0.123762376237624
3 113 0.118811881188119
3 112 0.123762376237624
3 111 0.123762376237624
3 110 0.128712871287129
3 109 0.113861386138614
3 108 0.128712871287129
3 107 0.118811881188119
3 106 0.133663366336634
3 105 0.133663366336634
3 104 0.123762376237624
3 103 0.138613861386139
3 102 0.128712871287129
3 101 0.128712871287129
3 100 0.118811881188119
3 99 0.118811881188119
3 98 0.123762376237624
3 97 0.118811881188119
3 96 0.113861386138614
3 95 0.128712871287129
3 94 0.118811881188119
3 93 0.118811881188119
3 92 0.123762376237624
3 91 0.118811881188119
3 90 0.128712871287129
3 89 0.118811881188119
3 88 0.123762376237624
3 87 0.133663366336634
3 86 0.118811881188119
3 85 0.118811881188119
3 84 0.118811881188119
3 83 0.118811881188119
3 82 0.128712871287129
3 81 0.118811881188119
3 80 0.133663366336634
3 79 0.108910891089109
3 78 0.103960396039604
3 77 0.118811881188119
3 76 0.123762376237624
3 75 0.128712871287129
3 74 0.113861386138614
3 73 0.113861386138614
3 72 0.118811881188119
3 71 0.123762376237624
3 70 0.118811881188119
3 69 0.128712871287129
3 68 0.118811881188119
3 67 0.123762376237624
3 66 0.118811881188119
3 65 0.113861386138614
3 64 0.128712871287129
3 63 0.128712871287129
3 62 0.123762376237624
3 61 0.118811881188119
3 60 0.118811881188119
3 59 0.113861386138614
3 58 0.118811881188119
3 57 0.118811881188119
3 56 0.123762376237624
3 55 0.113861386138614
3 54 0.123762376237624
3 53 0.123762376237624
3 52 0.108910891089109
3 51 0.123762376237624
3 50 0.108910891089109
3 49 0.123762376237624
3 48 0.113861386138614
3 47 0.118811881188119
3 46 0.113861386138614
3 45 0.118811881188119
3 44 0.113861386138614
3 43 0.113861386138614
3 42 0.113861386138614
3 41 0.103960396039604
3 40 0.113861386138614
3 39 0.108910891089109
3 38 0.108910891089109
3 37 0.103960396039604
3 36 0.103960396039604
3 35 0.103960396039604
3 34 0.113861386138614
3 33 0.099009900990099
3 32 0.103960396039604
3 31 0.108910891089109
3 30 0.108910891089109
3 29 0.0940594059405941
3 28 0.0891089108910891
3 27 0.103960396039604
3 26 0.0940594059405941
3 25 0.133663366336634
3 24 0.123762376237624
3 23 0.123762376237624
3 22 0.118811881188119
3 21 0.128712871287129
3 20 0.143564356435644
3 19 0.148514851485149
3 18 0.148514851485149
3 17 0.133663366336634
3 16 0.158415841584158
3 15 0.138613861386139
3 14 0.128712871287129
3 13 0.148514851485149
3 12 0.133663366336634
3 11 0.168316831683168
3 10 0.158415841584158
3 9 0.148514851485149
3 8 0.193069306930693
3 7 0.188118811881188
3 6 0.193069306930693
3 5 0.188118811881188
3 4 0.386138613861386
3 3 0.168316831683168
3 2 0.198019801980198
3 1 0.183168316831683
