123 177555 0.227722772277228
123 17756 0.217821782178218
123 1776 0.178217821782178
123 200 0.118811881188119
123 199 0.128712871287129
123 198 0.123762376237624
123 197 0.118811881188119
123 196 0.123762376237624
123 195 0.123762376237624
123 194 0.128712871287129
123 193 0.133663366336634
123 192 0.128712871287129
123 191 0.123762376237624
123 190 0.123762376237624
123 189 0.133663366336634
123 188 0.128712871287129
123 187 0.123762376237624
123 186 0.123762376237624
123 185 0.128712871287129
123 184 0.123762376237624
123 183 0.123762376237624
123 182 0.133663366336634
123 181 0.123762376237624
123 180 0.133663366336634
123 179 0.0940594059405941
123 178 0.123762376237624
123 177 0.128712871287129
123 176 0.123762376237624
123 175 0.123762376237624
123 174 0.113861386138614
123 173 0.128712871287129
123 172 0.118811881188119
123 171 0.123762376237624
123 170 0.128712871287129
123 169 0.128712871287129
123 168 0.113861386138614
123 167 0.128712871287129
123 166 0.123762376237624
123 165 0.113861386138614
123 164 0.123762376237624
123 163 0.133663366336634
123 162 0.128712871287129
123 161 0.128712871287129
123 160 0.123762376237624
123 159 0.123762376237624
123 158 0.123762376237624
123 157 0.128712871287129
123 156 0.133663366336634
123 155 0.123762376237624
123 154 0.118811881188119
123 153 0.123762376237624
123 152 0.113861386138614
123 151 0.113861386138614
123 150 0.113861386138614
123 149 0.118811881188119
123 148 0.123762376237624
123 147 0.113861386138614
123 146 0.113861386138614
123 145 0.118811881188119
123 144 0.123762376237624
123 143 0.123762376237624
123 142 0.113861386138614
123 141 0.123762376237624
123 140 0.113861386138614
123 139 0.123762376237624
123 138 0.118811881188119
123 137 0.118811881188119
123 136 0.128712871287129
123 135 0.113861386138614
123 134 0.123762376237624
123 133 0.113861386138614
123 132 0.113861386138614
123 131 0.118811881188119
123 130 0.118811881188119
123 129 0.123762376237624
123 128 0.118811881188119
123 127 0.123762376237624
123 126 0.113861386138614
123 125 0.128712871287129
123 124 0.123762376237624
123 123 0.123762376237624
123 122 0.128712871287129
123 121 0.123762376237624
123 120 0.103960396039604
123 119 0.113861386138614
123 118 0.108910891089109
123 117 0.123762376237624
123 116 0.118811881188119
123 115 0.108910891089109
123 114 0.113861386138614
123 113 0.123762376237624
123 112 0.118811881188119
123 111 0.113861386138614
123 110 0.123762376237624
123 109 0.108910891089109
123 108 0.113861386138614
123 107 0.113861386138614
123 106 0.113861386138614
123 105 0.118811881188119
123 104 0.108910891089109
123 103 0.113861386138614
123 102 0.113861386138614
123 101 0.113861386138614
123 100 0.113861386138614
123 99 0.118811881188119
123 98 0.113861386138614
123 97 0.113861386138614
123 96 0.108910891089109
123 95 0.108910891089109
123 94 0.113861386138614
123 93 0.113861386138614
123 92 0.108910891089109
123 91 0.108910891089109
123 90 0.0891089108910891
123 89 0.103960396039604
123 88 0.103960396039604
123 87 0.108910891089109
123 86 0.099009900990099
123 85 0.099009900990099
123 84 0.103960396039604
123 83 0.0940594059405941
123 82 0.103960396039604
123 81 0.099009900990099
123 80 0.0940594059405941
123 79 0.108910891089109
123 78 0.0891089108910891
123 77 0.0940594059405941
123 76 0.103960396039604
123 75 0.118811881188119
123 74 0.103960396039604
123 73 0.108910891089109
123 72 0.0891089108910891
123 71 0.108910891089109
123 70 0.0940594059405941
123 69 0.113861386138614
123 68 0.103960396039604
123 67 0.099009900990099
123 66 0.103960396039604
123 65 0.113861386138614
123 64 0.108910891089109
123 63 0.099009900990099
123 62 0.108910891089109
123 61 0.103960396039604
123 60 0.123762376237624
123 59 0.113861386138614
123 58 0.118811881188119
123 57 0.118811881188119
123 56 0.118811881188119
123 55 0.133663366336634
123 54 0.118811881188119
123 53 0.108910891089109
123 52 0.113861386138614
123 51 0.118811881188119
123 50 0.113861386138614
123 49 0.099009900990099
123 48 0.103960396039604
123 47 0.0940594059405941
123 46 0.118811881188119
123 45 0.108910891089109
123 44 0.108910891089109
123 43 0.108910891089109
123 42 0.103960396039604
123 41 0.113861386138614
123 40 0.0940594059405941
123 39 0.099009900990099
123 38 0.108910891089109
123 37 0.108910891089109
123 36 0.103960396039604
123 35 0.118811881188119
123 34 0.099009900990099
123 33 0.103960396039604
123 32 0.108910891089109
123 31 0.103960396039604
123 30 0.113861386138614
123 29 0.099009900990099
123 28 0.103960396039604
123 27 0.113861386138614
123 26 0.108910891089109
123 25 0.103960396039604
123 24 0.133663366336634
123 23 0.113861386138614
123 22 0.103960396039604
123 21 0.113861386138614
123 20 0.0940594059405941
123 19 0.103960396039604
123 18 0.0792079207920792
123 17 0.108910891089109
123 16 0.0891089108910891
123 15 0.108910891089109
123 14 0.128712871287129
123 13 0.113861386138614
123 12 0.123762376237624
123 11 0.148514851485149
123 10 0.128712871287129
123 9 0.123762376237624
123 8 0.133663366336634
123 7 0.128712871287129
123 6 0.133663366336634
123 5 0.138613861386139
123 4 0.158415841584158
123 3 0.188118811881188
123 2 0.207920792079208
123 1 0.232673267326733
