54 177555 0.227722772277228
54 17756 0.188118811881188
54 1776 0.158415841584158
54 200 0.128712871287129
54 199 0.128712871287129
54 198 0.118811881188119
54 197 0.133663366336634
54 196 0.123762376237624
54 195 0.123762376237624
54 194 0.123762376237624
54 193 0.123762376237624
54 192 0.128712871287129
54 191 0.113861386138614
54 190 0.113861386138614
54 189 0.118811881188119
54 188 0.113861386138614
54 187 0.118811881188119
54 186 0.128712871287129
54 185 0.108910891089109
54 184 0.113861386138614
54 183 0.123762376237624
54 182 0.128712871287129
54 181 0.108910891089109
54 180 0.123762376237624
54 179 0.128712871287129
54 178 0.123762376237624
54 177 0.108910891089109
54 176 0.108910891089109
54 175 0.103960396039604
54 174 0.113861386138614
54 173 0.118811881188119
54 172 0.123762376237624
54 171 0.118811881188119
54 170 0.123762376237624
54 169 0.118811881188119
54 168 0.118811881188119
54 167 0.118811881188119
54 166 0.108910891089109
54 165 0.113861386138614
54 164 0.108910891089109
54 163 0.108910891089109
54 162 0.108910891089109
54 161 0.103960396039604
54 160 0.103960396039604
54 159 0.103960396039604
54 158 0.113861386138614
54 157 0.103960396039604
54 156 0.123762376237624
54 155 0.108910891089109
54 154 0.113861386138614
54 153 0.118811881188119
54 152 0.118811881188119
54 151 0.118811881188119
54 150 0.118811881188119
54 149 0.108910891089109
54 148 0.108910891089109
54 147 0.113861386138614
54 146 0.103960396039604
54 145 0.118811881188119
54 144 0.123762376237624
54 143 0.113861386138614
54 142 0.108910891089109
54 141 0.113861386138614
54 140 0.0940594059405941
54 139 0.099009900990099
54 138 0.099009900990099
54 137 0.108910891089109
54 136 0.118811881188119
54 135 0.118811881188119
54 134 0.103960396039604
54 133 0.123762376237624
54 132 0.113861386138614
54 131 0.108910891089109
54 130 0.108910891089109
54 129 0.118811881188119
54 128 0.0940594059405941
54 127 0.099009900990099
54 126 0.108910891089109
54 125 0.099009900990099
54 124 0.103960396039604
54 123 0.113861386138614
54 122 0.113861386138614
54 121 0.113861386138614
54 120 0.113861386138614
54 119 0.0940594059405941
54 118 0.099009900990099
54 117 0.099009900990099
54 116 0.103960396039604
54 115 0.108910891089109
54 114 0.0940594059405941
54 113 0.103960396039604
54 112 0.099009900990099
54 111 0.103960396039604
54 110 0.099009900990099
54 109 0.099009900990099
54 108 0.099009900990099
54 107 0.103960396039604
54 106 0.103960396039604
54 105 0.103960396039604
54 104 0.103960396039604
54 103 0.113861386138614
54 102 0.103960396039604
54 101 0.0792079207920792
54 100 0.113861386138614
54 99 0.0841584158415842
54 98 0.0940594059405941
54 97 0.0891089108910891
54 96 0.0891089108910891
54 95 0.099009900990099
54 94 0.0940594059405941
54 93 0.0891089108910891
54 92 0.103960396039604
54 91 0.103960396039604
54 90 0.108910891089109
54 89 0.103960396039604
54 88 0.113861386138614
54 87 0.103960396039604
54 86 0.108910891089109
54 85 0.099009900990099
54 84 0.108910891089109
54 83 0.108910891089109
54 82 0.103960396039604
54 81 0.103960396039604
54 80 0.113861386138614
54 79 0.118811881188119
54 78 0.0940594059405941
54 77 0.108910891089109
54 76 0.108910891089109
54 75 0.103960396039604
54 74 0.103960396039604
54 73 0.103960396039604
54 72 0.103960396039604
54 71 0.103960396039604
54 70 0.103960396039604
54 69 0.099009900990099
54 68 0.103960396039604
54 67 0.108910891089109
54 66 0.103960396039604
54 65 0.103960396039604
54 64 0.103960396039604
54 63 0.108910891089109
54 62 0.103960396039604
54 61 0.0940594059405941
54 60 0.108910891089109
54 59 0.108910891089109
54 58 0.108910891089109
54 57 0.108910891089109
54 56 0.103960396039604
54 55 0.108910891089109
54 54 0.103960396039604
54 53 0.108910891089109
54 52 0.108910891089109
54 51 0.103960396039604
54 50 0.103960396039604
54 49 0.108910891089109
54 48 0.103960396039604
54 47 0.123762376237624
54 46 0.113861386138614
54 45 0.103960396039604
54 44 0.118811881188119
54 43 0.108910891089109
54 42 0.108910891089109
54 41 0.103960396039604
54 40 0.0940594059405941
54 39 0.0940594059405941
54 38 0.108910891089109
54 37 0.103960396039604
54 36 0.113861386138614
54 35 0.099009900990099
54 34 0.099009900990099
54 33 0.099009900990099
54 32 0.0891089108910891
54 31 0.103960396039604
54 30 0.0841584158415842
54 29 0.0940594059405941
54 28 0.108910891089109
54 27 0.103960396039604
54 26 0.0940594059405941
54 25 0.099009900990099
54 24 0.103960396039604
54 23 0.099009900990099
54 22 0.0940594059405941
54 21 0.0841584158415842
54 20 0.099009900990099
54 19 0.113861386138614
54 18 0.118811881188119
54 17 0.113861386138614
54 16 0.118811881188119
54 15 0.108910891089109
54 14 0.103960396039604
54 13 0.108910891089109
54 12 0.128712871287129
54 11 0.148514851485149
54 10 0.158415841584158
54 9 0.148514851485149
54 8 0.173267326732673
54 7 0.198019801980198
54 6 0.153465346534653
54 5 0.202970297029703
54 4 0.193069306930693
54 3 0.178217821782178
54 2 0.163366336633663
54 1 0.202970297029703
