145 177555 0.242574257425743
145 17756 0.202970297029703
145 1776 0.163366336633663
145 200 0.113861386138614
145 199 0.113861386138614
145 198 0.108910891089109
145 197 0.113861386138614
145 196 0.113861386138614
145 195 0.113861386138614
145 194 0.113861386138614
145 193 0.113861386138614
145 192 0.113861386138614
145 191 0.113861386138614
145 190 0.113861386138614
145 189 0.108910891089109
145 188 0.108910891089109
145 187 0.113861386138614
145 186 0.103960396039604
145 185 0.113861386138614
145 184 0.113861386138614
145 183 0.108910891089109
145 182 0.113861386138614
145 181 0.108910891089109
145 180 0.113861386138614
145 179 0.118811881188119
145 178 0.113861386138614
145 177 0.113861386138614
145 176 0.113861386138614
145 175 0.108910891089109
145 174 0.113861386138614
145 173 0.118811881188119
145 172 0.113861386138614
145 171 0.108910891089109
145 170 0.113861386138614
145 169 0.108910891089109
145 168 0.118811881188119
145 167 0.113861386138614
145 166 0.113861386138614
145 165 0.113861386138614
145 164 0.113861386138614
145 163 0.108910891089109
145 162 0.113861386138614
145 161 0.113861386138614
145 160 0.108910891089109
145 159 0.118811881188119
145 158 0.108910891089109
145 157 0.113861386138614
145 156 0.118811881188119
145 155 0.108910891089109
145 154 0.113861386138614
145 153 0.113861386138614
145 152 0.108910891089109
145 151 0.103960396039604
145 150 0.108910891089109
145 149 0.108910891089109
145 148 0.108910891089109
145 147 0.108910891089109
145 146 0.108910891089109
145 145 0.113861386138614
145 144 0.113861386138614
145 143 0.108910891089109
145 142 0.108910891089109
145 141 0.113861386138614
145 140 0.108910891089109
145 139 0.113861386138614
145 138 0.113861386138614
145 137 0.108910891089109
145 136 0.113861386138614
145 135 0.108910891089109
145 134 0.113861386138614
145 133 0.113861386138614
145 132 0.103960396039604
145 131 0.108910891089109
145 130 0.103960396039604
145 129 0.108910891089109
145 128 0.108910891089109
145 127 0.103960396039604
145 126 0.108910891089109
145 125 0.108910891089109
145 124 0.113861386138614
145 123 0.108910891089109
145 122 0.108910891089109
145 121 0.108910891089109
145 120 0.103960396039604
145 119 0.108910891089109
145 118 0.108910891089109
145 117 0.113861386138614
145 116 0.108910891089109
145 115 0.108910891089109
145 114 0.103960396039604
145 113 0.113861386138614
145 112 0.108910891089109
145 111 0.108910891089109
145 110 0.108910891089109
145 109 0.113861386138614
145 108 0.108910891089109
145 107 0.108910891089109
145 106 0.108910891089109
145 105 0.118811881188119
145 104 0.103960396039604
145 103 0.118811881188119
145 102 0.108910891089109
145 101 0.103960396039604
145 100 0.108910891089109
145 99 0.099009900990099
145 98 0.099009900990099
145 97 0.103960396039604
145 96 0.103960396039604
145 95 0.108910891089109
145 94 0.103960396039604
145 93 0.108910891089109
145 92 0.113861386138614
145 91 0.108910891089109
145 90 0.108910891089109
145 89 0.113861386138614
145 88 0.108910891089109
145 87 0.108910891089109
145 86 0.108910891089109
145 85 0.103960396039604
145 84 0.113861386138614
145 83 0.103960396039604
145 82 0.113861386138614
145 81 0.113861386138614
145 80 0.108910891089109
145 79 0.103960396039604
145 78 0.108910891089109
145 77 0.108910891089109
145 76 0.103960396039604
145 75 0.108910891089109
145 74 0.113861386138614
145 73 0.103960396039604
145 72 0.103960396039604
145 71 0.108910891089109
145 70 0.108910891089109
145 69 0.113861386138614
145 68 0.103960396039604
145 67 0.118811881188119
145 66 0.108910891089109
145 65 0.113861386138614
145 64 0.108910891089109
145 63 0.099009900990099
145 62 0.123762376237624
145 61 0.103960396039604
145 60 0.113861386138614
145 59 0.113861386138614
145 58 0.108910891089109
145 57 0.108910891089109
145 56 0.113861386138614
145 55 0.108910891089109
145 54 0.108910891089109
145 53 0.108910891089109
145 52 0.113861386138614
145 51 0.108910891089109
145 50 0.108910891089109
145 49 0.108910891089109
145 48 0.113861386138614
145 47 0.108910891089109
145 46 0.108910891089109
145 45 0.108910891089109
145 44 0.113861386138614
145 43 0.118811881188119
145 42 0.113861386138614
145 41 0.118811881188119
145 40 0.113861386138614
145 39 0.128712871287129
145 38 0.108910891089109
145 37 0.108910891089109
145 36 0.113861386138614
145 35 0.123762376237624
145 34 0.113861386138614
145 33 0.123762376237624
145 32 0.118811881188119
145 31 0.118811881188119
145 30 0.128712871287129
145 29 0.113861386138614
145 28 0.123762376237624
145 27 0.138613861386139
145 26 0.123762376237624
145 25 0.128712871287129
145 24 0.138613861386139
145 23 0.143564356435644
145 22 0.138613861386139
145 21 0.153465346534653
145 20 0.148514851485149
145 19 0.148514851485149
145 18 0.153465346534653
145 17 0.168316831683168
145 16 0.158415841584158
145 15 0.148514851485149
145 14 0.168316831683168
145 13 0.178217821782178
145 12 0.158415841584158
145 11 0.163366336633663
145 10 0.168316831683168
145 9 0.138613861386139
145 8 0.163366336633663
145 7 0.133663366336634
145 6 0.153465346534653
145 5 0.168316831683168
145 4 0.163366336633663
145 3 0.168316831683168
145 2 0.153465346534653
145 1 0.237623762376238
